0,1,0,1,0,1,0,1,0,1,0,1,0,1,0 | 8,45,12,55,12,55,12,55,12,55,12,55,12,42,4 | S=(0,0);(0,1);(14,2) | I=(12,0) | sp=1,1,1 | ip=1
0,1,0,1,0,1,0,1,0,1,0,1,0,1,0 | 12,55,12,55,12,55,12,55,12,55,12,55,12,42,4 | S=(0,0);(0,1);(14,2) | I=(12,0) | sp=1,1,1 | ip=1
0,1,0,1,0,1,0,1,0,1,0,1,0,1,0 | 12,55,12,55,12,55,12,55,12,55,12,55,12,42,4 | S=(0,0);(0,1);(14,2) | I=(12,0) | sp=1,882,1 | ip=1
0,1,0,1,0,1,0,1,0,1,0,1,0,1,0 | 12,55,12,55,12,55,12,55,12,55,12,55,12,42,4 | S=(0,0);(0,1);(14,2) | I=(12,0) | sp=1,883,1 | ip=1
0,1,0,1,0,1,0,1,0,1,0,1,0,1,0 | 12,55,12,55,12,55,12,55,12,55,12,55,12,42,4 | S=(0,0);(0,1);(14,2) | I=(12,0) | sp=1,884,1 | ip=1
0,1,0,1,0,1,0,1,0,1,0,1,0,1,0 | 12,55,12,55,12,55,12,55,12,55,12,55,12,42,4 | S=(0,0);(0,1);(14,2) | I=(12,0) | sp=1,24,1 | ip=1
0,1,0,1,0,1,0,1,0,1,0,1,0,1,0 | 12,55,12,55,12,55,12,55,12,55,12,55,12,42,4 | S=(0,0);(0,1);(14,2) | I=(12,0) | sp=1,93,1 | ip=1
0,1,0,1,0,1,0,1,0,1,0,1,0,1,0 | 12,55,12,55,12,55,12,55,12,55,12,55,12,42,4 | S=(0,0);(0,1);(14,2) | I=(12,0) | sp=1,9912,1 | ip=1
0,1,0,1,0,1,0,1,0,1,0,1,0,1,0 | 12,55,12,55,12,55,12,55,12,55,12,55,12,42,4 | S=(0,0);(0,1);(14,2) | I=(12,0) | sp=1,918,1 | ip=1
0,1,0,1,0,1,0,1,0,1,0,1,0,1,0 | 12,55,12,55,12,55,12,55,12,55,12,55,12,42,4 | S=(0,0);(0,1);(14,2) | I=(12,0) | sp=1,920,1 | ip=1
0,1,0,1,0,1,0,1,0,1,0,1,0,1,0 | 12,55,12,55,12,55,12,55,12,55,12,55,12,42,4 | S=(0,0);(0,1);(14,2) | I=(12,0) | sp=1,921,1 | ip=1
0,1,0,1,0,1,0,1,0,1,0,1,0,1,0 | 12,55,12,55,12,55,12,55,12,55,12,55,12,42,4 | S=(0,0);(0,1);(14,2) | I=(12,0) | sp=1,922,1 | ip=1
0,1,0,1,0,1,0,1,0,1,0,1,0,1,0 | 12,55,12,55,12,55,12,55,12,55,12,55,12,42,4 | S=(0,0);(0,1);(14,2) | I=(12,0) | sp=882,1,1 | ip=1
0,1,0,1,0,1,0,1,0,1,0,1,0,1,0 | 12,55,12,55,12,55,12,55,12,55,12,55,12,42,4 | S=(0,0);(0,1);(14,2) | I=(12,0) | sp=882,882,1 | ip=1
0,1,0,1,0,1,0,1,0,1,0,1,0,1,0 | 12,55,12,55,12,55,12,55,12,55,12,55,12,42,4 | S=(0,0);(0,1);(14,2) | I=(12,0) | sp=882,883,1 | ip=1
0,1,0,1,0,1,0,1,0,1,0,1,0,1,0 | 12,55,12,55,12,55,12,55,12,55,12,55,12,42,4 | S=(0,0);(0,1);(14,2) | I=(12,0) | sp=882,93,1 | ip=1
0,1,0,1,0,1,0,1,0,1,0,1,0,1,0 | 12,55,12,55,12,55,12,55,12,55,12,55,12,42,4 | S=(0,0);(0,1);(14,2) | I=(12,0) | sp=883,1,1 | ip=1
0,1,0,1,0,1,0,1,0,1,0,1,0,1,0 | 12,55,12,55,12,55,12,55,12,55,12,55,12,42,4 | S=(0,0);(0,1);(14,2) | I=(12,0) | sp=883,882,1 | ip=1
0,1,0,1,0,1,0,1,0,1,0,1,0,1,0 | 12,55,12,55,12,55,12,55,12,55,12,55,12,42,4 | S=(0,0);(0,1);(14,2) | I=(12,0) | sp=884,1,1 | ip=1
0,1,0,1,0,1,0,1,0,1,0,1,0,1,0 | 12,55,12,55,12,55,12,55,12,55,12,55,12,42,4 | S=(0,0);(0,1);(14,2) | I=(12,0) | sp=24,1,1 | ip=1
0,1,0,1,0,1,0,1,0,1,0,1,0,1,0 | 12,55,12,55,12,55,12,55,12,55,12,55,12,42,4 | S=(0,0);(0,1);(14,2) | I=(12,0) | sp=93,1,1 | ip=1
0,1,0,1,0,1,0,1,0,1,0,1,0,1,0 | 12,55,12,55,12,55,12,55,12,55,12,55,12,42,4 | S=(0,0);(0,1);(14,2) | I=(12,0) | sp=93,882,1 | ip=1
0,1,0,1,0,1,0,1,0,1,0,1,0,1,0 | 12,55,12,55,12,55,12,55,12,55,12,55,12,42,4 | S=(0,0);(0,1);(14,2) | I=(12,0) | sp=9912,1,1 | ip=1
0,1,0,1,0,1,0,1,0,1,0,1,0,1,0 | 12,55,12,55,12,55,12,55,12,55,12,55,12,42,4 | S=(0,0);(0,1);(14,2) | I=(12,0) | sp=918,1,1 | ip=1
0,1,0,1,0,1,0,1,0,1,0,1,0,1,0 | 12,55,12,55,12,55,12,55,12,55,12,55,12,42,4 | S=(0,0);(0,1);(14,2) | I=(12,0) | sp=920,1,1 | ip=1
0,1,0,1,0,1,0,1,0,1,0,1,0,1,0 | 12,55,12,55,12,55,12,55,12,55,12,55,12,42,4 | S=(0,0);(0,1);(14,2) | I=(12,0) | sp=921,1,1 | ip=1
0,1,0,1,0,1,0,1,0,1,0,1,0,1,0 | 12,55,12,55,12,55,12,55,12,55,12,55,12,42,4 | S=(0,0);(0,1);(14,2) | I=(12,0) | sp=922,1,1 | ip=1
