0 | 4 | S=(0,0);(0,1);(0,2) | I= | sp=1,1,882 | ip=
0 | 4 | S=(0,0);(0,1);(0,2) | I= | sp=1,1,22 | ip=
0 | 4 | S=(0,0);(0,1);(0,2) | I= | sp=1,1,32 | ip=
0 | 4 | S=(0,0);(0,1);(0,2) | I= | sp=1,1,42 | ip=
0 | 4 | S=(0,0);(0,1);(0,2) | I= | sp=1,1,92 | ip=
0 | 4 | S=(0,0);(0,1);(0,2) | I= | sp=1,882,1 | ip=
0 | 4 | S=(0,0);(0,1);(0,2) | I= | sp=1,22,1 | ip=
0 | 4 | S=(0,0);(0,1);(0,2) | I= | sp=1,32,1 | ip=
0 | 4 | S=(0,0);(0,1);(0,2) | I= | sp=1,42,1 | ip=
0 | 4 | S=(0,0);(0,1);(0,2) | I= | sp=1,92,1 | ip=
0 | 4 | S=(0,0);(0,1);(0,2) | I= | sp=1,912,912 | ip=
0 | 4 | S=(0,0);(0,1);(0,2) | I= | sp=882,1,1 | ip=
0 | 4 | S=(0,0);(0,1);(0,2) | I= | sp=22,1,1 | ip=
0 | 4 | S=(0,0);(0,1);(0,2) | I= | sp=32,1,1 | ip=
0 | 4 | S=(0,0);(0,1);(0,2) | I= | sp=42,1,1 | ip=
0 | 4 | S=(0,0);(0,1);(0,2) | I= | sp=92,1,1 | ip=
0 | 4 | S=(0,0);(0,1);(0,2) | I= | sp=912,1,912 | ip=
0 | 4 | S=(0,0);(0,1);(0,2) | I= | sp=912,912,1 | ip=
0 | 6 | S=(0,0);(0,1);(0,2) | I= | sp=1,1,884 | ip=
0 | 6 | S=(0,0);(0,1);(0,2) | I= | sp=1,1,24 | ip=
0 | 6 | S=(0,0);(0,1);(0,2) | I= | sp=1,1,993 | ip=
0 | 6 | S=(0,0);(0,1);(0,2) | I= | sp=1,1,911 | ip=
0 | 6 | S=(0,0);(0,1);(0,2) | I= | sp=1,1,913 | ip=
0 | 6 | S=(0,0);(0,1);(0,2) | I= | sp=1,1,34 | ip=
0 | 6 | S=(0,0);(0,1);(0,2) | I= | sp=1,1,44 | ip=
0 | 6 | S=(0,0);(0,1);(0,2) | I= | sp=1,1,54 | ip=
0 | 6 | S=(0,0);(0,1);(0,2) | I= | sp=1,1,99920 | ip=
0 | 6 | S=(0,0);(0,1);(0,2) | I= | sp=1,1,994 | ip=
0 | 6 | S=(0,0);(0,1);(0,2) | I= | sp=1,1,9914 | ip=
0 | 6 | S=(0,0);(0,1);(0,2) | I= | sp=1,1,935 | ip=
0 | 6 | S=(0,0);(0,1);(0,2) | I= | sp=1,1,944 | ip=
0 | 6 | S=(0,0);(0,1);(0,2) | I= | sp=1,1,9917 | ip=
0 | 6 | S=(0,0);(0,1);(0,2) | I= | sp=1,1,955 | ip=
0 | 6 | S=(0,0);(0,1);(0,2) | I= | sp=1,882,883 | ip=
0 | 6 | S=(0,0);(0,1);(0,2) | I= | sp=1,882,23 | ip=
0 | 6 | S=(0,0);(0,1);(0,2) | I= | sp=1,882,33 | ip=
0 | 6 | S=(0,0);(0,1);(0,2) | I= | sp=1,882,915 | ip=
0 | 6 | S=(0,0);(0,1);(0,2) | I= | sp=1,882,331 | ip=
0 | 6 | S=(0,0);(0,1);(0,2) | I= | sp=1,882,43 | ip=
0 | 6 | S=(0,0);(0,1);(0,2) | I= | sp=1,882,53 | ip=
0 | 6 | S=(0,0);(0,1);(0,2) | I= | sp=1,882,99910 | ip=
0 | 6 | S=(0,0);(0,1);(0,2) | I= | sp=1,882,943 | ip=
0 | 6 | S=(0,0);(0,1);(0,2) | I= | sp=1,883,882 | ip=
0 | 6 | S=(0,0);(0,1);(0,2) | I= | sp=1,883,22 | ip=
0 | 6 | S=(0,0);(0,1);(0,2) | I= | sp=1,884,1 | ip=
0 | 6 | S=(0,0);(0,1);(0,2) | I= | sp=1,22,883 | ip=
0 | 6 | S=(0,0);(0,1);(0,2) | I= | sp=1,22,23 | ip=
0 | 6 | S=(0,0);(0,1);(0,2) | I= | sp=1,22,33 | ip=
0 | 6 | S=(0,0);(0,1);(0,2) | I= | sp=1,22,915 | ip=
0 | 6 | S=(0,0);(0,1);(0,2) | I= | sp=1,22,331 | ip=
0 | 6 | S=(0,0);(0,1);(0,2) | I= | sp=1,22,43 | ip=
0 | 6 | S=(0,0);(0,1);(0,2) | I= | sp=1,22,53 | ip=
0 | 6 | S=(0,0);(0,1);(0,2) | I= | sp=1,22,99910 | ip=
0 | 6 | S=(0,0);(0,1);(0,2) | I= | sp=1,22,943 | ip=
0 | 6 | S=(0,0);(0,1);(0,2) | I= | sp=1,23,882 | ip=
0 | 6 | S=(0,0);(0,1);(0,2) | I= | sp=1,23,22 | ip=
0 | 6 | S=(0,0);(0,1);(0,2) | I= | sp=1,33,882 | ip=
0 | 6 | S=(0,0);(0,1);(0,2) | I= | sp=1,33,22 | ip=
0 | 6 | S=(0,0);(0,1);(0,2) | I= | sp=1,24,1 | ip=
0 | 6 | S=(0,0);(0,1);(0,2) | I= | sp=1,993,1 | ip=
0 | 6 | S=(0,0);(0,1);(0,2) | I= | sp=1,93,912 | ip=
0 | 6 | S=(0,0);(0,1);(0,2) | I= | sp=1,97,97 | ip=
0 | 6 | S=(0,0);(0,1);(0,2) | I= | sp=1,98,934 | ip=
0 | 6 | S=(0,0);(0,1);(0,2) | I= | sp=1,911,1 | ip=
0 | 6 | S=(0,0);(0,1);(0,2) | I= | sp=1,912,93 | ip=
0 | 6 | S=(0,0);(0,1);(0,2) | I= | sp=1,912,9913 | ip=
0 | 6 | S=(0,0);(0,1);(0,2) | I= | sp=1,912,925 | ip=
0 | 6 | S=(0,0);(0,1);(0,2) | I= | sp=1,912,956 | ip=
0 | 6 | S=(0,0);(0,1);(0,2) | I= | sp=1,913,1 | ip=
0 | 6 | S=(0,0);(0,1);(0,2) | I= | sp=1,915,882 | ip=
0 | 6 | S=(0,0);(0,1);(0,2) | I= | sp=1,915,22 | ip=
0 | 6 | S=(0,0);(0,1);(0,2) | I= | sp=1,331,882 | ip=
0 | 6 | S=(0,0);(0,1);(0,2) | I= | sp=1,331,22 | ip=
0 | 6 | S=(0,0);(0,1);(0,2) | I= | sp=1,43,882 | ip=
0 | 6 | S=(0,0);(0,1);(0,2) | I= | sp=1,43,22 | ip=
0 | 6 | S=(0,0);(0,1);(0,2) | I= | sp=1,34,1 | ip=
0 | 6 | S=(0,0);(0,1);(0,2) | I= | sp=1,44,1 | ip=
0 | 6 | S=(0,0);(0,1);(0,2) | I= | sp=1,53,882 | ip=
0 | 6 | S=(0,0);(0,1);(0,2) | I= | sp=1,53,22 | ip=
0 | 6 | S=(0,0);(0,1);(0,2) | I= | sp=1,54,1 | ip=
0 | 6 | S=(0,0);(0,1);(0,2) | I= | sp=1,99910,882 | ip=
0 | 6 | S=(0,0);(0,1);(0,2) | I= | sp=1,99910,22 | ip=
0 | 6 | S=(0,0);(0,1);(0,2) | I= | sp=1,99920,1 | ip=
0 | 6 | S=(0,0);(0,1);(0,2) | I= | sp=1,994,1 | ip=
0 | 6 | S=(0,0);(0,1);(0,2) | I= | sp=1,9913,912 | ip=
0 | 6 | S=(0,0);(0,1);(0,2) | I= | sp=1,9914,1 | ip=
0 | 6 | S=(0,0);(0,1);(0,2) | I= | sp=1,925,912 | ip=
0 | 6 | S=(0,0);(0,1);(0,2) | I= | sp=1,934,98 | ip=
0 | 6 | S=(0,0);(0,1);(0,2) | I= | sp=1,934,938 | ip=
0 | 6 | S=(0,0);(0,1);(0,2) | I= | sp=1,935,1 | ip=
0 | 6 | S=(0,0);(0,1);(0,2) | I= | sp=1,938,934 | ip=
0 | 6 | S=(0,0);(0,1);(0,2) | I= | sp=1,943,882 | ip=
0 | 6 | S=(0,0);(0,1);(0,2) | I= | sp=1,943,22 | ip=
0 | 6 | S=(0,0);(0,1);(0,2) | I= | sp=1,944,1 | ip=
0 | 6 | S=(0,0);(0,1);(0,2) | I= | sp=1,9917,1 | ip=
0 | 6 | S=(0,0);(0,1);(0,2) | I= | sp=1,955,1 | ip=
0 | 6 | S=(0,0);(0,1);(0,2) | I= | sp=1,956,912 | ip=
0 | 6 | S=(0,0);(0,1);(0,2) | I= | sp=882,1,883 | ip=
0 | 6 | S=(0,0);(0,1);(0,2) | I= | sp=882,1,23 | ip=
0 | 6 | S=(0,0);(0,1);(0,2) | I= | sp=882,1,33 | ip=
0 | 6 | S=(0,0);(0,1);(0,2) | I= | sp=882,1,915 | ip=
0 | 6 | S=(0,0);(0,1);(0,2) | I= | sp=882,1,331 | ip=
0 | 6 | S=(0,0);(0,1);(0,2) | I= | sp=882,1,43 | ip=
0 | 6 | S=(0,0);(0,1);(0,2) | I= | sp=882,1,53 | ip=
0 | 6 | S=(0,0);(0,1);(0,2) | I= | sp=882,1,99910 | ip=
0 | 6 | S=(0,0);(0,1);(0,2) | I= | sp=882,1,943 | ip=
0 | 6 | S=(0,0);(0,1);(0,2) | I= | sp=882,882,882 | ip=
0 | 6 | S=(0,0);(0,1);(0,2) | I= | sp=882,882,22 | ip=
0 | 6 | S=(0,0);(0,1);(0,2) | I= | sp=882,883,1 | ip=
0 | 6 | S=(0,0);(0,1);(0,2) | I= | sp=882,22,882 | ip=
0 | 6 | S=(0,0);(0,1);(0,2) | I= | sp=882,22,22 | ip=
0 | 6 | S=(0,0);(0,1);(0,2) | I= | sp=882,23,1 | ip=
0 | 6 | S=(0,0);(0,1);(0,2) | I= | sp=882,33,1 | ip=
0 | 6 | S=(0,0);(0,1);(0,2) | I= | sp=882,97,912 | ip=
0 | 6 | S=(0,0);(0,1);(0,2) | I= | sp=882,912,97 | ip=
0 | 6 | S=(0,0);(0,1);(0,2) | I= | sp=882,915,1 | ip=
0 | 6 | S=(0,0);(0,1);(0,2) | I= | sp=882,331,1 | ip=
0 | 6 | S=(0,0);(0,1);(0,2) | I= | sp=882,43,1 | ip=
0 | 6 | S=(0,0);(0,1);(0,2) | I= | sp=882,53,1 | ip=
0 | 6 | S=(0,0);(0,1);(0,2) | I= | sp=882,99910,1 | ip=
0 | 6 | S=(0,0);(0,1);(0,2) | I= | sp=882,943,1 | ip=
0 | 6 | S=(0,0);(0,1);(0,2) | I= | sp=883,1,882 | ip=
0 | 6 | S=(0,0);(0,1);(0,2) | I= | sp=883,1,22 | ip=
0 | 6 | S=(0,0);(0,1);(0,2) | I= | sp=883,882,1 | ip=
0 | 6 | S=(0,0);(0,1);(0,2) | I= | sp=883,22,1 | ip=
0 | 6 | S=(0,0);(0,1);(0,2) | I= | sp=883,912,912 | ip=
0 | 6 | S=(0,0);(0,1);(0,2) | I= | sp=884,1,1 | ip=
0 | 6 | S=(0,0);(0,1);(0,2) | I= | sp=22,1,883 | ip=
0 | 6 | S=(0,0);(0,1);(0,2) | I= | sp=22,1,23 | ip=
0 | 6 | S=(0,0);(0,1);(0,2) | I= | sp=22,1,33 | ip=
0 | 6 | S=(0,0);(0,1);(0,2) | I= | sp=22,1,915 | ip=
0 | 6 | S=(0,0);(0,1);(0,2) | I= | sp=22,1,331 | ip=
0 | 6 | S=(0,0);(0,1);(0,2) | I= | sp=22,1,43 | ip=
0 | 6 | S=(0,0);(0,1);(0,2) | I= | sp=22,1,53 | ip=
0 | 6 | S=(0,0);(0,1);(0,2) | I= | sp=22,1,99910 | ip=
0 | 6 | S=(0,0);(0,1);(0,2) | I= | sp=22,1,943 | ip=
0 | 6 | S=(0,0);(0,1);(0,2) | I= | sp=22,882,882 | ip=
0 | 6 | S=(0,0);(0,1);(0,2) | I= | sp=22,882,22 | ip=
0 | 6 | S=(0,0);(0,1);(0,2) | I= | sp=22,883,1 | ip=
0 | 6 | S=(0,0);(0,1);(0,2) | I= | sp=22,22,882 | ip=
0 | 6 | S=(0,0);(0,1);(0,2) | I= | sp=22,22,22 | ip=
0 | 6 | S=(0,0);(0,1);(0,2) | I= | sp=22,23,1 | ip=
0 | 6 | S=(0,0);(0,1);(0,2) | I= | sp=22,33,1 | ip=
0 | 6 | S=(0,0);(0,1);(0,2) | I= | sp=22,97,912 | ip=
0 | 6 | S=(0,0);(0,1);(0,2) | I= | sp=22,912,97 | ip=
0 | 6 | S=(0,0);(0,1);(0,2) | I= | sp=22,915,1 | ip=
0 | 6 | S=(0,0);(0,1);(0,2) | I= | sp=22,331,1 | ip=
0 | 6 | S=(0,0);(0,1);(0,2) | I= | sp=22,43,1 | ip=
0 | 6 | S=(0,0);(0,1);(0,2) | I= | sp=22,53,1 | ip=
0 | 6 | S=(0,0);(0,1);(0,2) | I= | sp=22,99910,1 | ip=
0 | 6 | S=(0,0);(0,1);(0,2) | I= | sp=22,943,1 | ip=
0 | 6 | S=(0,0);(0,1);(0,2) | I= | sp=23,1,882 | ip=
0 | 6 | S=(0,0);(0,1);(0,2) | I= | sp=23,1,22 | ip=
0 | 6 | S=(0,0);(0,1);(0,2) | I= | sp=23,882,1 | ip=
0 | 6 | S=(0,0);(0,1);(0,2) | I= | sp=23,22,1 | ip=
0 | 6 | S=(0,0);(0,1);(0,2) | I= | sp=23,912,912 | ip=
0 | 6 | S=(0,0);(0,1);(0,2) | I= | sp=33,1,882 | ip=
0 | 6 | S=(0,0);(0,1);(0,2) | I= | sp=33,1,22 | ip=
0 | 6 | S=(0,0);(0,1);(0,2) | I= | sp=33,882,1 | ip=
0 | 6 | S=(0,0);(0,1);(0,2) | I= | sp=33,22,1 | ip=
0 | 6 | S=(0,0);(0,1);(0,2) | I= | sp=33,912,912 | ip=
0 | 6 | S=(0,0);(0,1);(0,2) | I= | sp=24,1,1 | ip=
0 | 6 | S=(0,0);(0,1);(0,2) | I= | sp=993,1,1 | ip=
0 | 6 | S=(0,0);(0,1);(0,2) | I= | sp=93,1,912 | ip=
0 | 6 | S=(0,0);(0,1);(0,2) | I= | sp=93,912,1 | ip=
0 | 6 | S=(0,0);(0,1);(0,2) | I= | sp=97,1,97 | ip=
0 | 6 | S=(0,0);(0,1);(0,2) | I= | sp=97,882,912 | ip=
0 | 6 | S=(0,0);(0,1);(0,2) | I= | sp=97,22,912 | ip=
0 | 6 | S=(0,0);(0,1);(0,2) | I= | sp=97,97,1 | ip=
0 | 6 | S=(0,0);(0,1);(0,2) | I= | sp=97,912,882 | ip=
0 | 6 | S=(0,0);(0,1);(0,2) | I= | sp=97,912,22 | ip=
0 | 6 | S=(0,0);(0,1);(0,2) | I= | sp=98,1,934 | ip=
0 | 6 | S=(0,0);(0,1);(0,2) | I= | sp=98,934,1 | ip=
0 | 6 | S=(0,0);(0,1);(0,2) | I= | sp=911,1,1 | ip=
0 | 6 | S=(0,0);(0,1);(0,2) | I= | sp=912,1,93 | ip=
0 | 6 | S=(0,0);(0,1);(0,2) | I= | sp=912,1,9913 | ip=
0 | 6 | S=(0,0);(0,1);(0,2) | I= | sp=912,1,925 | ip=
0 | 6 | S=(0,0);(0,1);(0,2) | I= | sp=912,1,956 | ip=
0 | 6 | S=(0,0);(0,1);(0,2) | I= | sp=912,882,97 | ip=
0 | 6 | S=(0,0);(0,1);(0,2) | I= | sp=912,883,912 | ip=
0 | 6 | S=(0,0);(0,1);(0,2) | I= | sp=912,22,97 | ip=
0 | 6 | S=(0,0);(0,1);(0,2) | I= | sp=912,23,912 | ip=
0 | 6 | S=(0,0);(0,1);(0,2) | I= | sp=912,33,912 | ip=
0 | 6 | S=(0,0);(0,1);(0,2) | I= | sp=912,93,1 | ip=
0 | 6 | S=(0,0);(0,1);(0,2) | I= | sp=912,97,882 | ip=
0 | 6 | S=(0,0);(0,1);(0,2) | I= | sp=912,97,22 | ip=
0 | 6 | S=(0,0);(0,1);(0,2) | I= | sp=912,912,883 | ip=
0 | 6 | S=(0,0);(0,1);(0,2) | I= | sp=912,912,23 | ip=
0 | 6 | S=(0,0);(0,1);(0,2) | I= | sp=912,912,33 | ip=
0 | 6 | S=(0,0);(0,1);(0,2) | I= | sp=912,912,915 | ip=
0 | 6 | S=(0,0);(0,1);(0,2) | I= | sp=912,912,331 | ip=
0 | 6 | S=(0,0);(0,1);(0,2) | I= | sp=912,912,43 | ip=
0 | 6 | S=(0,0);(0,1);(0,2) | I= | sp=912,912,53 | ip=
0 | 6 | S=(0,0);(0,1);(0,2) | I= | sp=912,912,99910 | ip=
0 | 6 | S=(0,0);(0,1);(0,2) | I= | sp=912,912,943 | ip=
0 | 6 | S=(0,0);(0,1);(0,2) | I= | sp=912,915,912 | ip=
0 | 6 | S=(0,0);(0,1);(0,2) | I= | sp=912,331,912 | ip=
0 | 6 | S=(0,0);(0,1);(0,2) | I= | sp=912,43,912 | ip=
0 | 6 | S=(0,0);(0,1);(0,2) | I= | sp=912,53,912 | ip=
0 | 6 | S=(0,0);(0,1);(0,2) | I= | sp=912,99910,912 | ip=
0 | 6 | S=(0,0);(0,1);(0,2) | I= | sp=912,9913,1 | ip=
0 | 6 | S=(0,0);(0,1);(0,2) | I= | sp=912,925,1 | ip=
0 | 6 | S=(0,0);(0,1);(0,2) | I= | sp=912,943,912 | ip=
0 | 6 | S=(0,0);(0,1);(0,2) | I= | sp=912,956,1 | ip=
0 | 6 | S=(0,0);(0,1);(0,2) | I= | sp=913,1,1 | ip=
0 | 6 | S=(0,0);(0,1);(0,2) | I= | sp=915,1,882 | ip=
0 | 6 | S=(0,0);(0,1);(0,2) | I= | sp=915,1,22 | ip=
0 | 6 | S=(0,0);(0,1);(0,2) | I= | sp=915,882,1 | ip=
0 | 6 | S=(0,0);(0,1);(0,2) | I= | sp=915,22,1 | ip=
0 | 6 | S=(0,0);(0,1);(0,2) | I= | sp=915,912,912 | ip=
0 | 6 | S=(0,0);(0,1);(0,2) | I= | sp=331,1,882 | ip=
0 | 6 | S=(0,0);(0,1);(0,2) | I= | sp=331,1,22 | ip=
0 | 6 | S=(0,0);(0,1);(0,2) | I= | sp=331,882,1 | ip=
0 | 6 | S=(0,0);(0,1);(0,2) | I= | sp=331,22,1 | ip=
0 | 6 | S=(0,0);(0,1);(0,2) | I= | sp=331,912,912 | ip=
0 | 6 | S=(0,0);(0,1);(0,2) | I= | sp=43,1,882 | ip=
0 | 6 | S=(0,0);(0,1);(0,2) | I= | sp=43,1,22 | ip=
0 | 6 | S=(0,0);(0,1);(0,2) | I= | sp=43,882,1 | ip=
0 | 6 | S=(0,0);(0,1);(0,2) | I= | sp=43,22,1 | ip=
0 | 6 | S=(0,0);(0,1);(0,2) | I= | sp=43,912,912 | ip=
0 | 6 | S=(0,0);(0,1);(0,2) | I= | sp=34,1,1 | ip=
0 | 6 | S=(0,0);(0,1);(0,2) | I= | sp=44,1,1 | ip=
0 | 6 | S=(0,0);(0,1);(0,2) | I= | sp=53,1,882 | ip=
0 | 6 | S=(0,0);(0,1);(0,2) | I= | sp=53,1,22 | ip=
0 | 6 | S=(0,0);(0,1);(0,2) | I= | sp=53,882,1 | ip=
0 | 6 | S=(0,0);(0,1);(0,2) | I= | sp=53,22,1 | ip=
0 | 6 | S=(0,0);(0,1);(0,2) | I= | sp=53,912,912 | ip=
0 | 6 | S=(0,0);(0,1);(0,2) | I= | sp=54,1,1 | ip=
0 | 6 | S=(0,0);(0,1);(0,2) | I= | sp=99910,1,882 | ip=
0 | 6 | S=(0,0);(0,1);(0,2) | I= | sp=99910,1,22 | ip=
0 | 6 | S=(0,0);(0,1);(0,2) | I= | sp=99910,882,1 | ip=
0 | 6 | S=(0,0);(0,1);(0,2) | I= | sp=99910,22,1 | ip=
0 | 6 | S=(0,0);(0,1);(0,2) | I= | sp=99910,912,912 | ip=
0 | 6 | S=(0,0);(0,1);(0,2) | I= | sp=99920,1,1 | ip=
0 | 6 | S=(0,0);(0,1);(0,2) | I= | sp=994,1,1 | ip=
0 | 6 | S=(0,0);(0,1);(0,2) | I= | sp=9913,1,912 | ip=
0 | 6 | S=(0,0);(0,1);(0,2) | I= | sp=9913,912,1 | ip=
0 | 6 | S=(0,0);(0,1);(0,2) | I= | sp=9914,1,1 | ip=
0 | 6 | S=(0,0);(0,1);(0,2) | I= | sp=925,1,912 | ip=
0 | 6 | S=(0,0);(0,1);(0,2) | I= | sp=925,912,1 | ip=
0 | 6 | S=(0,0);(0,1);(0,2) | I= | sp=934,1,98 | ip=
0 | 6 | S=(0,0);(0,1);(0,2) | I= | sp=934,1,938 | ip=
0 | 6 | S=(0,0);(0,1);(0,2) | I= | sp=934,98,1 | ip=
0 | 6 | S=(0,0);(0,1);(0,2) | I= | sp=934,938,1 | ip=
0 | 6 | S=(0,0);(0,1);(0,2) | I= | sp=935,1,1 | ip=
0 | 6 | S=(0,0);(0,1);(0,2) | I= | sp=938,1,934 | ip=
0 | 6 | S=(0,0);(0,1);(0,2) | I= | sp=938,934,1 | ip=
0 | 6 | S=(0,0);(0,1);(0,2) | I= | sp=943,1,882 | ip=
0 | 6 | S=(0,0);(0,1);(0,2) | I= | sp=943,1,22 | ip=
0 | 6 | S=(0,0);(0,1);(0,2) | I= | sp=943,882,1 | ip=
0 | 6 | S=(0,0);(0,1);(0,2) | I= | sp=943,22,1 | ip=
0 | 6 | S=(0,0);(0,1);(0,2) | I= | sp=943,912,912 | ip=
0 | 6 | S=(0,0);(0,1);(0,2) | I= | sp=944,1,1 | ip=
0 | 6 | S=(0,0);(0,1);(0,2) | I= | sp=9917,1,1 | ip=
0 | 6 | S=(0,0);(0,1);(0,2) | I= | sp=955,1,1 | ip=
0 | 6 | S=(0,0);(0,1);(0,2) | I= | sp=956,1,912 | ip=
0 | 6 | S=(0,0);(0,1);(0,2) | I= | sp=956,912,1 | ip=
0 | 7 | S=(0,0);(0,1);(0,2) | I= | sp=1,1,885 | ip=
0 | 7 | S=(0,0);(0,1);(0,2) | I= | sp=1,1,96 | ip=
0 | 7 | S=(0,0);(0,1);(0,2) | I= | sp=1,1,99 | ip=
0 | 7 | S=(0,0);(0,1);(0,2) | I= | sp=1,1,35 | ip=
0 | 7 | S=(0,0);(0,1);(0,2) | I= | sp=1,1,45 | ip=
0 | 7 | S=(0,0);(0,1);(0,2) | I= | sp=1,1,55 | ip=
0 | 7 | S=(0,0);(0,1);(0,2) | I= | sp=1,1,99930 | ip=
0 | 7 | S=(0,0);(0,1);(0,2) | I= | sp=1,1,995 | ip=
0 | 7 | S=(0,0);(0,1);(0,2) | I= | sp=1,1,926 | ip=
0 | 7 | S=(0,0);(0,1);(0,2) | I= | sp=1,1,933 | ip=
0 | 7 | S=(0,0);(0,1);(0,2) | I= | sp=1,1,945 | ip=
0 | 7 | S=(0,0);(0,1);(0,2) | I= | sp=1,1,9916 | ip=
0 | 7 | S=(0,0);(0,1);(0,2) | I= | sp=1,1,951 | ip=
0 | 7 | S=(0,0);(0,1);(0,2) | I= | sp=1,882,884 | ip=
0 | 7 | S=(0,0);(0,1);(0,2) | I= | sp=1,882,24 | ip=
0 | 7 | S=(0,0);(0,1);(0,2) | I= | sp=1,882,993 | ip=
0 | 7 | S=(0,0);(0,1);(0,2) | I= | sp=1,882,911 | ip=
0 | 7 | S=(0,0);(0,1);(0,2) | I= | sp=1,882,34 | ip=
0 | 7 | S=(0,0);(0,1);(0,2) | I= | sp=1,882,44 | ip=
0 | 7 | S=(0,0);(0,1);(0,2) | I= | sp=1,882,54 | ip=
0 | 7 | S=(0,0);(0,1);(0,2) | I= | sp=1,882,99920 | ip=
0 | 7 | S=(0,0);(0,1);(0,2) | I= | sp=1,882,9914 | ip=
0 | 7 | S=(0,0);(0,1);(0,2) | I= | sp=1,882,944 | ip=
0 | 7 | S=(0,0);(0,1);(0,2) | I= | sp=1,883,883 | ip=
0 | 7 | S=(0,0);(0,1);(0,2) | I= | sp=1,883,23 | ip=
0 | 7 | S=(0,0);(0,1);(0,2) | I= | sp=1,883,33 | ip=
0 | 7 | S=(0,0);(0,1);(0,2) | I= | sp=1,884,882 | ip=
0 | 7 | S=(0,0);(0,1);(0,2) | I= | sp=1,885,1 | ip=
0 | 7 | S=(0,0);(0,1);(0,2) | I= | sp=1,23,883 | ip=
0 | 7 | S=(0,0);(0,1);(0,2) | I= | sp=1,23,23 | ip=
0 | 7 | S=(0,0);(0,1);(0,2) | I= | sp=1,23,33 | ip=
0 | 7 | S=(0,0);(0,1);(0,2) | I= | sp=1,33,883 | ip=
0 | 7 | S=(0,0);(0,1);(0,2) | I= | sp=1,33,23 | ip=
0 | 7 | S=(0,0);(0,1);(0,2) | I= | sp=1,33,33 | ip=
0 | 7 | S=(0,0);(0,1);(0,2) | I= | sp=1,24,882 | ip=
0 | 7 | S=(0,0);(0,1);(0,2) | I= | sp=1,993,882 | ip=
0 | 7 | S=(0,0);(0,1);(0,2) | I= | sp=1,93,97 | ip=
0 | 7 | S=(0,0);(0,1);(0,2) | I= | sp=1,96,1 | ip=
0 | 7 | S=(0,0);(0,1);(0,2) | I= | sp=1,97,93 | ip=
0 | 7 | S=(0,0);(0,1);(0,2) | I= | sp=1,97,9913 | ip=
0 | 7 | S=(0,0);(0,1);(0,2) | I= | sp=1,97,925 | ip=
0 | 7 | S=(0,0);(0,1);(0,2) | I= | sp=1,98,924 | ip=
0 | 7 | S=(0,0);(0,1);(0,2) | I= | sp=1,99,1 | ip=
0 | 7 | S=(0,0);(0,1);(0,2) | I= | sp=1,911,882 | ip=
0 | 7 | S=(0,0);(0,1);(0,2) | I= | sp=1,34,882 | ip=
0 | 7 | S=(0,0);(0,1);(0,2) | I= | sp=1,44,882 | ip=
0 | 7 | S=(0,0);(0,1);(0,2) | I= | sp=1,35,1 | ip=
0 | 7 | S=(0,0);(0,1);(0,2) | I= | sp=1,45,1 | ip=
0 | 7 | S=(0,0);(0,1);(0,2) | I= | sp=1,54,882 | ip=
0 | 7 | S=(0,0);(0,1);(0,2) | I= | sp=1,55,1 | ip=
0 | 7 | S=(0,0);(0,1);(0,2) | I= | sp=1,99920,882 | ip=
0 | 7 | S=(0,0);(0,1);(0,2) | I= | sp=1,99930,1 | ip=
0 | 7 | S=(0,0);(0,1);(0,2) | I= | sp=1,995,1 | ip=
0 | 7 | S=(0,0);(0,1);(0,2) | I= | sp=1,9913,97 | ip=
0 | 7 | S=(0,0);(0,1);(0,2) | I= | sp=1,9914,882 | ip=
0 | 7 | S=(0,0);(0,1);(0,2) | I= | sp=1,924,98 | ip=
0 | 7 | S=(0,0);(0,1);(0,2) | I= | sp=1,925,97 | ip=
0 | 7 | S=(0,0);(0,1);(0,2) | I= | sp=1,926,1 | ip=
0 | 7 | S=(0,0);(0,1);(0,2) | I= | sp=1,933,1 | ip=
0 | 7 | S=(0,0);(0,1);(0,2) | I= | sp=1,944,882 | ip=
0 | 7 | S=(0,0);(0,1);(0,2) | I= | sp=1,945,1 | ip=
0 | 7 | S=(0,0);(0,1);(0,2) | I= | sp=1,9916,1 | ip=
0 | 7 | S=(0,0);(0,1);(0,2) | I= | sp=1,951,1 | ip=
0 | 7 | S=(0,0);(0,1);(0,2) | I= | sp=882,1,884 | ip=
0 | 7 | S=(0,0);(0,1);(0,2) | I= | sp=882,1,24 | ip=
0 | 7 | S=(0,0);(0,1);(0,2) | I= | sp=882,1,993 | ip=
0 | 7 | S=(0,0);(0,1);(0,2) | I= | sp=882,1,911 | ip=
0 | 7 | S=(0,0);(0,1);(0,2) | I= | sp=882,1,34 | ip=
0 | 7 | S=(0,0);(0,1);(0,2) | I= | sp=882,1,44 | ip=
0 | 7 | S=(0,0);(0,1);(0,2) | I= | sp=882,1,54 | ip=
0 | 7 | S=(0,0);(0,1);(0,2) | I= | sp=882,1,99920 | ip=
0 | 7 | S=(0,0);(0,1);(0,2) | I= | sp=882,1,9914 | ip=
0 | 7 | S=(0,0);(0,1);(0,2) | I= | sp=882,1,944 | ip=
0 | 7 | S=(0,0);(0,1);(0,2) | I= | sp=882,882,883 | ip=
0 | 7 | S=(0,0);(0,1);(0,2) | I= | sp=882,882,23 | ip=
0 | 7 | S=(0,0);(0,1);(0,2) | I= | sp=882,882,33 | ip=
0 | 7 | S=(0,0);(0,1);(0,2) | I= | sp=882,883,882 | ip=
0 | 7 | S=(0,0);(0,1);(0,2) | I= | sp=882,884,1 | ip=
0 | 7 | S=(0,0);(0,1);(0,2) | I= | sp=882,23,882 | ip=
0 | 7 | S=(0,0);(0,1);(0,2) | I= | sp=882,33,882 | ip=
0 | 7 | S=(0,0);(0,1);(0,2) | I= | sp=882,24,1 | ip=
0 | 7 | S=(0,0);(0,1);(0,2) | I= | sp=882,993,1 | ip=
0 | 7 | S=(0,0);(0,1);(0,2) | I= | sp=882,97,97 | ip=
0 | 7 | S=(0,0);(0,1);(0,2) | I= | sp=882,911,1 | ip=
0 | 7 | S=(0,0);(0,1);(0,2) | I= | sp=882,34,1 | ip=
0 | 7 | S=(0,0);(0,1);(0,2) | I= | sp=882,44,1 | ip=
0 | 7 | S=(0,0);(0,1);(0,2) | I= | sp=882,54,1 | ip=
0 | 7 | S=(0,0);(0,1);(0,2) | I= | sp=882,99920,1 | ip=
0 | 7 | S=(0,0);(0,1);(0,2) | I= | sp=882,9914,1 | ip=
0 | 7 | S=(0,0);(0,1);(0,2) | I= | sp=882,944,1 | ip=
0 | 7 | S=(0,0);(0,1);(0,2) | I= | sp=883,1,883 | ip=
0 | 7 | S=(0,0);(0,1);(0,2) | I= | sp=883,1,23 | ip=
0 | 7 | S=(0,0);(0,1);(0,2) | I= | sp=883,1,33 | ip=
0 | 7 | S=(0,0);(0,1);(0,2) | I= | sp=883,882,882 | ip=
0 | 7 | S=(0,0);(0,1);(0,2) | I= | sp=883,883,1 | ip=
0 | 7 | S=(0,0);(0,1);(0,2) | I= | sp=883,23,1 | ip=
0 | 7 | S=(0,0);(0,1);(0,2) | I= | sp=883,33,1 | ip=
0 | 7 | S=(0,0);(0,1);(0,2) | I= | sp=884,1,882 | ip=
0 | 7 | S=(0,0);(0,1);(0,2) | I= | sp=884,882,1 | ip=
0 | 7 | S=(0,0);(0,1);(0,2) | I= | sp=885,1,1 | ip=
0 | 7 | S=(0,0);(0,1);(0,2) | I= | sp=23,1,883 | ip=
0 | 7 | S=(0,0);(0,1);(0,2) | I= | sp=23,1,23 | ip=
0 | 7 | S=(0,0);(0,1);(0,2) | I= | sp=23,1,33 | ip=
0 | 7 | S=(0,0);(0,1);(0,2) | I= | sp=23,882,882 | ip=
0 | 7 | S=(0,0);(0,1);(0,2) | I= | sp=23,883,1 | ip=
0 | 7 | S=(0,0);(0,1);(0,2) | I= | sp=23,23,1 | ip=
0 | 7 | S=(0,0);(0,1);(0,2) | I= | sp=23,33,1 | ip=
0 | 7 | S=(0,0);(0,1);(0,2) | I= | sp=33,1,883 | ip=
0 | 7 | S=(0,0);(0,1);(0,2) | I= | sp=33,1,23 | ip=
0 | 7 | S=(0,0);(0,1);(0,2) | I= | sp=33,1,33 | ip=
0 | 7 | S=(0,0);(0,1);(0,2) | I= | sp=33,882,882 | ip=
0 | 7 | S=(0,0);(0,1);(0,2) | I= | sp=33,883,1 | ip=
0 | 7 | S=(0,0);(0,1);(0,2) | I= | sp=33,23,1 | ip=
0 | 7 | S=(0,0);(0,1);(0,2) | I= | sp=33,33,1 | ip=
0 | 7 | S=(0,0);(0,1);(0,2) | I= | sp=24,1,882 | ip=
0 | 7 | S=(0,0);(0,1);(0,2) | I= | sp=24,882,1 | ip=
0 | 7 | S=(0,0);(0,1);(0,2) | I= | sp=993,1,882 | ip=
0 | 7 | S=(0,0);(0,1);(0,2) | I= | sp=993,882,1 | ip=
0 | 7 | S=(0,0);(0,1);(0,2) | I= | sp=93,1,97 | ip=
0 | 7 | S=(0,0);(0,1);(0,2) | I= | sp=93,97,1 | ip=
0 | 7 | S=(0,0);(0,1);(0,2) | I= | sp=96,1,1 | ip=
0 | 7 | S=(0,0);(0,1);(0,2) | I= | sp=97,1,93 | ip=
0 | 7 | S=(0,0);(0,1);(0,2) | I= | sp=97,1,9913 | ip=
0 | 7 | S=(0,0);(0,1);(0,2) | I= | sp=97,1,925 | ip=
0 | 7 | S=(0,0);(0,1);(0,2) | I= | sp=97,882,97 | ip=
0 | 7 | S=(0,0);(0,1);(0,2) | I= | sp=97,93,1 | ip=
0 | 7 | S=(0,0);(0,1);(0,2) | I= | sp=97,97,882 | ip=
0 | 7 | S=(0,0);(0,1);(0,2) | I= | sp=97,9913,1 | ip=
0 | 7 | S=(0,0);(0,1);(0,2) | I= | sp=97,925,1 | ip=
0 | 7 | S=(0,0);(0,1);(0,2) | I= | sp=98,1,924 | ip=
0 | 7 | S=(0,0);(0,1);(0,2) | I= | sp=98,924,1 | ip=
0 | 7 | S=(0,0);(0,1);(0,2) | I= | sp=99,1,1 | ip=
0 | 7 | S=(0,0);(0,1);(0,2) | I= | sp=911,1,882 | ip=
0 | 7 | S=(0,0);(0,1);(0,2) | I= | sp=911,882,1 | ip=
0 | 7 | S=(0,0);(0,1);(0,2) | I= | sp=34,1,882 | ip=
0 | 7 | S=(0,0);(0,1);(0,2) | I= | sp=34,882,1 | ip=
0 | 7 | S=(0,0);(0,1);(0,2) | I= | sp=44,1,882 | ip=
0 | 7 | S=(0,0);(0,1);(0,2) | I= | sp=44,882,1 | ip=
0 | 7 | S=(0,0);(0,1);(0,2) | I= | sp=35,1,1 | ip=
0 | 7 | S=(0,0);(0,1);(0,2) | I= | sp=45,1,1 | ip=
0 | 7 | S=(0,0);(0,1);(0,2) | I= | sp=54,1,882 | ip=
0 | 7 | S=(0,0);(0,1);(0,2) | I= | sp=54,882,1 | ip=
0 | 7 | S=(0,0);(0,1);(0,2) | I= | sp=55,1,1 | ip=
0 | 7 | S=(0,0);(0,1);(0,2) | I= | sp=99920,1,882 | ip=
0 | 7 | S=(0,0);(0,1);(0,2) | I= | sp=99920,882,1 | ip=
0 | 7 | S=(0,0);(0,1);(0,2) | I= | sp=99930,1,1 | ip=
0 | 7 | S=(0,0);(0,1);(0,2) | I= | sp=995,1,1 | ip=
0 | 7 | S=(0,0);(0,1);(0,2) | I= | sp=9913,1,97 | ip=
0 | 7 | S=(0,0);(0,1);(0,2) | I= | sp=9913,97,1 | ip=
0 | 7 | S=(0,0);(0,1);(0,2) | I= | sp=9914,1,882 | ip=
0 | 7 | S=(0,0);(0,1);(0,2) | I= | sp=9914,882,1 | ip=
0 | 7 | S=(0,0);(0,1);(0,2) | I= | sp=924,1,98 | ip=
0 | 7 | S=(0,0);(0,1);(0,2) | I= | sp=924,98,1 | ip=
0 | 7 | S=(0,0);(0,1);(0,2) | I= | sp=925,1,97 | ip=
0 | 7 | S=(0,0);(0,1);(0,2) | I= | sp=925,97,1 | ip=
0 | 7 | S=(0,0);(0,1);(0,2) | I= | sp=926,1,1 | ip=
0 | 7 | S=(0,0);(0,1);(0,2) | I= | sp=933,1,1 | ip=
0 | 7 | S=(0,0);(0,1);(0,2) | I= | sp=944,1,882 | ip=
0 | 7 | S=(0,0);(0,1);(0,2) | I= | sp=944,882,1 | ip=
0 | 7 | S=(0,0);(0,1);(0,2) | I= | sp=945,1,1 | ip=
0 | 7 | S=(0,0);(0,1);(0,2) | I= | sp=9916,1,1 | ip=
0 | 7 | S=(0,0);(0,1);(0,2) | I= | sp=951,1,1 | ip=
0 | 8 | S=(0,0);(0,1);(0,2) | I= | sp=1,1,886 | ip=
0 | 8 | S=(0,0);(0,1);(0,2) | I= | sp=1,1,94 | ip=
0 | 8 | S=(0,0);(0,1);(0,2) | I= | sp=1,1,910 | ip=
0 | 8 | S=(0,0);(0,1);(0,2) | I= | sp=1,1,996 | ip=
0 | 8 | S=(0,0);(0,1);(0,2) | I= | sp=1,1,997 | ip=
0 | 8 | S=(0,0);(0,1);(0,2) | I= | sp=1,1,919 | ip=
0 | 8 | S=(0,0);(0,1);(0,2) | I= | sp=1,1,930 | ip=
0 | 8 | S=(0,0);(0,1);(0,2) | I= | sp=1,1,931 | ip=
0 | 8 | S=(0,0);(0,1);(0,2) | I= | sp=1,1,9915 | ip=
0 | 8 | S=(0,0);(0,1);(0,2) | I= | sp=1,1,946 | ip=
0 | 8 | S=(0,0);(0,1);(0,2) | I= | sp=1,1,954 | ip=
0 | 8 | S=(0,0);(0,1);(0,2) | I= | sp=1,882,885 | ip=
0 | 8 | S=(0,0);(0,1);(0,2) | I= | sp=1,882,96 | ip=
0 | 8 | S=(0,0);(0,1);(0,2) | I= | sp=1,882,99 | ip=
0 | 8 | S=(0,0);(0,1);(0,2) | I= | sp=1,882,35 | ip=
0 | 8 | S=(0,0);(0,1);(0,2) | I= | sp=1,882,45 | ip=
0 | 8 | S=(0,0);(0,1);(0,2) | I= | sp=1,882,55 | ip=
0 | 8 | S=(0,0);(0,1);(0,2) | I= | sp=1,882,99930 | ip=
0 | 8 | S=(0,0);(0,1);(0,2) | I= | sp=1,882,995 | ip=
0 | 8 | S=(0,0);(0,1);(0,2) | I= | sp=1,882,926 | ip=
0 | 8 | S=(0,0);(0,1);(0,2) | I= | sp=1,882,933 | ip=
0 | 8 | S=(0,0);(0,1);(0,2) | I= | sp=1,882,945 | ip=
0 | 8 | S=(0,0);(0,1);(0,2) | I= | sp=1,882,9916 | ip=
0 | 8 | S=(0,0);(0,1);(0,2) | I= | sp=1,882,951 | ip=
0 | 8 | S=(0,0);(0,1);(0,2) | I= | sp=1,883,884 | ip=
0 | 8 | S=(0,0);(0,1);(0,2) | I= | sp=1,883,24 | ip=
0 | 8 | S=(0,0);(0,1);(0,2) | I= | sp=1,883,993 | ip=
0 | 8 | S=(0,0);(0,1);(0,2) | I= | sp=1,883,911 | ip=
0 | 8 | S=(0,0);(0,1);(0,2) | I= | sp=1,883,34 | ip=
0 | 8 | S=(0,0);(0,1);(0,2) | I= | sp=1,883,44 | ip=
0 | 8 | S=(0,0);(0,1);(0,2) | I= | sp=1,883,54 | ip=
0 | 8 | S=(0,0);(0,1);(0,2) | I= | sp=1,883,99920 | ip=
0 | 8 | S=(0,0);(0,1);(0,2) | I= | sp=1,883,9914 | ip=
0 | 8 | S=(0,0);(0,1);(0,2) | I= | sp=1,883,944 | ip=
0 | 8 | S=(0,0);(0,1);(0,2) | I= | sp=1,884,883 | ip=
0 | 8 | S=(0,0);(0,1);(0,2) | I= | sp=1,884,23 | ip=
0 | 8 | S=(0,0);(0,1);(0,2) | I= | sp=1,884,33 | ip=
0 | 8 | S=(0,0);(0,1);(0,2) | I= | sp=1,885,882 | ip=
0 | 8 | S=(0,0);(0,1);(0,2) | I= | sp=1,886,1 | ip=
0 | 8 | S=(0,0);(0,1);(0,2) | I= | sp=1,23,884 | ip=
0 | 8 | S=(0,0);(0,1);(0,2) | I= | sp=1,23,24 | ip=
0 | 8 | S=(0,0);(0,1);(0,2) | I= | sp=1,23,993 | ip=
0 | 8 | S=(0,0);(0,1);(0,2) | I= | sp=1,23,911 | ip=
0 | 8 | S=(0,0);(0,1);(0,2) | I= | sp=1,23,34 | ip=
0 | 8 | S=(0,0);(0,1);(0,2) | I= | sp=1,23,44 | ip=
0 | 8 | S=(0,0);(0,1);(0,2) | I= | sp=1,23,54 | ip=
0 | 8 | S=(0,0);(0,1);(0,2) | I= | sp=1,23,99920 | ip=
0 | 8 | S=(0,0);(0,1);(0,2) | I= | sp=1,23,9914 | ip=
0 | 8 | S=(0,0);(0,1);(0,2) | I= | sp=1,23,944 | ip=
0 | 8 | S=(0,0);(0,1);(0,2) | I= | sp=1,33,884 | ip=
0 | 8 | S=(0,0);(0,1);(0,2) | I= | sp=1,33,24 | ip=
0 | 8 | S=(0,0);(0,1);(0,2) | I= | sp=1,33,993 | ip=
0 | 8 | S=(0,0);(0,1);(0,2) | I= | sp=1,33,911 | ip=
0 | 8 | S=(0,0);(0,1);(0,2) | I= | sp=1,33,34 | ip=
0 | 8 | S=(0,0);(0,1);(0,2) | I= | sp=1,33,44 | ip=
0 | 8 | S=(0,0);(0,1);(0,2) | I= | sp=1,33,54 | ip=
0 | 8 | S=(0,0);(0,1);(0,2) | I= | sp=1,33,99920 | ip=
0 | 8 | S=(0,0);(0,1);(0,2) | I= | sp=1,33,9914 | ip=
0 | 8 | S=(0,0);(0,1);(0,2) | I= | sp=1,33,944 | ip=
0 | 8 | S=(0,0);(0,1);(0,2) | I= | sp=1,24,883 | ip=
0 | 8 | S=(0,0);(0,1);(0,2) | I= | sp=1,24,23 | ip=
0 | 8 | S=(0,0);(0,1);(0,2) | I= | sp=1,24,33 | ip=
0 | 8 | S=(0,0);(0,1);(0,2) | I= | sp=1,993,883 | ip=
0 | 8 | S=(0,0);(0,1);(0,2) | I= | sp=1,993,23 | ip=
0 | 8 | S=(0,0);(0,1);(0,2) | I= | sp=1,993,33 | ip=
0 | 8 | S=(0,0);(0,1);(0,2) | I= | sp=1,93,93 | ip=
0 | 8 | S=(0,0);(0,1);(0,2) | I= | sp=1,93,9913 | ip=
0 | 8 | S=(0,0);(0,1);(0,2) | I= | sp=1,93,925 | ip=
0 | 8 | S=(0,0);(0,1);(0,2) | I= | sp=1,94,1 | ip=
0 | 8 | S=(0,0);(0,1);(0,2) | I= | sp=1,96,882 | ip=
0 | 8 | S=(0,0);(0,1);(0,2) | I= | sp=1,97,9912 | ip=
0 | 8 | S=(0,0);(0,1);(0,2) | I= | sp=1,97,952 | ip=
0 | 8 | S=(0,0);(0,1);(0,2) | I= | sp=1,98,918 | ip=
0 | 8 | S=(0,0);(0,1);(0,2) | I= | sp=1,99,882 | ip=
0 | 8 | S=(0,0);(0,1);(0,2) | I= | sp=1,910,1 | ip=
0 | 8 | S=(0,0);(0,1);(0,2) | I= | sp=1,911,883 | ip=
0 | 8 | S=(0,0);(0,1);(0,2) | I= | sp=1,911,23 | ip=
0 | 8 | S=(0,0);(0,1);(0,2) | I= | sp=1,911,33 | ip=
0 | 8 | S=(0,0);(0,1);(0,2) | I= | sp=1,34,883 | ip=
0 | 8 | S=(0,0);(0,1);(0,2) | I= | sp=1,34,23 | ip=
0 | 8 | S=(0,0);(0,1);(0,2) | I= | sp=1,34,33 | ip=
0 | 8 | S=(0,0);(0,1);(0,2) | I= | sp=1,44,883 | ip=
0 | 8 | S=(0,0);(0,1);(0,2) | I= | sp=1,44,23 | ip=
0 | 8 | S=(0,0);(0,1);(0,2) | I= | sp=1,44,33 | ip=
0 | 8 | S=(0,0);(0,1);(0,2) | I= | sp=1,35,882 | ip=
0 | 8 | S=(0,0);(0,1);(0,2) | I= | sp=1,45,882 | ip=
0 | 8 | S=(0,0);(0,1);(0,2) | I= | sp=1,54,883 | ip=
0 | 8 | S=(0,0);(0,1);(0,2) | I= | sp=1,54,23 | ip=
0 | 8 | S=(0,0);(0,1);(0,2) | I= | sp=1,54,33 | ip=
0 | 8 | S=(0,0);(0,1);(0,2) | I= | sp=1,55,882 | ip=
0 | 8 | S=(0,0);(0,1);(0,2) | I= | sp=1,99920,883 | ip=
0 | 8 | S=(0,0);(0,1);(0,2) | I= | sp=1,99920,23 | ip=
0 | 8 | S=(0,0);(0,1);(0,2) | I= | sp=1,99920,33 | ip=
0 | 8 | S=(0,0);(0,1);(0,2) | I= | sp=1,99930,882 | ip=
0 | 8 | S=(0,0);(0,1);(0,2) | I= | sp=1,995,882 | ip=
0 | 8 | S=(0,0);(0,1);(0,2) | I= | sp=1,996,1 | ip=
0 | 8 | S=(0,0);(0,1);(0,2) | I= | sp=1,997,1 | ip=
0 | 8 | S=(0,0);(0,1);(0,2) | I= | sp=1,9912,97 | ip=
0 | 8 | S=(0,0);(0,1);(0,2) | I= | sp=1,9913,93 | ip=
0 | 8 | S=(0,0);(0,1);(0,2) | I= | sp=1,9913,9913 | ip=
0 | 8 | S=(0,0);(0,1);(0,2) | I= | sp=1,9913,925 | ip=
0 | 8 | S=(0,0);(0,1);(0,2) | I= | sp=1,9914,883 | ip=
0 | 8 | S=(0,0);(0,1);(0,2) | I= | sp=1,9914,23 | ip=
0 | 8 | S=(0,0);(0,1);(0,2) | I= | sp=1,9914,33 | ip=
0 | 8 | S=(0,0);(0,1);(0,2) | I= | sp=1,918,98 | ip=
0 | 8 | S=(0,0);(0,1);(0,2) | I= | sp=1,919,1 | ip=
0 | 8 | S=(0,0);(0,1);(0,2) | I= | sp=1,924,929 | ip=
0 | 8 | S=(0,0);(0,1);(0,2) | I= | sp=1,925,93 | ip=
0 | 8 | S=(0,0);(0,1);(0,2) | I= | sp=1,925,9913 | ip=
0 | 8 | S=(0,0);(0,1);(0,2) | I= | sp=1,925,925 | ip=
0 | 8 | S=(0,0);(0,1);(0,2) | I= | sp=1,926,882 | ip=
0 | 8 | S=(0,0);(0,1);(0,2) | I= | sp=1,929,924 | ip=
0 | 8 | S=(0,0);(0,1);(0,2) | I= | sp=1,930,1 | ip=
0 | 8 | S=(0,0);(0,1);(0,2) | I= | sp=1,931,1 | ip=
0 | 8 | S=(0,0);(0,1);(0,2) | I= | sp=1,933,882 | ip=
0 | 8 | S=(0,0);(0,1);(0,2) | I= | sp=1,944,883 | ip=
0 | 8 | S=(0,0);(0,1);(0,2) | I= | sp=1,944,23 | ip=
0 | 8 | S=(0,0);(0,1);(0,2) | I= | sp=1,944,33 | ip=
0 | 8 | S=(0,0);(0,1);(0,2) | I= | sp=1,945,882 | ip=
0 | 8 | S=(0,0);(0,1);(0,2) | I= | sp=1,9915,1 | ip=
0 | 8 | S=(0,0);(0,1);(0,2) | I= | sp=1,9916,882 | ip=
0 | 8 | S=(0,0);(0,1);(0,2) | I= | sp=1,946,1 | ip=
0 | 8 | S=(0,0);(0,1);(0,2) | I= | sp=1,951,882 | ip=
0 | 8 | S=(0,0);(0,1);(0,2) | I= | sp=1,952,97 | ip=
0 | 8 | S=(0,0);(0,1);(0,2) | I= | sp=1,954,1 | ip=
0 | 8 | S=(0,0);(0,1);(0,2) | I= | sp=882,1,885 | ip=
0 | 8 | S=(0,0);(0,1);(0,2) | I= | sp=882,1,96 | ip=
0 | 8 | S=(0,0);(0,1);(0,2) | I= | sp=882,1,99 | ip=
0 | 8 | S=(0,0);(0,1);(0,2) | I= | sp=882,1,35 | ip=
0 | 8 | S=(0,0);(0,1);(0,2) | I= | sp=882,1,45 | ip=
0 | 8 | S=(0,0);(0,1);(0,2) | I= | sp=882,1,55 | ip=
0 | 8 | S=(0,0);(0,1);(0,2) | I= | sp=882,1,99930 | ip=
0 | 8 | S=(0,0);(0,1);(0,2) | I= | sp=882,1,995 | ip=
0 | 8 | S=(0,0);(0,1);(0,2) | I= | sp=882,1,926 | ip=
0 | 8 | S=(0,0);(0,1);(0,2) | I= | sp=882,1,933 | ip=
0 | 8 | S=(0,0);(0,1);(0,2) | I= | sp=882,1,945 | ip=
0 | 8 | S=(0,0);(0,1);(0,2) | I= | sp=882,1,9916 | ip=
0 | 8 | S=(0,0);(0,1);(0,2) | I= | sp=882,1,951 | ip=
0 | 8 | S=(0,0);(0,1);(0,2) | I= | sp=882,882,884 | ip=
0 | 8 | S=(0,0);(0,1);(0,2) | I= | sp=882,882,24 | ip=
0 | 8 | S=(0,0);(0,1);(0,2) | I= | sp=882,882,993 | ip=
0 | 8 | S=(0,0);(0,1);(0,2) | I= | sp=882,882,911 | ip=
0 | 8 | S=(0,0);(0,1);(0,2) | I= | sp=882,882,34 | ip=
0 | 8 | S=(0,0);(0,1);(0,2) | I= | sp=882,882,44 | ip=
0 | 8 | S=(0,0);(0,1);(0,2) | I= | sp=882,882,54 | ip=
0 | 8 | S=(0,0);(0,1);(0,2) | I= | sp=882,882,99920 | ip=
0 | 8 | S=(0,0);(0,1);(0,2) | I= | sp=882,882,9914 | ip=
0 | 8 | S=(0,0);(0,1);(0,2) | I= | sp=882,882,944 | ip=
0 | 8 | S=(0,0);(0,1);(0,2) | I= | sp=882,883,883 | ip=
0 | 8 | S=(0,0);(0,1);(0,2) | I= | sp=882,883,23 | ip=
0 | 8 | S=(0,0);(0,1);(0,2) | I= | sp=882,883,33 | ip=
0 | 8 | S=(0,0);(0,1);(0,2) | I= | sp=882,884,882 | ip=
0 | 8 | S=(0,0);(0,1);(0,2) | I= | sp=882,885,1 | ip=
0 | 8 | S=(0,0);(0,1);(0,2) | I= | sp=882,23,883 | ip=
0 | 8 | S=(0,0);(0,1);(0,2) | I= | sp=882,23,23 | ip=
0 | 8 | S=(0,0);(0,1);(0,2) | I= | sp=882,23,33 | ip=
0 | 8 | S=(0,0);(0,1);(0,2) | I= | sp=882,33,883 | ip=
0 | 8 | S=(0,0);(0,1);(0,2) | I= | sp=882,33,23 | ip=
0 | 8 | S=(0,0);(0,1);(0,2) | I= | sp=882,33,33 | ip=
0 | 8 | S=(0,0);(0,1);(0,2) | I= | sp=882,24,882 | ip=
0 | 8 | S=(0,0);(0,1);(0,2) | I= | sp=882,993,882 | ip=
0 | 8 | S=(0,0);(0,1);(0,2) | I= | sp=882,93,97 | ip=
0 | 8 | S=(0,0);(0,1);(0,2) | I= | sp=882,96,1 | ip=
0 | 8 | S=(0,0);(0,1);(0,2) | I= | sp=882,97,93 | ip=
0 | 8 | S=(0,0);(0,1);(0,2) | I= | sp=882,97,9913 | ip=
0 | 8 | S=(0,0);(0,1);(0,2) | I= | sp=882,97,925 | ip=
0 | 8 | S=(0,0);(0,1);(0,2) | I= | sp=882,98,924 | ip=
0 | 8 | S=(0,0);(0,1);(0,2) | I= | sp=882,99,1 | ip=
0 | 8 | S=(0,0);(0,1);(0,2) | I= | sp=882,911,882 | ip=
0 | 8 | S=(0,0);(0,1);(0,2) | I= | sp=882,34,882 | ip=
0 | 8 | S=(0,0);(0,1);(0,2) | I= | sp=882,44,882 | ip=
0 | 8 | S=(0,0);(0,1);(0,2) | I= | sp=882,35,1 | ip=
0 | 8 | S=(0,0);(0,1);(0,2) | I= | sp=882,45,1 | ip=
0 | 8 | S=(0,0);(0,1);(0,2) | I= | sp=882,54,882 | ip=
0 | 8 | S=(0,0);(0,1);(0,2) | I= | sp=882,55,1 | ip=
0 | 8 | S=(0,0);(0,1);(0,2) | I= | sp=882,99920,882 | ip=
0 | 8 | S=(0,0);(0,1);(0,2) | I= | sp=882,99930,1 | ip=
0 | 8 | S=(0,0);(0,1);(0,2) | I= | sp=882,995,1 | ip=
0 | 8 | S=(0,0);(0,1);(0,2) | I= | sp=882,9913,97 | ip=
0 | 8 | S=(0,0);(0,1);(0,2) | I= | sp=882,9914,882 | ip=
0 | 8 | S=(0,0);(0,1);(0,2) | I= | sp=882,924,98 | ip=
0 | 8 | S=(0,0);(0,1);(0,2) | I= | sp=882,925,97 | ip=
0 | 8 | S=(0,0);(0,1);(0,2) | I= | sp=882,926,1 | ip=
0 | 8 | S=(0,0);(0,1);(0,2) | I= | sp=882,933,1 | ip=
0 | 8 | S=(0,0);(0,1);(0,2) | I= | sp=882,944,882 | ip=
0 | 8 | S=(0,0);(0,1);(0,2) | I= | sp=882,945,1 | ip=
0 | 8 | S=(0,0);(0,1);(0,2) | I= | sp=882,9916,1 | ip=
0 | 8 | S=(0,0);(0,1);(0,2) | I= | sp=882,951,1 | ip=
0 | 8 | S=(0,0);(0,1);(0,2) | I= | sp=883,1,884 | ip=
0 | 8 | S=(0,0);(0,1);(0,2) | I= | sp=883,1,24 | ip=
0 | 8 | S=(0,0);(0,1);(0,2) | I= | sp=883,1,993 | ip=
0 | 8 | S=(0,0);(0,1);(0,2) | I= | sp=883,1,911 | ip=
0 | 8 | S=(0,0);(0,1);(0,2) | I= | sp=883,1,34 | ip=
0 | 8 | S=(0,0);(0,1);(0,2) | I= | sp=883,1,44 | ip=
0 | 8 | S=(0,0);(0,1);(0,2) | I= | sp=883,1,54 | ip=
0 | 8 | S=(0,0);(0,1);(0,2) | I= | sp=883,1,99920 | ip=
0 | 8 | S=(0,0);(0,1);(0,2) | I= | sp=883,1,9914 | ip=
0 | 8 | S=(0,0);(0,1);(0,2) | I= | sp=883,1,944 | ip=
0 | 8 | S=(0,0);(0,1);(0,2) | I= | sp=883,882,883 | ip=
0 | 8 | S=(0,0);(0,1);(0,2) | I= | sp=883,882,23 | ip=
0 | 8 | S=(0,0);(0,1);(0,2) | I= | sp=883,882,33 | ip=
0 | 8 | S=(0,0);(0,1);(0,2) | I= | sp=883,883,882 | ip=
0 | 8 | S=(0,0);(0,1);(0,2) | I= | sp=883,884,1 | ip=
0 | 8 | S=(0,0);(0,1);(0,2) | I= | sp=883,23,882 | ip=
0 | 8 | S=(0,0);(0,1);(0,2) | I= | sp=883,33,882 | ip=
0 | 8 | S=(0,0);(0,1);(0,2) | I= | sp=883,24,1 | ip=
0 | 8 | S=(0,0);(0,1);(0,2) | I= | sp=883,993,1 | ip=
0 | 8 | S=(0,0);(0,1);(0,2) | I= | sp=883,97,97 | ip=
0 | 8 | S=(0,0);(0,1);(0,2) | I= | sp=883,911,1 | ip=
0 | 8 | S=(0,0);(0,1);(0,2) | I= | sp=883,34,1 | ip=
0 | 8 | S=(0,0);(0,1);(0,2) | I= | sp=883,44,1 | ip=
0 | 8 | S=(0,0);(0,1);(0,2) | I= | sp=883,54,1 | ip=
0 | 8 | S=(0,0);(0,1);(0,2) | I= | sp=883,99920,1 | ip=
0 | 8 | S=(0,0);(0,1);(0,2) | I= | sp=883,9914,1 | ip=
0 | 8 | S=(0,0);(0,1);(0,2) | I= | sp=883,944,1 | ip=
0 | 8 | S=(0,0);(0,1);(0,2) | I= | sp=884,1,883 | ip=
0 | 8 | S=(0,0);(0,1);(0,2) | I= | sp=884,1,23 | ip=
0 | 8 | S=(0,0);(0,1);(0,2) | I= | sp=884,1,33 | ip=
0 | 8 | S=(0,0);(0,1);(0,2) | I= | sp=884,882,882 | ip=
0 | 8 | S=(0,0);(0,1);(0,2) | I= | sp=884,883,1 | ip=
0 | 8 | S=(0,0);(0,1);(0,2) | I= | sp=884,23,1 | ip=
0 | 8 | S=(0,0);(0,1);(0,2) | I= | sp=884,33,1 | ip=
0 | 8 | S=(0,0);(0,1);(0,2) | I= | sp=885,1,882 | ip=
0 | 8 | S=(0,0);(0,1);(0,2) | I= | sp=885,882,1 | ip=
0 | 8 | S=(0,0);(0,1);(0,2) | I= | sp=886,1,1 | ip=
0 | 8 | S=(0,0);(0,1);(0,2) | I= | sp=23,1,884 | ip=
0 | 8 | S=(0,0);(0,1);(0,2) | I= | sp=23,1,24 | ip=
0 | 8 | S=(0,0);(0,1);(0,2) | I= | sp=23,1,993 | ip=
0 | 8 | S=(0,0);(0,1);(0,2) | I= | sp=23,1,911 | ip=
0 | 8 | S=(0,0);(0,1);(0,2) | I= | sp=23,1,34 | ip=
0 | 8 | S=(0,0);(0,1);(0,2) | I= | sp=23,1,44 | ip=
0 | 8 | S=(0,0);(0,1);(0,2) | I= | sp=23,1,54 | ip=
0 | 8 | S=(0,0);(0,1);(0,2) | I= | sp=23,1,99920 | ip=
0 | 8 | S=(0,0);(0,1);(0,2) | I= | sp=23,1,9914 | ip=
0 | 8 | S=(0,0);(0,1);(0,2) | I= | sp=23,1,944 | ip=
0 | 8 | S=(0,0);(0,1);(0,2) | I= | sp=23,882,883 | ip=
0 | 8 | S=(0,0);(0,1);(0,2) | I= | sp=23,882,23 | ip=
0 | 8 | S=(0,0);(0,1);(0,2) | I= | sp=23,882,33 | ip=
0 | 8 | S=(0,0);(0,1);(0,2) | I= | sp=23,883,882 | ip=
0 | 8 | S=(0,0);(0,1);(0,2) | I= | sp=23,884,1 | ip=
0 | 8 | S=(0,0);(0,1);(0,2) | I= | sp=23,23,882 | ip=
0 | 8 | S=(0,0);(0,1);(0,2) | I= | sp=23,33,882 | ip=
0 | 8 | S=(0,0);(0,1);(0,2) | I= | sp=23,24,1 | ip=
0 | 8 | S=(0,0);(0,1);(0,2) | I= | sp=23,993,1 | ip=
0 | 8 | S=(0,0);(0,1);(0,2) | I= | sp=23,97,97 | ip=
0 | 8 | S=(0,0);(0,1);(0,2) | I= | sp=23,911,1 | ip=
0 | 8 | S=(0,0);(0,1);(0,2) | I= | sp=23,34,1 | ip=
0 | 8 | S=(0,0);(0,1);(0,2) | I= | sp=23,44,1 | ip=
0 | 8 | S=(0,0);(0,1);(0,2) | I= | sp=23,54,1 | ip=
0 | 8 | S=(0,0);(0,1);(0,2) | I= | sp=23,99920,1 | ip=
0 | 8 | S=(0,0);(0,1);(0,2) | I= | sp=23,9914,1 | ip=
0 | 8 | S=(0,0);(0,1);(0,2) | I= | sp=23,944,1 | ip=
0 | 8 | S=(0,0);(0,1);(0,2) | I= | sp=33,1,884 | ip=
0 | 8 | S=(0,0);(0,1);(0,2) | I= | sp=33,1,24 | ip=
0 | 8 | S=(0,0);(0,1);(0,2) | I= | sp=33,1,993 | ip=
0 | 8 | S=(0,0);(0,1);(0,2) | I= | sp=33,1,911 | ip=
0 | 8 | S=(0,0);(0,1);(0,2) | I= | sp=33,1,34 | ip=
0 | 8 | S=(0,0);(0,1);(0,2) | I= | sp=33,1,44 | ip=
0 | 8 | S=(0,0);(0,1);(0,2) | I= | sp=33,1,54 | ip=
0 | 8 | S=(0,0);(0,1);(0,2) | I= | sp=33,1,99920 | ip=
0 | 8 | S=(0,0);(0,1);(0,2) | I= | sp=33,1,9914 | ip=
0 | 8 | S=(0,0);(0,1);(0,2) | I= | sp=33,1,944 | ip=
0 | 8 | S=(0,0);(0,1);(0,2) | I= | sp=33,882,883 | ip=
0 | 8 | S=(0,0);(0,1);(0,2) | I= | sp=33,882,23 | ip=
0 | 8 | S=(0,0);(0,1);(0,2) | I= | sp=33,882,33 | ip=
0 | 8 | S=(0,0);(0,1);(0,2) | I= | sp=33,883,882 | ip=
0 | 8 | S=(0,0);(0,1);(0,2) | I= | sp=33,884,1 | ip=
0 | 8 | S=(0,0);(0,1);(0,2) | I= | sp=33,23,882 | ip=
0 | 8 | S=(0,0);(0,1);(0,2) | I= | sp=33,33,882 | ip=
0 | 8 | S=(0,0);(0,1);(0,2) | I= | sp=33,24,1 | ip=
0 | 8 | S=(0,0);(0,1);(0,2) | I= | sp=33,993,1 | ip=
0 | 8 | S=(0,0);(0,1);(0,2) | I= | sp=33,97,97 | ip=
0 | 8 | S=(0,0);(0,1);(0,2) | I= | sp=33,911,1 | ip=
0 | 8 | S=(0,0);(0,1);(0,2) | I= | sp=33,34,1 | ip=
0 | 8 | S=(0,0);(0,1);(0,2) | I= | sp=33,44,1 | ip=
0 | 8 | S=(0,0);(0,1);(0,2) | I= | sp=33,54,1 | ip=
0 | 8 | S=(0,0);(0,1);(0,2) | I= | sp=33,99920,1 | ip=
0 | 8 | S=(0,0);(0,1);(0,2) | I= | sp=33,9914,1 | ip=
0 | 8 | S=(0,0);(0,1);(0,2) | I= | sp=33,944,1 | ip=
0 | 8 | S=(0,0);(0,1);(0,2) | I= | sp=24,1,883 | ip=
0 | 8 | S=(0,0);(0,1);(0,2) | I= | sp=24,1,23 | ip=
0 | 8 | S=(0,0);(0,1);(0,2) | I= | sp=24,1,33 | ip=
0 | 8 | S=(0,0);(0,1);(0,2) | I= | sp=24,882,882 | ip=
0 | 8 | S=(0,0);(0,1);(0,2) | I= | sp=24,883,1 | ip=
0 | 8 | S=(0,0);(0,1);(0,2) | I= | sp=24,23,1 | ip=
0 | 8 | S=(0,0);(0,1);(0,2) | I= | sp=24,33,1 | ip=
0 | 8 | S=(0,0);(0,1);(0,2) | I= | sp=993,1,883 | ip=
0 | 8 | S=(0,0);(0,1);(0,2) | I= | sp=993,1,23 | ip=
0 | 8 | S=(0,0);(0,1);(0,2) | I= | sp=993,1,33 | ip=
0 | 8 | S=(0,0);(0,1);(0,2) | I= | sp=993,882,882 | ip=
0 | 8 | S=(0,0);(0,1);(0,2) | I= | sp=993,883,1 | ip=
0 | 8 | S=(0,0);(0,1);(0,2) | I= | sp=993,23,1 | ip=
0 | 8 | S=(0,0);(0,1);(0,2) | I= | sp=993,33,1 | ip=
0 | 8 | S=(0,0);(0,1);(0,2) | I= | sp=93,1,93 | ip=
0 | 8 | S=(0,0);(0,1);(0,2) | I= | sp=93,1,9913 | ip=
0 | 8 | S=(0,0);(0,1);(0,2) | I= | sp=93,1,925 | ip=
0 | 8 | S=(0,0);(0,1);(0,2) | I= | sp=93,882,97 | ip=
0 | 8 | S=(0,0);(0,1);(0,2) | I= | sp=93,93,1 | ip=
0 | 8 | S=(0,0);(0,1);(0,2) | I= | sp=93,97,882 | ip=
0 | 8 | S=(0,0);(0,1);(0,2) | I= | sp=93,9913,1 | ip=
0 | 8 | S=(0,0);(0,1);(0,2) | I= | sp=93,925,1 | ip=
0 | 8 | S=(0,0);(0,1);(0,2) | I= | sp=94,1,1 | ip=
0 | 8 | S=(0,0);(0,1);(0,2) | I= | sp=96,1,882 | ip=
0 | 8 | S=(0,0);(0,1);(0,2) | I= | sp=96,882,1 | ip=
0 | 8 | S=(0,0);(0,1);(0,2) | I= | sp=97,1,9912 | ip=
0 | 8 | S=(0,0);(0,1);(0,2) | I= | sp=97,1,952 | ip=
0 | 8 | S=(0,0);(0,1);(0,2) | I= | sp=97,882,93 | ip=
0 | 8 | S=(0,0);(0,1);(0,2) | I= | sp=97,882,9913 | ip=
0 | 8 | S=(0,0);(0,1);(0,2) | I= | sp=97,882,925 | ip=
0 | 8 | S=(0,0);(0,1);(0,2) | I= | sp=97,883,97 | ip=
0 | 8 | S=(0,0);(0,1);(0,2) | I= | sp=97,23,97 | ip=
0 | 8 | S=(0,0);(0,1);(0,2) | I= | sp=97,33,97 | ip=
0 | 8 | S=(0,0);(0,1);(0,2) | I= | sp=97,93,882 | ip=
0 | 8 | S=(0,0);(0,1);(0,2) | I= | sp=97,97,883 | ip=
0 | 8 | S=(0,0);(0,1);(0,2) | I= | sp=97,97,23 | ip=
0 | 8 | S=(0,0);(0,1);(0,2) | I= | sp=97,97,33 | ip=
0 | 8 | S=(0,0);(0,1);(0,2) | I= | sp=97,9912,1 | ip=
0 | 8 | S=(0,0);(0,1);(0,2) | I= | sp=97,9913,882 | ip=
0 | 8 | S=(0,0);(0,1);(0,2) | I= | sp=97,925,882 | ip=
0 | 8 | S=(0,0);(0,1);(0,2) | I= | sp=97,952,1 | ip=
0 | 8 | S=(0,0);(0,1);(0,2) | I= | sp=98,1,918 | ip=
0 | 8 | S=(0,0);(0,1);(0,2) | I= | sp=98,882,924 | ip=
0 | 8 | S=(0,0);(0,1);(0,2) | I= | sp=98,98,98 | ip=
0 | 8 | S=(0,0);(0,1);(0,2) | I= | sp=98,918,1 | ip=
0 | 8 | S=(0,0);(0,1);(0,2) | I= | sp=98,924,882 | ip=
0 | 8 | S=(0,0);(0,1);(0,2) | I= | sp=99,1,882 | ip=
0 | 8 | S=(0,0);(0,1);(0,2) | I= | sp=99,882,1 | ip=
0 | 8 | S=(0,0);(0,1);(0,2) | I= | sp=910,1,1 | ip=
0 | 8 | S=(0,0);(0,1);(0,2) | I= | sp=911,1,883 | ip=
0 | 8 | S=(0,0);(0,1);(0,2) | I= | sp=911,1,23 | ip=
0 | 8 | S=(0,0);(0,1);(0,2) | I= | sp=911,1,33 | ip=
0 | 8 | S=(0,0);(0,1);(0,2) | I= | sp=911,882,882 | ip=
0 | 8 | S=(0,0);(0,1);(0,2) | I= | sp=911,883,1 | ip=
0 | 8 | S=(0,0);(0,1);(0,2) | I= | sp=911,23,1 | ip=
0 | 8 | S=(0,0);(0,1);(0,2) | I= | sp=911,33,1 | ip=
0 | 8 | S=(0,0);(0,1);(0,2) | I= | sp=34,1,883 | ip=
0 | 8 | S=(0,0);(0,1);(0,2) | I= | sp=34,1,23 | ip=
0 | 8 | S=(0,0);(0,1);(0,2) | I= | sp=34,1,33 | ip=
0 | 8 | S=(0,0);(0,1);(0,2) | I= | sp=34,882,882 | ip=
0 | 8 | S=(0,0);(0,1);(0,2) | I= | sp=34,883,1 | ip=
0 | 8 | S=(0,0);(0,1);(0,2) | I= | sp=34,23,1 | ip=
0 | 8 | S=(0,0);(0,1);(0,2) | I= | sp=34,33,1 | ip=
0 | 8 | S=(0,0);(0,1);(0,2) | I= | sp=44,1,883 | ip=
0 | 8 | S=(0,0);(0,1);(0,2) | I= | sp=44,1,23 | ip=
0 | 8 | S=(0,0);(0,1);(0,2) | I= | sp=44,1,33 | ip=
0 | 8 | S=(0,0);(0,1);(0,2) | I= | sp=44,882,882 | ip=
0 | 8 | S=(0,0);(0,1);(0,2) | I= | sp=44,883,1 | ip=
0 | 8 | S=(0,0);(0,1);(0,2) | I= | sp=44,23,1 | ip=
0 | 8 | S=(0,0);(0,1);(0,2) | I= | sp=44,33,1 | ip=
0 | 8 | S=(0,0);(0,1);(0,2) | I= | sp=35,1,882 | ip=
0 | 8 | S=(0,0);(0,1);(0,2) | I= | sp=35,882,1 | ip=
0 | 8 | S=(0,0);(0,1);(0,2) | I= | sp=45,1,882 | ip=
0 | 8 | S=(0,0);(0,1);(0,2) | I= | sp=45,882,1 | ip=
0 | 8 | S=(0,0);(0,1);(0,2) | I= | sp=54,1,883 | ip=
0 | 8 | S=(0,0);(0,1);(0,2) | I= | sp=54,1,23 | ip=
0 | 8 | S=(0,0);(0,1);(0,2) | I= | sp=54,1,33 | ip=
0 | 8 | S=(0,0);(0,1);(0,2) | I= | sp=54,882,882 | ip=
0 | 8 | S=(0,0);(0,1);(0,2) | I= | sp=54,883,1 | ip=
0 | 8 | S=(0,0);(0,1);(0,2) | I= | sp=54,23,1 | ip=
0 | 8 | S=(0,0);(0,1);(0,2) | I= | sp=54,33,1 | ip=
0 | 8 | S=(0,0);(0,1);(0,2) | I= | sp=55,1,882 | ip=
0 | 8 | S=(0,0);(0,1);(0,2) | I= | sp=55,882,1 | ip=
0 | 8 | S=(0,0);(0,1);(0,2) | I= | sp=99920,1,883 | ip=
0 | 8 | S=(0,0);(0,1);(0,2) | I= | sp=99920,1,23 | ip=
0 | 8 | S=(0,0);(0,1);(0,2) | I= | sp=99920,1,33 | ip=
0 | 8 | S=(0,0);(0,1);(0,2) | I= | sp=99920,882,882 | ip=
0 | 8 | S=(0,0);(0,1);(0,2) | I= | sp=99920,883,1 | ip=
0 | 8 | S=(0,0);(0,1);(0,2) | I= | sp=99920,23,1 | ip=
0 | 8 | S=(0,0);(0,1);(0,2) | I= | sp=99920,33,1 | ip=
0 | 8 | S=(0,0);(0,1);(0,2) | I= | sp=99930,1,882 | ip=
0 | 8 | S=(0,0);(0,1);(0,2) | I= | sp=99930,882,1 | ip=
0 | 8 | S=(0,0);(0,1);(0,2) | I= | sp=995,1,882 | ip=
0 | 8 | S=(0,0);(0,1);(0,2) | I= | sp=995,882,1 | ip=
0 | 8 | S=(0,0);(0,1);(0,2) | I= | sp=996,1,1 | ip=
0 | 8 | S=(0,0);(0,1);(0,2) | I= | sp=997,1,1 | ip=
0 | 8 | S=(0,0);(0,1);(0,2) | I= | sp=9912,1,97 | ip=
0 | 8 | S=(0,0);(0,1);(0,2) | I= | sp=9912,97,1 | ip=
0 | 8 | S=(0,0);(0,1);(0,2) | I= | sp=9913,1,93 | ip=
0 | 8 | S=(0,0);(0,1);(0,2) | I= | sp=9913,1,9913 | ip=
0 | 8 | S=(0,0);(0,1);(0,2) | I= | sp=9913,1,925 | ip=
0 | 8 | S=(0,0);(0,1);(0,2) | I= | sp=9913,882,97 | ip=
0 | 8 | S=(0,0);(0,1);(0,2) | I= | sp=9913,93,1 | ip=
0 | 8 | S=(0,0);(0,1);(0,2) | I= | sp=9913,97,882 | ip=
0 | 8 | S=(0,0);(0,1);(0,2) | I= | sp=9913,9913,1 | ip=
0 | 8 | S=(0,0);(0,1);(0,2) | I= | sp=9913,925,1 | ip=
0 | 8 | S=(0,0);(0,1);(0,2) | I= | sp=9914,1,883 | ip=
0 | 8 | S=(0,0);(0,1);(0,2) | I= | sp=9914,1,23 | ip=
0 | 8 | S=(0,0);(0,1);(0,2) | I= | sp=9914,1,33 | ip=
0 | 8 | S=(0,0);(0,1);(0,2) | I= | sp=9914,882,882 | ip=
0 | 8 | S=(0,0);(0,1);(0,2) | I= | sp=9914,883,1 | ip=
0 | 8 | S=(0,0);(0,1);(0,2) | I= | sp=9914,23,1 | ip=
0 | 8 | S=(0,0);(0,1);(0,2) | I= | sp=9914,33,1 | ip=
0 | 8 | S=(0,0);(0,1);(0,2) | I= | sp=918,1,98 | ip=
0 | 8 | S=(0,0);(0,1);(0,2) | I= | sp=918,98,1 | ip=
0 | 8 | S=(0,0);(0,1);(0,2) | I= | sp=919,1,1 | ip=
0 | 8 | S=(0,0);(0,1);(0,2) | I= | sp=924,1,929 | ip=
0 | 8 | S=(0,0);(0,1);(0,2) | I= | sp=924,882,98 | ip=
0 | 8 | S=(0,0);(0,1);(0,2) | I= | sp=924,98,882 | ip=
0 | 8 | S=(0,0);(0,1);(0,2) | I= | sp=924,929,1 | ip=
0 | 8 | S=(0,0);(0,1);(0,2) | I= | sp=925,1,93 | ip=
0 | 8 | S=(0,0);(0,1);(0,2) | I= | sp=925,1,9913 | ip=
0 | 8 | S=(0,0);(0,1);(0,2) | I= | sp=925,1,925 | ip=
0 | 8 | S=(0,0);(0,1);(0,2) | I= | sp=925,882,97 | ip=
0 | 8 | S=(0,0);(0,1);(0,2) | I= | sp=925,93,1 | ip=
0 | 8 | S=(0,0);(0,1);(0,2) | I= | sp=925,97,882 | ip=
0 | 8 | S=(0,0);(0,1);(0,2) | I= | sp=925,9913,1 | ip=
0 | 8 | S=(0,0);(0,1);(0,2) | I= | sp=925,925,1 | ip=
0 | 8 | S=(0,0);(0,1);(0,2) | I= | sp=926,1,882 | ip=
0 | 8 | S=(0,0);(0,1);(0,2) | I= | sp=926,882,1 | ip=
0 | 8 | S=(0,0);(0,1);(0,2) | I= | sp=929,1,924 | ip=
0 | 8 | S=(0,0);(0,1);(0,2) | I= | sp=929,924,1 | ip=
0 | 8 | S=(0,0);(0,1);(0,2) | I= | sp=930,1,1 | ip=
0 | 8 | S=(0,0);(0,1);(0,2) | I= | sp=931,1,1 | ip=
0 | 8 | S=(0,0);(0,1);(0,2) | I= | sp=933,1,882 | ip=
0 | 8 | S=(0,0);(0,1);(0,2) | I= | sp=933,882,1 | ip=
0 | 8 | S=(0,0);(0,1);(0,2) | I= | sp=944,1,883 | ip=
0 | 8 | S=(0,0);(0,1);(0,2) | I= | sp=944,1,23 | ip=
0 | 8 | S=(0,0);(0,1);(0,2) | I= | sp=944,1,33 | ip=
0 | 8 | S=(0,0);(0,1);(0,2) | I= | sp=944,882,882 | ip=
0 | 8 | S=(0,0);(0,1);(0,2) | I= | sp=944,883,1 | ip=
0 | 8 | S=(0,0);(0,1);(0,2) | I= | sp=944,23,1 | ip=
0 | 8 | S=(0,0);(0,1);(0,2) | I= | sp=944,33,1 | ip=
0 | 8 | S=(0,0);(0,1);(0,2) | I= | sp=945,1,882 | ip=
0 | 8 | S=(0,0);(0,1);(0,2) | I= | sp=945,882,1 | ip=
0 | 8 | S=(0,0);(0,1);(0,2) | I= | sp=9915,1,1 | ip=
0 | 8 | S=(0,0);(0,1);(0,2) | I= | sp=9916,1,882 | ip=
0 | 8 | S=(0,0);(0,1);(0,2) | I= | sp=9916,882,1 | ip=
0 | 8 | S=(0,0);(0,1);(0,2) | I= | sp=946,1,1 | ip=
0 | 8 | S=(0,0);(0,1);(0,2) | I= | sp=951,1,882 | ip=
0 | 8 | S=(0,0);(0,1);(0,2) | I= | sp=951,882,1 | ip=
0 | 8 | S=(0,0);(0,1);(0,2) | I= | sp=952,1,97 | ip=
0 | 8 | S=(0,0);(0,1);(0,2) | I= | sp=952,97,1 | ip=
0 | 8 | S=(0,0);(0,1);(0,2) | I= | sp=954,1,1 | ip=
0 | 12 | S=(0,0);(0,1);(0,2) | I= | sp=1,1,8810 | ip=
0 | 12 | S=(0,0);(0,1);(0,2) | I= | sp=1,882,889 | ip=
0 | 12 | S=(0,0);(0,1);(0,2) | I= | sp=1,882,949 | ip=
0 | 12 | S=(0,0);(0,1);(0,2) | I= | sp=1,883,8881 | ip=
0 | 12 | S=(0,0);(0,1);(0,2) | I= | sp=1,883,999 | ip=
0 | 12 | S=(0,0);(0,1);(0,2) | I= | sp=1,883,948 | ip=
0 | 12 | S=(0,0);(0,1);(0,2) | I= | sp=1,884,887 | ip=
0 | 12 | S=(0,0);(0,1);(0,2) | I= | sp=1,884,95 | ip=
0 | 12 | S=(0,0);(0,1);(0,2) | I= | sp=1,884,998 | ip=
0 | 12 | S=(0,0);(0,1);(0,2) | I= | sp=1,884,923 | ip=
0 | 12 | S=(0,0);(0,1);(0,2) | I= | sp=1,884,950 | ip=
0 | 12 | S=(0,0);(0,1);(0,2) | I= | sp=1,885,886 | ip=
0 | 12 | S=(0,0);(0,1);(0,2) | I= | sp=1,885,94 | ip=
0 | 12 | S=(0,0);(0,1);(0,2) | I= | sp=1,885,996 | ip=
0 | 12 | S=(0,0);(0,1);(0,2) | I= | sp=1,885,919 | ip=
0 | 12 | S=(0,0);(0,1);(0,2) | I= | sp=1,885,9915 | ip=
0 | 12 | S=(0,0);(0,1);(0,2) | I= | sp=1,885,946 | ip=
0 | 12 | S=(0,0);(0,1);(0,2) | I= | sp=1,886,885 | ip=
0 | 12 | S=(0,0);(0,1);(0,2) | I= | sp=1,886,96 | ip=
0 | 12 | S=(0,0);(0,1);(0,2) | I= | sp=1,886,35 | ip=
0 | 12 | S=(0,0);(0,1);(0,2) | I= | sp=1,886,45 | ip=
0 | 12 | S=(0,0);(0,1);(0,2) | I= | sp=1,886,55 | ip=
0 | 12 | S=(0,0);(0,1);(0,2) | I= | sp=1,886,99930 | ip=
0 | 12 | S=(0,0);(0,1);(0,2) | I= | sp=1,886,945 | ip=
0 | 12 | S=(0,0);(0,1);(0,2) | I= | sp=1,887,884 | ip=
0 | 12 | S=(0,0);(0,1);(0,2) | I= | sp=1,887,24 | ip=
0 | 12 | S=(0,0);(0,1);(0,2) | I= | sp=1,8881,883 | ip=
0 | 12 | S=(0,0);(0,1);(0,2) | I= | sp=1,889,882 | ip=
0 | 12 | S=(0,0);(0,1);(0,2) | I= | sp=1,8810,1 | ip=
0 | 12 | S=(0,0);(0,1);(0,2) | I= | sp=1,24,887 | ip=
0 | 12 | S=(0,0);(0,1);(0,2) | I= | sp=1,24,95 | ip=
0 | 12 | S=(0,0);(0,1);(0,2) | I= | sp=1,24,998 | ip=
0 | 12 | S=(0,0);(0,1);(0,2) | I= | sp=1,24,923 | ip=
0 | 12 | S=(0,0);(0,1);(0,2) | I= | sp=1,24,950 | ip=
0 | 12 | S=(0,0);(0,1);(0,2) | I= | sp=1,94,885 | ip=
0 | 12 | S=(0,0);(0,1);(0,2) | I= | sp=1,94,96 | ip=
0 | 12 | S=(0,0);(0,1);(0,2) | I= | sp=1,94,35 | ip=
0 | 12 | S=(0,0);(0,1);(0,2) | I= | sp=1,94,45 | ip=
0 | 12 | S=(0,0);(0,1);(0,2) | I= | sp=1,94,55 | ip=
0 | 12 | S=(0,0);(0,1);(0,2) | I= | sp=1,94,99930 | ip=
0 | 12 | S=(0,0);(0,1);(0,2) | I= | sp=1,94,945 | ip=
0 | 12 | S=(0,0);(0,1);(0,2) | I= | sp=1,95,884 | ip=
0 | 12 | S=(0,0);(0,1);(0,2) | I= | sp=1,95,24 | ip=
0 | 12 | S=(0,0);(0,1);(0,2) | I= | sp=1,96,886 | ip=
0 | 12 | S=(0,0);(0,1);(0,2) | I= | sp=1,96,94 | ip=
0 | 12 | S=(0,0);(0,1);(0,2) | I= | sp=1,96,996 | ip=
0 | 12 | S=(0,0);(0,1);(0,2) | I= | sp=1,96,919 | ip=
0 | 12 | S=(0,0);(0,1);(0,2) | I= | sp=1,96,9915 | ip=
0 | 12 | S=(0,0);(0,1);(0,2) | I= | sp=1,96,946 | ip=
0 | 12 | S=(0,0);(0,1);(0,2) | I= | sp=1,35,886 | ip=
0 | 12 | S=(0,0);(0,1);(0,2) | I= | sp=1,35,94 | ip=
0 | 12 | S=(0,0);(0,1);(0,2) | I= | sp=1,35,996 | ip=
0 | 12 | S=(0,0);(0,1);(0,2) | I= | sp=1,35,919 | ip=
0 | 12 | S=(0,0);(0,1);(0,2) | I= | sp=1,35,9915 | ip=
0 | 12 | S=(0,0);(0,1);(0,2) | I= | sp=1,35,946 | ip=
0 | 12 | S=(0,0);(0,1);(0,2) | I= | sp=1,45,886 | ip=
0 | 12 | S=(0,0);(0,1);(0,2) | I= | sp=1,45,94 | ip=
0 | 12 | S=(0,0);(0,1);(0,2) | I= | sp=1,45,996 | ip=
0 | 12 | S=(0,0);(0,1);(0,2) | I= | sp=1,45,919 | ip=
0 | 12 | S=(0,0);(0,1);(0,2) | I= | sp=1,45,9915 | ip=
0 | 12 | S=(0,0);(0,1);(0,2) | I= | sp=1,45,946 | ip=
0 | 12 | S=(0,0);(0,1);(0,2) | I= | sp=1,55,886 | ip=
0 | 12 | S=(0,0);(0,1);(0,2) | I= | sp=1,55,94 | ip=
0 | 12 | S=(0,0);(0,1);(0,2) | I= | sp=1,55,996 | ip=
0 | 12 | S=(0,0);(0,1);(0,2) | I= | sp=1,55,919 | ip=
0 | 12 | S=(0,0);(0,1);(0,2) | I= | sp=1,55,9915 | ip=
0 | 12 | S=(0,0);(0,1);(0,2) | I= | sp=1,55,946 | ip=
0 | 12 | S=(0,0);(0,1);(0,2) | I= | sp=1,99930,886 | ip=
0 | 12 | S=(0,0);(0,1);(0,2) | I= | sp=1,99930,94 | ip=
0 | 12 | S=(0,0);(0,1);(0,2) | I= | sp=1,99930,996 | ip=
0 | 12 | S=(0,0);(0,1);(0,2) | I= | sp=1,99930,919 | ip=
0 | 12 | S=(0,0);(0,1);(0,2) | I= | sp=1,99930,9915 | ip=
0 | 12 | S=(0,0);(0,1);(0,2) | I= | sp=1,99930,946 | ip=
0 | 12 | S=(0,0);(0,1);(0,2) | I= | sp=1,996,885 | ip=
0 | 12 | S=(0,0);(0,1);(0,2) | I= | sp=1,996,96 | ip=
0 | 12 | S=(0,0);(0,1);(0,2) | I= | sp=1,996,35 | ip=
0 | 12 | S=(0,0);(0,1);(0,2) | I= | sp=1,996,45 | ip=
0 | 12 | S=(0,0);(0,1);(0,2) | I= | sp=1,996,55 | ip=
0 | 12 | S=(0,0);(0,1);(0,2) | I= | sp=1,996,99930 | ip=
0 | 12 | S=(0,0);(0,1);(0,2) | I= | sp=1,996,945 | ip=
0 | 12 | S=(0,0);(0,1);(0,2) | I= | sp=1,998,884 | ip=
0 | 12 | S=(0,0);(0,1);(0,2) | I= | sp=1,998,24 | ip=
0 | 12 | S=(0,0);(0,1);(0,2) | I= | sp=1,999,883 | ip=
0 | 12 | S=(0,0);(0,1);(0,2) | I= | sp=1,919,885 | ip=
0 | 12 | S=(0,0);(0,1);(0,2) | I= | sp=1,919,96 | ip=
0 | 12 | S=(0,0);(0,1);(0,2) | I= | sp=1,919,35 | ip=
0 | 12 | S=(0,0);(0,1);(0,2) | I= | sp=1,919,45 | ip=
0 | 12 | S=(0,0);(0,1);(0,2) | I= | sp=1,919,55 | ip=
0 | 12 | S=(0,0);(0,1);(0,2) | I= | sp=1,919,99930 | ip=
0 | 12 | S=(0,0);(0,1);(0,2) | I= | sp=1,919,945 | ip=
0 | 12 | S=(0,0);(0,1);(0,2) | I= | sp=1,923,884 | ip=
0 | 12 | S=(0,0);(0,1);(0,2) | I= | sp=1,923,24 | ip=
0 | 12 | S=(0,0);(0,1);(0,2) | I= | sp=1,945,886 | ip=
0 | 12 | S=(0,0);(0,1);(0,2) | I= | sp=1,945,94 | ip=
0 | 12 | S=(0,0);(0,1);(0,2) | I= | sp=1,945,996 | ip=
0 | 12 | S=(0,0);(0,1);(0,2) | I= | sp=1,945,919 | ip=
0 | 12 | S=(0,0);(0,1);(0,2) | I= | sp=1,945,9915 | ip=
0 | 12 | S=(0,0);(0,1);(0,2) | I= | sp=1,945,946 | ip=
0 | 12 | S=(0,0);(0,1);(0,2) | I= | sp=1,9915,885 | ip=
0 | 12 | S=(0,0);(0,1);(0,2) | I= | sp=1,9915,96 | ip=
0 | 12 | S=(0,0);(0,1);(0,2) | I= | sp=1,9915,35 | ip=
0 | 12 | S=(0,0);(0,1);(0,2) | I= | sp=1,9915,45 | ip=
0 | 12 | S=(0,0);(0,1);(0,2) | I= | sp=1,9915,55 | ip=
0 | 12 | S=(0,0);(0,1);(0,2) | I= | sp=1,9915,99930 | ip=
0 | 12 | S=(0,0);(0,1);(0,2) | I= | sp=1,9915,945 | ip=
0 | 12 | S=(0,0);(0,1);(0,2) | I= | sp=1,946,885 | ip=
0 | 12 | S=(0,0);(0,1);(0,2) | I= | sp=1,946,96 | ip=
0 | 12 | S=(0,0);(0,1);(0,2) | I= | sp=1,946,35 | ip=
0 | 12 | S=(0,0);(0,1);(0,2) | I= | sp=1,946,45 | ip=
0 | 12 | S=(0,0);(0,1);(0,2) | I= | sp=1,946,55 | ip=
0 | 12 | S=(0,0);(0,1);(0,2) | I= | sp=1,946,99930 | ip=
0 | 12 | S=(0,0);(0,1);(0,2) | I= | sp=1,946,945 | ip=
0 | 12 | S=(0,0);(0,1);(0,2) | I= | sp=1,947,947 | ip=
0 | 12 | S=(0,0);(0,1);(0,2) | I= | sp=1,948,883 | ip=
0 | 12 | S=(0,0);(0,1);(0,2) | I= | sp=1,949,882 | ip=
0 | 12 | S=(0,0);(0,1);(0,2) | I= | sp=1,950,884 | ip=
0 | 12 | S=(0,0);(0,1);(0,2) | I= | sp=1,950,24 | ip=
0 | 12 | S=(0,0);(0,1);(0,2) | I= | sp=882,1,889 | ip=
0 | 12 | S=(0,0);(0,1);(0,2) | I= | sp=882,1,949 | ip=
0 | 12 | S=(0,0);(0,1);(0,2) | I= | sp=882,882,8881 | ip=
0 | 12 | S=(0,0);(0,1);(0,2) | I= | sp=882,882,999 | ip=
0 | 12 | S=(0,0);(0,1);(0,2) | I= | sp=882,882,948 | ip=
0 | 12 | S=(0,0);(0,1);(0,2) | I= | sp=882,883,887 | ip=
0 | 12 | S=(0,0);(0,1);(0,2) | I= | sp=882,883,95 | ip=
0 | 12 | S=(0,0);(0,1);(0,2) | I= | sp=882,883,998 | ip=
0 | 12 | S=(0,0);(0,1);(0,2) | I= | sp=882,883,923 | ip=
0 | 12 | S=(0,0);(0,1);(0,2) | I= | sp=882,883,950 | ip=
0 | 12 | S=(0,0);(0,1);(0,2) | I= | sp=882,884,886 | ip=
0 | 12 | S=(0,0);(0,1);(0,2) | I= | sp=882,884,94 | ip=
0 | 12 | S=(0,0);(0,1);(0,2) | I= | sp=882,884,996 | ip=
0 | 12 | S=(0,0);(0,1);(0,2) | I= | sp=882,884,919 | ip=
0 | 12 | S=(0,0);(0,1);(0,2) | I= | sp=882,884,9915 | ip=
0 | 12 | S=(0,0);(0,1);(0,2) | I= | sp=882,884,946 | ip=
0 | 12 | S=(0,0);(0,1);(0,2) | I= | sp=882,885,885 | ip=
0 | 12 | S=(0,0);(0,1);(0,2) | I= | sp=882,885,96 | ip=
0 | 12 | S=(0,0);(0,1);(0,2) | I= | sp=882,885,35 | ip=
0 | 12 | S=(0,0);(0,1);(0,2) | I= | sp=882,885,45 | ip=
0 | 12 | S=(0,0);(0,1);(0,2) | I= | sp=882,885,55 | ip=
0 | 12 | S=(0,0);(0,1);(0,2) | I= | sp=882,885,99930 | ip=
0 | 12 | S=(0,0);(0,1);(0,2) | I= | sp=882,885,945 | ip=
0 | 12 | S=(0,0);(0,1);(0,2) | I= | sp=882,886,884 | ip=
0 | 12 | S=(0,0);(0,1);(0,2) | I= | sp=882,886,24 | ip=
0 | 12 | S=(0,0);(0,1);(0,2) | I= | sp=882,887,883 | ip=
0 | 12 | S=(0,0);(0,1);(0,2) | I= | sp=882,8881,882 | ip=
0 | 12 | S=(0,0);(0,1);(0,2) | I= | sp=882,889,1 | ip=
0 | 12 | S=(0,0);(0,1);(0,2) | I= | sp=882,24,886 | ip=
0 | 12 | S=(0,0);(0,1);(0,2) | I= | sp=882,24,94 | ip=
0 | 12 | S=(0,0);(0,1);(0,2) | I= | sp=882,24,996 | ip=
0 | 12 | S=(0,0);(0,1);(0,2) | I= | sp=882,24,919 | ip=
0 | 12 | S=(0,0);(0,1);(0,2) | I= | sp=882,24,9915 | ip=
0 | 12 | S=(0,0);(0,1);(0,2) | I= | sp=882,24,946 | ip=
0 | 12 | S=(0,0);(0,1);(0,2) | I= | sp=882,94,884 | ip=
0 | 12 | S=(0,0);(0,1);(0,2) | I= | sp=882,94,24 | ip=
0 | 12 | S=(0,0);(0,1);(0,2) | I= | sp=882,95,883 | ip=
0 | 12 | S=(0,0);(0,1);(0,2) | I= | sp=882,96,885 | ip=
0 | 12 | S=(0,0);(0,1);(0,2) | I= | sp=882,96,96 | ip=
0 | 12 | S=(0,0);(0,1);(0,2) | I= | sp=882,96,35 | ip=
0 | 12 | S=(0,0);(0,1);(0,2) | I= | sp=882,96,45 | ip=
0 | 12 | S=(0,0);(0,1);(0,2) | I= | sp=882,96,55 | ip=
0 | 12 | S=(0,0);(0,1);(0,2) | I= | sp=882,96,99930 | ip=
0 | 12 | S=(0,0);(0,1);(0,2) | I= | sp=882,96,945 | ip=
0 | 12 | S=(0,0);(0,1);(0,2) | I= | sp=882,35,885 | ip=
0 | 12 | S=(0,0);(0,1);(0,2) | I= | sp=882,35,96 | ip=
0 | 12 | S=(0,0);(0,1);(0,2) | I= | sp=882,35,35 | ip=
0 | 12 | S=(0,0);(0,1);(0,2) | I= | sp=882,35,45 | ip=
0 | 12 | S=(0,0);(0,1);(0,2) | I= | sp=882,35,55 | ip=
0 | 12 | S=(0,0);(0,1);(0,2) | I= | sp=882,35,99930 | ip=
0 | 12 | S=(0,0);(0,1);(0,2) | I= | sp=882,35,945 | ip=
0 | 12 | S=(0,0);(0,1);(0,2) | I= | sp=882,45,885 | ip=
0 | 12 | S=(0,0);(0,1);(0,2) | I= | sp=882,45,96 | ip=
0 | 12 | S=(0,0);(0,1);(0,2) | I= | sp=882,45,35 | ip=
0 | 12 | S=(0,0);(0,1);(0,2) | I= | sp=882,45,45 | ip=
0 | 12 | S=(0,0);(0,1);(0,2) | I= | sp=882,45,55 | ip=
0 | 12 | S=(0,0);(0,1);(0,2) | I= | sp=882,45,99930 | ip=
0 | 12 | S=(0,0);(0,1);(0,2) | I= | sp=882,45,945 | ip=
0 | 12 | S=(0,0);(0,1);(0,2) | I= | sp=882,55,885 | ip=
0 | 12 | S=(0,0);(0,1);(0,2) | I= | sp=882,55,96 | ip=
0 | 12 | S=(0,0);(0,1);(0,2) | I= | sp=882,55,35 | ip=
0 | 12 | S=(0,0);(0,1);(0,2) | I= | sp=882,55,45 | ip=
0 | 12 | S=(0,0);(0,1);(0,2) | I= | sp=882,55,55 | ip=
0 | 12 | S=(0,0);(0,1);(0,2) | I= | sp=882,55,99930 | ip=
0 | 12 | S=(0,0);(0,1);(0,2) | I= | sp=882,55,945 | ip=
0 | 12 | S=(0,0);(0,1);(0,2) | I= | sp=882,99930,885 | ip=
0 | 12 | S=(0,0);(0,1);(0,2) | I= | sp=882,99930,96 | ip=
0 | 12 | S=(0,0);(0,1);(0,2) | I= | sp=882,99930,35 | ip=
0 | 12 | S=(0,0);(0,1);(0,2) | I= | sp=882,99930,45 | ip=
0 | 12 | S=(0,0);(0,1);(0,2) | I= | sp=882,99930,55 | ip=
0 | 12 | S=(0,0);(0,1);(0,2) | I= | sp=882,99930,99930 | ip=
0 | 12 | S=(0,0);(0,1);(0,2) | I= | sp=882,99930,945 | ip=
0 | 12 | S=(0,0);(0,1);(0,2) | I= | sp=882,996,884 | ip=
0 | 12 | S=(0,0);(0,1);(0,2) | I= | sp=882,996,24 | ip=
0 | 12 | S=(0,0);(0,1);(0,2) | I= | sp=882,998,883 | ip=
0 | 12 | S=(0,0);(0,1);(0,2) | I= | sp=882,999,882 | ip=
0 | 12 | S=(0,0);(0,1);(0,2) | I= | sp=882,9912,947 | ip=
0 | 12 | S=(0,0);(0,1);(0,2) | I= | sp=882,919,884 | ip=
0 | 12 | S=(0,0);(0,1);(0,2) | I= | sp=882,919,24 | ip=
0 | 12 | S=(0,0);(0,1);(0,2) | I= | sp=882,923,883 | ip=
0 | 12 | S=(0,0);(0,1);(0,2) | I= | sp=882,945,885 | ip=
0 | 12 | S=(0,0);(0,1);(0,2) | I= | sp=882,945,96 | ip=
0 | 12 | S=(0,0);(0,1);(0,2) | I= | sp=882,945,35 | ip=
0 | 12 | S=(0,0);(0,1);(0,2) | I= | sp=882,945,45 | ip=
0 | 12 | S=(0,0);(0,1);(0,2) | I= | sp=882,945,55 | ip=
0 | 12 | S=(0,0);(0,1);(0,2) | I= | sp=882,945,99930 | ip=
0 | 12 | S=(0,0);(0,1);(0,2) | I= | sp=882,945,945 | ip=
0 | 12 | S=(0,0);(0,1);(0,2) | I= | sp=882,9915,884 | ip=
0 | 12 | S=(0,0);(0,1);(0,2) | I= | sp=882,9915,24 | ip=
0 | 12 | S=(0,0);(0,1);(0,2) | I= | sp=882,946,884 | ip=
0 | 12 | S=(0,0);(0,1);(0,2) | I= | sp=882,946,24 | ip=
0 | 12 | S=(0,0);(0,1);(0,2) | I= | sp=882,947,9912 | ip=
0 | 12 | S=(0,0);(0,1);(0,2) | I= | sp=882,948,882 | ip=
0 | 12 | S=(0,0);(0,1);(0,2) | I= | sp=882,949,1 | ip=
0 | 12 | S=(0,0);(0,1);(0,2) | I= | sp=882,950,883 | ip=
0 | 12 | S=(0,0);(0,1);(0,2) | I= | sp=883,1,8881 | ip=
0 | 12 | S=(0,0);(0,1);(0,2) | I= | sp=883,1,999 | ip=
0 | 12 | S=(0,0);(0,1);(0,2) | I= | sp=883,1,948 | ip=
0 | 12 | S=(0,0);(0,1);(0,2) | I= | sp=883,882,887 | ip=
0 | 12 | S=(0,0);(0,1);(0,2) | I= | sp=883,882,95 | ip=
0 | 12 | S=(0,0);(0,1);(0,2) | I= | sp=883,882,998 | ip=
0 | 12 | S=(0,0);(0,1);(0,2) | I= | sp=883,882,923 | ip=
0 | 12 | S=(0,0);(0,1);(0,2) | I= | sp=883,882,950 | ip=
0 | 12 | S=(0,0);(0,1);(0,2) | I= | sp=883,883,886 | ip=
0 | 12 | S=(0,0);(0,1);(0,2) | I= | sp=883,883,94 | ip=
0 | 12 | S=(0,0);(0,1);(0,2) | I= | sp=883,883,996 | ip=
0 | 12 | S=(0,0);(0,1);(0,2) | I= | sp=883,883,919 | ip=
0 | 12 | S=(0,0);(0,1);(0,2) | I= | sp=883,883,9915 | ip=
0 | 12 | S=(0,0);(0,1);(0,2) | I= | sp=883,883,946 | ip=
0 | 12 | S=(0,0);(0,1);(0,2) | I= | sp=883,884,885 | ip=
0 | 12 | S=(0,0);(0,1);(0,2) | I= | sp=883,884,96 | ip=
0 | 12 | S=(0,0);(0,1);(0,2) | I= | sp=883,884,35 | ip=
0 | 12 | S=(0,0);(0,1);(0,2) | I= | sp=883,884,45 | ip=
0 | 12 | S=(0,0);(0,1);(0,2) | I= | sp=883,884,55 | ip=
0 | 12 | S=(0,0);(0,1);(0,2) | I= | sp=883,884,99930 | ip=
0 | 12 | S=(0,0);(0,1);(0,2) | I= | sp=883,884,945 | ip=
0 | 12 | S=(0,0);(0,1);(0,2) | I= | sp=883,885,884 | ip=
0 | 12 | S=(0,0);(0,1);(0,2) | I= | sp=883,885,24 | ip=
0 | 12 | S=(0,0);(0,1);(0,2) | I= | sp=883,886,883 | ip=
0 | 12 | S=(0,0);(0,1);(0,2) | I= | sp=883,887,882 | ip=
0 | 12 | S=(0,0);(0,1);(0,2) | I= | sp=883,8881,1 | ip=
0 | 12 | S=(0,0);(0,1);(0,2) | I= | sp=883,24,885 | ip=
0 | 12 | S=(0,0);(0,1);(0,2) | I= | sp=883,24,96 | ip=
0 | 12 | S=(0,0);(0,1);(0,2) | I= | sp=883,24,35 | ip=
0 | 12 | S=(0,0);(0,1);(0,2) | I= | sp=883,24,45 | ip=
0 | 12 | S=(0,0);(0,1);(0,2) | I= | sp=883,24,55 | ip=
0 | 12 | S=(0,0);(0,1);(0,2) | I= | sp=883,24,99930 | ip=
0 | 12 | S=(0,0);(0,1);(0,2) | I= | sp=883,24,945 | ip=
0 | 12 | S=(0,0);(0,1);(0,2) | I= | sp=883,93,947 | ip=
0 | 12 | S=(0,0);(0,1);(0,2) | I= | sp=883,94,883 | ip=
0 | 12 | S=(0,0);(0,1);(0,2) | I= | sp=883,95,882 | ip=
0 | 12 | S=(0,0);(0,1);(0,2) | I= | sp=883,96,884 | ip=
0 | 12 | S=(0,0);(0,1);(0,2) | I= | sp=883,96,24 | ip=
0 | 12 | S=(0,0);(0,1);(0,2) | I= | sp=883,35,884 | ip=
0 | 12 | S=(0,0);(0,1);(0,2) | I= | sp=883,35,24 | ip=
0 | 12 | S=(0,0);(0,1);(0,2) | I= | sp=883,45,884 | ip=
0 | 12 | S=(0,0);(0,1);(0,2) | I= | sp=883,45,24 | ip=
0 | 12 | S=(0,0);(0,1);(0,2) | I= | sp=883,55,884 | ip=
0 | 12 | S=(0,0);(0,1);(0,2) | I= | sp=883,55,24 | ip=
0 | 12 | S=(0,0);(0,1);(0,2) | I= | sp=883,99930,884 | ip=
0 | 12 | S=(0,0);(0,1);(0,2) | I= | sp=883,99930,24 | ip=
0 | 12 | S=(0,0);(0,1);(0,2) | I= | sp=883,996,883 | ip=
0 | 12 | S=(0,0);(0,1);(0,2) | I= | sp=883,998,882 | ip=
0 | 12 | S=(0,0);(0,1);(0,2) | I= | sp=883,999,1 | ip=
0 | 12 | S=(0,0);(0,1);(0,2) | I= | sp=883,9912,9912 | ip=
0 | 12 | S=(0,0);(0,1);(0,2) | I= | sp=883,918,922 | ip=
0 | 12 | S=(0,0);(0,1);(0,2) | I= | sp=883,919,883 | ip=
0 | 12 | S=(0,0);(0,1);(0,2) | I= | sp=883,922,918 | ip=
0 | 12 | S=(0,0);(0,1);(0,2) | I= | sp=883,923,882 | ip=
0 | 12 | S=(0,0);(0,1);(0,2) | I= | sp=883,945,884 | ip=
0 | 12 | S=(0,0);(0,1);(0,2) | I= | sp=883,945,24 | ip=
0 | 12 | S=(0,0);(0,1);(0,2) | I= | sp=883,9915,883 | ip=
0 | 12 | S=(0,0);(0,1);(0,2) | I= | sp=883,946,883 | ip=
0 | 12 | S=(0,0);(0,1);(0,2) | I= | sp=883,947,93 | ip=
0 | 12 | S=(0,0);(0,1);(0,2) | I= | sp=883,948,1 | ip=
0 | 12 | S=(0,0);(0,1);(0,2) | I= | sp=883,950,882 | ip=
0 | 12 | S=(0,0);(0,1);(0,2) | I= | sp=884,1,887 | ip=
0 | 12 | S=(0,0);(0,1);(0,2) | I= | sp=884,1,95 | ip=
0 | 12 | S=(0,0);(0,1);(0,2) | I= | sp=884,1,998 | ip=
0 | 12 | S=(0,0);(0,1);(0,2) | I= | sp=884,1,923 | ip=
0 | 12 | S=(0,0);(0,1);(0,2) | I= | sp=884,1,950 | ip=
0 | 12 | S=(0,0);(0,1);(0,2) | I= | sp=884,882,886 | ip=
0 | 12 | S=(0,0);(0,1);(0,2) | I= | sp=884,882,94 | ip=
0 | 12 | S=(0,0);(0,1);(0,2) | I= | sp=884,882,996 | ip=
0 | 12 | S=(0,0);(0,1);(0,2) | I= | sp=884,882,919 | ip=
0 | 12 | S=(0,0);(0,1);(0,2) | I= | sp=884,882,9915 | ip=
0 | 12 | S=(0,0);(0,1);(0,2) | I= | sp=884,882,946 | ip=
0 | 12 | S=(0,0);(0,1);(0,2) | I= | sp=884,883,885 | ip=
0 | 12 | S=(0,0);(0,1);(0,2) | I= | sp=884,883,96 | ip=
0 | 12 | S=(0,0);(0,1);(0,2) | I= | sp=884,883,35 | ip=
0 | 12 | S=(0,0);(0,1);(0,2) | I= | sp=884,883,45 | ip=
0 | 12 | S=(0,0);(0,1);(0,2) | I= | sp=884,883,55 | ip=
0 | 12 | S=(0,0);(0,1);(0,2) | I= | sp=884,883,99930 | ip=
0 | 12 | S=(0,0);(0,1);(0,2) | I= | sp=884,883,945 | ip=
0 | 12 | S=(0,0);(0,1);(0,2) | I= | sp=884,884,884 | ip=
0 | 12 | S=(0,0);(0,1);(0,2) | I= | sp=884,884,24 | ip=
0 | 12 | S=(0,0);(0,1);(0,2) | I= | sp=884,885,883 | ip=
0 | 12 | S=(0,0);(0,1);(0,2) | I= | sp=884,886,882 | ip=
0 | 12 | S=(0,0);(0,1);(0,2) | I= | sp=884,887,1 | ip=
0 | 12 | S=(0,0);(0,1);(0,2) | I= | sp=884,24,884 | ip=
0 | 12 | S=(0,0);(0,1);(0,2) | I= | sp=884,24,24 | ip=
0 | 12 | S=(0,0);(0,1);(0,2) | I= | sp=884,93,9912 | ip=
0 | 12 | S=(0,0);(0,1);(0,2) | I= | sp=884,94,882 | ip=
0 | 12 | S=(0,0);(0,1);(0,2) | I= | sp=884,95,1 | ip=
0 | 12 | S=(0,0);(0,1);(0,2) | I= | sp=884,96,883 | ip=
0 | 12 | S=(0,0);(0,1);(0,2) | I= | sp=884,35,883 | ip=
0 | 12 | S=(0,0);(0,1);(0,2) | I= | sp=884,45,883 | ip=
0 | 12 | S=(0,0);(0,1);(0,2) | I= | sp=884,55,883 | ip=
0 | 12 | S=(0,0);(0,1);(0,2) | I= | sp=884,99930,883 | ip=
0 | 12 | S=(0,0);(0,1);(0,2) | I= | sp=884,996,882 | ip=
0 | 12 | S=(0,0);(0,1);(0,2) | I= | sp=884,998,1 | ip=
0 | 12 | S=(0,0);(0,1);(0,2) | I= | sp=884,9912,93 | ip=
0 | 12 | S=(0,0);(0,1);(0,2) | I= | sp=884,919,882 | ip=
0 | 12 | S=(0,0);(0,1);(0,2) | I= | sp=884,923,1 | ip=
0 | 12 | S=(0,0);(0,1);(0,2) | I= | sp=884,945,883 | ip=
0 | 12 | S=(0,0);(0,1);(0,2) | I= | sp=884,9915,882 | ip=
0 | 12 | S=(0,0);(0,1);(0,2) | I= | sp=884,946,882 | ip=
0 | 12 | S=(0,0);(0,1);(0,2) | I= | sp=884,950,1 | ip=
0 | 12 | S=(0,0);(0,1);(0,2) | I= | sp=885,1,886 | ip=
0 | 12 | S=(0,0);(0,1);(0,2) | I= | sp=885,1,94 | ip=
0 | 12 | S=(0,0);(0,1);(0,2) | I= | sp=885,1,996 | ip=
0 | 12 | S=(0,0);(0,1);(0,2) | I= | sp=885,1,919 | ip=
0 | 12 | S=(0,0);(0,1);(0,2) | I= | sp=885,1,9915 | ip=
0 | 12 | S=(0,0);(0,1);(0,2) | I= | sp=885,1,946 | ip=
0 | 12 | S=(0,0);(0,1);(0,2) | I= | sp=885,882,885 | ip=
0 | 12 | S=(0,0);(0,1);(0,2) | I= | sp=885,882,96 | ip=
0 | 12 | S=(0,0);(0,1);(0,2) | I= | sp=885,882,35 | ip=
0 | 12 | S=(0,0);(0,1);(0,2) | I= | sp=885,882,45 | ip=
0 | 12 | S=(0,0);(0,1);(0,2) | I= | sp=885,882,55 | ip=
0 | 12 | S=(0,0);(0,1);(0,2) | I= | sp=885,882,99930 | ip=
0 | 12 | S=(0,0);(0,1);(0,2) | I= | sp=885,882,945 | ip=
0 | 12 | S=(0,0);(0,1);(0,2) | I= | sp=885,883,884 | ip=
0 | 12 | S=(0,0);(0,1);(0,2) | I= | sp=885,883,24 | ip=
0 | 12 | S=(0,0);(0,1);(0,2) | I= | sp=885,884,883 | ip=
0 | 12 | S=(0,0);(0,1);(0,2) | I= | sp=885,885,882 | ip=
0 | 12 | S=(0,0);(0,1);(0,2) | I= | sp=885,886,1 | ip=
0 | 12 | S=(0,0);(0,1);(0,2) | I= | sp=885,24,883 | ip=
0 | 12 | S=(0,0);(0,1);(0,2) | I= | sp=885,93,93 | ip=
0 | 12 | S=(0,0);(0,1);(0,2) | I= | sp=885,94,1 | ip=
0 | 12 | S=(0,0);(0,1);(0,2) | I= | sp=885,96,882 | ip=
0 | 12 | S=(0,0);(0,1);(0,2) | I= | sp=885,35,882 | ip=
0 | 12 | S=(0,0);(0,1);(0,2) | I= | sp=885,45,882 | ip=
0 | 12 | S=(0,0);(0,1);(0,2) | I= | sp=885,55,882 | ip=
0 | 12 | S=(0,0);(0,1);(0,2) | I= | sp=885,99930,882 | ip=
0 | 12 | S=(0,0);(0,1);(0,2) | I= | sp=885,996,1 | ip=
0 | 12 | S=(0,0);(0,1);(0,2) | I= | sp=885,919,1 | ip=
0 | 12 | S=(0,0);(0,1);(0,2) | I= | sp=885,945,882 | ip=
0 | 12 | S=(0,0);(0,1);(0,2) | I= | sp=885,9915,1 | ip=
0 | 12 | S=(0,0);(0,1);(0,2) | I= | sp=885,946,1 | ip=
0 | 12 | S=(0,0);(0,1);(0,2) | I= | sp=886,1,885 | ip=
0 | 12 | S=(0,0);(0,1);(0,2) | I= | sp=886,1,96 | ip=
0 | 12 | S=(0,0);(0,1);(0,2) | I= | sp=886,1,35 | ip=
0 | 12 | S=(0,0);(0,1);(0,2) | I= | sp=886,1,45 | ip=
0 | 12 | S=(0,0);(0,1);(0,2) | I= | sp=886,1,55 | ip=
0 | 12 | S=(0,0);(0,1);(0,2) | I= | sp=886,1,99930 | ip=
0 | 12 | S=(0,0);(0,1);(0,2) | I= | sp=886,1,945 | ip=
0 | 12 | S=(0,0);(0,1);(0,2) | I= | sp=886,882,884 | ip=
0 | 12 | S=(0,0);(0,1);(0,2) | I= | sp=886,882,24 | ip=
0 | 12 | S=(0,0);(0,1);(0,2) | I= | sp=886,883,883 | ip=
0 | 12 | S=(0,0);(0,1);(0,2) | I= | sp=886,884,882 | ip=
0 | 12 | S=(0,0);(0,1);(0,2) | I= | sp=886,885,1 | ip=
0 | 12 | S=(0,0);(0,1);(0,2) | I= | sp=886,24,882 | ip=
0 | 12 | S=(0,0);(0,1);(0,2) | I= | sp=886,96,1 | ip=
0 | 12 | S=(0,0);(0,1);(0,2) | I= | sp=886,35,1 | ip=
0 | 12 | S=(0,0);(0,1);(0,2) | I= | sp=886,45,1 | ip=
0 | 12 | S=(0,0);(0,1);(0,2) | I= | sp=886,55,1 | ip=
0 | 12 | S=(0,0);(0,1);(0,2) | I= | sp=886,99930,1 | ip=
0 | 12 | S=(0,0);(0,1);(0,2) | I= | sp=886,945,1 | ip=
0 | 12 | S=(0,0);(0,1);(0,2) | I= | sp=887,1,884 | ip=
0 | 12 | S=(0,0);(0,1);(0,2) | I= | sp=887,1,24 | ip=
0 | 12 | S=(0,0);(0,1);(0,2) | I= | sp=887,882,883 | ip=
0 | 12 | S=(0,0);(0,1);(0,2) | I= | sp=887,883,882 | ip=
0 | 12 | S=(0,0);(0,1);(0,2) | I= | sp=887,884,1 | ip=
0 | 12 | S=(0,0);(0,1);(0,2) | I= | sp=887,24,1 | ip=
0 | 12 | S=(0,0);(0,1);(0,2) | I= | sp=8881,1,883 | ip=
0 | 12 | S=(0,0);(0,1);(0,2) | I= | sp=8881,882,882 | ip=
0 | 12 | S=(0,0);(0,1);(0,2) | I= | sp=8881,883,1 | ip=
0 | 12 | S=(0,0);(0,1);(0,2) | I= | sp=889,1,882 | ip=
0 | 12 | S=(0,0);(0,1);(0,2) | I= | sp=889,882,1 | ip=
0 | 12 | S=(0,0);(0,1);(0,2) | I= | sp=8810,1,1 | ip=
0 | 12 | S=(0,0);(0,1);(0,2) | I= | sp=24,1,887 | ip=
0 | 12 | S=(0,0);(0,1);(0,2) | I= | sp=24,1,95 | ip=
0 | 12 | S=(0,0);(0,1);(0,2) | I= | sp=24,1,998 | ip=
0 | 12 | S=(0,0);(0,1);(0,2) | I= | sp=24,1,923 | ip=
0 | 12 | S=(0,0);(0,1);(0,2) | I= | sp=24,1,950 | ip=
0 | 12 | S=(0,0);(0,1);(0,2) | I= | sp=24,882,886 | ip=
0 | 12 | S=(0,0);(0,1);(0,2) | I= | sp=24,882,94 | ip=
0 | 12 | S=(0,0);(0,1);(0,2) | I= | sp=24,882,996 | ip=
0 | 12 | S=(0,0);(0,1);(0,2) | I= | sp=24,882,919 | ip=
0 | 12 | S=(0,0);(0,1);(0,2) | I= | sp=24,882,9915 | ip=
0 | 12 | S=(0,0);(0,1);(0,2) | I= | sp=24,882,946 | ip=
0 | 12 | S=(0,0);(0,1);(0,2) | I= | sp=24,883,885 | ip=
0 | 12 | S=(0,0);(0,1);(0,2) | I= | sp=24,883,96 | ip=
0 | 12 | S=(0,0);(0,1);(0,2) | I= | sp=24,883,35 | ip=
0 | 12 | S=(0,0);(0,1);(0,2) | I= | sp=24,883,45 | ip=
0 | 12 | S=(0,0);(0,1);(0,2) | I= | sp=24,883,55 | ip=
0 | 12 | S=(0,0);(0,1);(0,2) | I= | sp=24,883,99930 | ip=
0 | 12 | S=(0,0);(0,1);(0,2) | I= | sp=24,883,945 | ip=
0 | 12 | S=(0,0);(0,1);(0,2) | I= | sp=24,884,884 | ip=
0 | 12 | S=(0,0);(0,1);(0,2) | I= | sp=24,884,24 | ip=
0 | 12 | S=(0,0);(0,1);(0,2) | I= | sp=24,885,883 | ip=
0 | 12 | S=(0,0);(0,1);(0,2) | I= | sp=24,886,882 | ip=
0 | 12 | S=(0,0);(0,1);(0,2) | I= | sp=24,887,1 | ip=
0 | 12 | S=(0,0);(0,1);(0,2) | I= | sp=24,24,884 | ip=
0 | 12 | S=(0,0);(0,1);(0,2) | I= | sp=24,24,24 | ip=
0 | 12 | S=(0,0);(0,1);(0,2) | I= | sp=24,93,9912 | ip=
0 | 12 | S=(0,0);(0,1);(0,2) | I= | sp=24,94,882 | ip=
0 | 12 | S=(0,0);(0,1);(0,2) | I= | sp=24,95,1 | ip=
0 | 12 | S=(0,0);(0,1);(0,2) | I= | sp=24,96,883 | ip=
0 | 12 | S=(0,0);(0,1);(0,2) | I= | sp=24,35,883 | ip=
0 | 12 | S=(0,0);(0,1);(0,2) | I= | sp=24,45,883 | ip=
0 | 12 | S=(0,0);(0,1);(0,2) | I= | sp=24,55,883 | ip=
0 | 12 | S=(0,0);(0,1);(0,2) | I= | sp=24,99930,883 | ip=
0 | 12 | S=(0,0);(0,1);(0,2) | I= | sp=24,996,882 | ip=
0 | 12 | S=(0,0);(0,1);(0,2) | I= | sp=24,998,1 | ip=
0 | 12 | S=(0,0);(0,1);(0,2) | I= | sp=24,9912,93 | ip=
0 | 12 | S=(0,0);(0,1);(0,2) | I= | sp=24,919,882 | ip=
0 | 12 | S=(0,0);(0,1);(0,2) | I= | sp=24,923,1 | ip=
0 | 12 | S=(0,0);(0,1);(0,2) | I= | sp=24,945,883 | ip=
0 | 12 | S=(0,0);(0,1);(0,2) | I= | sp=24,9915,882 | ip=
0 | 12 | S=(0,0);(0,1);(0,2) | I= | sp=24,946,882 | ip=
0 | 12 | S=(0,0);(0,1);(0,2) | I= | sp=24,950,1 | ip=
0 | 12 | S=(0,0);(0,1);(0,2) | I= | sp=93,883,947 | ip=
0 | 12 | S=(0,0);(0,1);(0,2) | I= | sp=93,884,9912 | ip=
0 | 12 | S=(0,0);(0,1);(0,2) | I= | sp=93,885,93 | ip=
0 | 12 | S=(0,0);(0,1);(0,2) | I= | sp=93,24,9912 | ip=
0 | 12 | S=(0,0);(0,1);(0,2) | I= | sp=93,93,885 | ip=
0 | 12 | S=(0,0);(0,1);(0,2) | I= | sp=93,93,96 | ip=
0 | 12 | S=(0,0);(0,1);(0,2) | I= | sp=93,93,35 | ip=
0 | 12 | S=(0,0);(0,1);(0,2) | I= | sp=93,93,45 | ip=
0 | 12 | S=(0,0);(0,1);(0,2) | I= | sp=93,93,55 | ip=
0 | 12 | S=(0,0);(0,1);(0,2) | I= | sp=93,93,99930 | ip=
0 | 12 | S=(0,0);(0,1);(0,2) | I= | sp=93,93,945 | ip=
0 | 12 | S=(0,0);(0,1);(0,2) | I= | sp=93,96,93 | ip=
0 | 12 | S=(0,0);(0,1);(0,2) | I= | sp=93,35,93 | ip=
0 | 12 | S=(0,0);(0,1);(0,2) | I= | sp=93,45,93 | ip=
0 | 12 | S=(0,0);(0,1);(0,2) | I= | sp=93,55,93 | ip=
0 | 12 | S=(0,0);(0,1);(0,2) | I= | sp=93,99930,93 | ip=
0 | 12 | S=(0,0);(0,1);(0,2) | I= | sp=93,9912,884 | ip=
0 | 12 | S=(0,0);(0,1);(0,2) | I= | sp=93,9912,24 | ip=
0 | 12 | S=(0,0);(0,1);(0,2) | I= | sp=93,945,93 | ip=
0 | 12 | S=(0,0);(0,1);(0,2) | I= | sp=93,947,883 | ip=
0 | 12 | S=(0,0);(0,1);(0,2) | I= | sp=94,1,885 | ip=
0 | 12 | S=(0,0);(0,1);(0,2) | I= | sp=94,1,96 | ip=
0 | 12 | S=(0,0);(0,1);(0,2) | I= | sp=94,1,35 | ip=
0 | 12 | S=(0,0);(0,1);(0,2) | I= | sp=94,1,45 | ip=
0 | 12 | S=(0,0);(0,1);(0,2) | I= | sp=94,1,55 | ip=
0 | 12 | S=(0,0);(0,1);(0,2) | I= | sp=94,1,99930 | ip=
0 | 12 | S=(0,0);(0,1);(0,2) | I= | sp=94,1,945 | ip=
0 | 12 | S=(0,0);(0,1);(0,2) | I= | sp=94,882,884 | ip=
0 | 12 | S=(0,0);(0,1);(0,2) | I= | sp=94,882,24 | ip=
0 | 12 | S=(0,0);(0,1);(0,2) | I= | sp=94,883,883 | ip=
0 | 12 | S=(0,0);(0,1);(0,2) | I= | sp=94,884,882 | ip=
0 | 12 | S=(0,0);(0,1);(0,2) | I= | sp=94,885,1 | ip=
0 | 12 | S=(0,0);(0,1);(0,2) | I= | sp=94,24,882 | ip=
0 | 12 | S=(0,0);(0,1);(0,2) | I= | sp=94,96,1 | ip=
0 | 12 | S=(0,0);(0,1);(0,2) | I= | sp=94,35,1 | ip=
0 | 12 | S=(0,0);(0,1);(0,2) | I= | sp=94,45,1 | ip=
0 | 12 | S=(0,0);(0,1);(0,2) | I= | sp=94,55,1 | ip=
0 | 12 | S=(0,0);(0,1);(0,2) | I= | sp=94,99930,1 | ip=
0 | 12 | S=(0,0);(0,1);(0,2) | I= | sp=94,945,1 | ip=
0 | 12 | S=(0,0);(0,1);(0,2) | I= | sp=95,1,884 | ip=
0 | 12 | S=(0,0);(0,1);(0,2) | I= | sp=95,1,24 | ip=
0 | 12 | S=(0,0);(0,1);(0,2) | I= | sp=95,882,883 | ip=
0 | 12 | S=(0,0);(0,1);(0,2) | I= | sp=95,883,882 | ip=
0 | 12 | S=(0,0);(0,1);(0,2) | I= | sp=95,884,1 | ip=
0 | 12 | S=(0,0);(0,1);(0,2) | I= | sp=95,24,1 | ip=
0 | 12 | S=(0,0);(0,1);(0,2) | I= | sp=96,1,886 | ip=
0 | 12 | S=(0,0);(0,1);(0,2) | I= | sp=96,1,94 | ip=
0 | 12 | S=(0,0);(0,1);(0,2) | I= | sp=96,1,996 | ip=
0 | 12 | S=(0,0);(0,1);(0,2) | I= | sp=96,1,919 | ip=
0 | 12 | S=(0,0);(0,1);(0,2) | I= | sp=96,1,9915 | ip=
0 | 12 | S=(0,0);(0,1);(0,2) | I= | sp=96,1,946 | ip=
0 | 12 | S=(0,0);(0,1);(0,2) | I= | sp=96,882,885 | ip=
0 | 12 | S=(0,0);(0,1);(0,2) | I= | sp=96,882,96 | ip=
0 | 12 | S=(0,0);(0,1);(0,2) | I= | sp=96,882,35 | ip=
0 | 12 | S=(0,0);(0,1);(0,2) | I= | sp=96,882,45 | ip=
0 | 12 | S=(0,0);(0,1);(0,2) | I= | sp=96,882,55 | ip=
0 | 12 | S=(0,0);(0,1);(0,2) | I= | sp=96,882,99930 | ip=
0 | 12 | S=(0,0);(0,1);(0,2) | I= | sp=96,882,945 | ip=
0 | 12 | S=(0,0);(0,1);(0,2) | I= | sp=96,883,884 | ip=
0 | 12 | S=(0,0);(0,1);(0,2) | I= | sp=96,883,24 | ip=
0 | 12 | S=(0,0);(0,1);(0,2) | I= | sp=96,884,883 | ip=
0 | 12 | S=(0,0);(0,1);(0,2) | I= | sp=96,885,882 | ip=
0 | 12 | S=(0,0);(0,1);(0,2) | I= | sp=96,886,1 | ip=
0 | 12 | S=(0,0);(0,1);(0,2) | I= | sp=96,24,883 | ip=
0 | 12 | S=(0,0);(0,1);(0,2) | I= | sp=96,93,93 | ip=
0 | 12 | S=(0,0);(0,1);(0,2) | I= | sp=96,94,1 | ip=
0 | 12 | S=(0,0);(0,1);(0,2) | I= | sp=96,96,882 | ip=
0 | 12 | S=(0,0);(0,1);(0,2) | I= | sp=96,35,882 | ip=
0 | 12 | S=(0,0);(0,1);(0,2) | I= | sp=96,45,882 | ip=
0 | 12 | S=(0,0);(0,1);(0,2) | I= | sp=96,55,882 | ip=
0 | 12 | S=(0,0);(0,1);(0,2) | I= | sp=96,99930,882 | ip=
0 | 12 | S=(0,0);(0,1);(0,2) | I= | sp=96,996,1 | ip=
0 | 12 | S=(0,0);(0,1);(0,2) | I= | sp=96,919,1 | ip=
0 | 12 | S=(0,0);(0,1);(0,2) | I= | sp=96,945,882 | ip=
0 | 12 | S=(0,0);(0,1);(0,2) | I= | sp=96,9915,1 | ip=
0 | 12 | S=(0,0);(0,1);(0,2) | I= | sp=96,946,1 | ip=
0 | 12 | S=(0,0);(0,1);(0,2) | I= | sp=35,1,886 | ip=
0 | 12 | S=(0,0);(0,1);(0,2) | I= | sp=35,1,94 | ip=
0 | 12 | S=(0,0);(0,1);(0,2) | I= | sp=35,1,996 | ip=
0 | 12 | S=(0,0);(0,1);(0,2) | I= | sp=35,1,919 | ip=
0 | 12 | S=(0,0);(0,1);(0,2) | I= | sp=35,1,9915 | ip=
0 | 12 | S=(0,0);(0,1);(0,2) | I= | sp=35,1,946 | ip=
0 | 12 | S=(0,0);(0,1);(0,2) | I= | sp=35,882,885 | ip=
0 | 12 | S=(0,0);(0,1);(0,2) | I= | sp=35,882,96 | ip=
0 | 12 | S=(0,0);(0,1);(0,2) | I= | sp=35,882,35 | ip=
0 | 12 | S=(0,0);(0,1);(0,2) | I= | sp=35,882,45 | ip=
0 | 12 | S=(0,0);(0,1);(0,2) | I= | sp=35,882,55 | ip=
0 | 12 | S=(0,0);(0,1);(0,2) | I= | sp=35,882,99930 | ip=
0 | 12 | S=(0,0);(0,1);(0,2) | I= | sp=35,882,945 | ip=
0 | 12 | S=(0,0);(0,1);(0,2) | I= | sp=35,883,884 | ip=
0 | 12 | S=(0,0);(0,1);(0,2) | I= | sp=35,883,24 | ip=
0 | 12 | S=(0,0);(0,1);(0,2) | I= | sp=35,884,883 | ip=
0 | 12 | S=(0,0);(0,1);(0,2) | I= | sp=35,885,882 | ip=
0 | 12 | S=(0,0);(0,1);(0,2) | I= | sp=35,886,1 | ip=
0 | 12 | S=(0,0);(0,1);(0,2) | I= | sp=35,24,883 | ip=
0 | 12 | S=(0,0);(0,1);(0,2) | I= | sp=35,93,93 | ip=
0 | 12 | S=(0,0);(0,1);(0,2) | I= | sp=35,94,1 | ip=
0 | 12 | S=(0,0);(0,1);(0,2) | I= | sp=35,96,882 | ip=
0 | 12 | S=(0,0);(0,1);(0,2) | I= | sp=35,35,882 | ip=
0 | 12 | S=(0,0);(0,1);(0,2) | I= | sp=35,45,882 | ip=
0 | 12 | S=(0,0);(0,1);(0,2) | I= | sp=35,55,882 | ip=
0 | 12 | S=(0,0);(0,1);(0,2) | I= | sp=35,99930,882 | ip=
0 | 12 | S=(0,0);(0,1);(0,2) | I= | sp=35,996,1 | ip=
0 | 12 | S=(0,0);(0,1);(0,2) | I= | sp=35,919,1 | ip=
0 | 12 | S=(0,0);(0,1);(0,2) | I= | sp=35,945,882 | ip=
0 | 12 | S=(0,0);(0,1);(0,2) | I= | sp=35,9915,1 | ip=
0 | 12 | S=(0,0);(0,1);(0,2) | I= | sp=35,946,1 | ip=
0 | 12 | S=(0,0);(0,1);(0,2) | I= | sp=45,1,886 | ip=
0 | 12 | S=(0,0);(0,1);(0,2) | I= | sp=45,1,94 | ip=
0 | 12 | S=(0,0);(0,1);(0,2) | I= | sp=45,1,996 | ip=
0 | 12 | S=(0,0);(0,1);(0,2) | I= | sp=45,1,919 | ip=
0 | 12 | S=(0,0);(0,1);(0,2) | I= | sp=45,1,9915 | ip=
0 | 12 | S=(0,0);(0,1);(0,2) | I= | sp=45,1,946 | ip=
0 | 12 | S=(0,0);(0,1);(0,2) | I= | sp=45,882,885 | ip=
0 | 12 | S=(0,0);(0,1);(0,2) | I= | sp=45,882,96 | ip=
0 | 12 | S=(0,0);(0,1);(0,2) | I= | sp=45,882,35 | ip=
0 | 12 | S=(0,0);(0,1);(0,2) | I= | sp=45,882,45 | ip=
0 | 12 | S=(0,0);(0,1);(0,2) | I= | sp=45,882,55 | ip=
0 | 12 | S=(0,0);(0,1);(0,2) | I= | sp=45,882,99930 | ip=
0 | 12 | S=(0,0);(0,1);(0,2) | I= | sp=45,882,945 | ip=
0 | 12 | S=(0,0);(0,1);(0,2) | I= | sp=45,883,884 | ip=
0 | 12 | S=(0,0);(0,1);(0,2) | I= | sp=45,883,24 | ip=
0 | 12 | S=(0,0);(0,1);(0,2) | I= | sp=45,884,883 | ip=
0 | 12 | S=(0,0);(0,1);(0,2) | I= | sp=45,885,882 | ip=
0 | 12 | S=(0,0);(0,1);(0,2) | I= | sp=45,886,1 | ip=
0 | 12 | S=(0,0);(0,1);(0,2) | I= | sp=45,24,883 | ip=
0 | 12 | S=(0,0);(0,1);(0,2) | I= | sp=45,93,93 | ip=
0 | 12 | S=(0,0);(0,1);(0,2) | I= | sp=45,94,1 | ip=
0 | 12 | S=(0,0);(0,1);(0,2) | I= | sp=45,96,882 | ip=
0 | 12 | S=(0,0);(0,1);(0,2) | I= | sp=45,35,882 | ip=
0 | 12 | S=(0,0);(0,1);(0,2) | I= | sp=45,45,882 | ip=
0 | 12 | S=(0,0);(0,1);(0,2) | I= | sp=45,55,882 | ip=
0 | 12 | S=(0,0);(0,1);(0,2) | I= | sp=45,99930,882 | ip=
0 | 12 | S=(0,0);(0,1);(0,2) | I= | sp=45,996,1 | ip=
0 | 12 | S=(0,0);(0,1);(0,2) | I= | sp=45,919,1 | ip=
0 | 12 | S=(0,0);(0,1);(0,2) | I= | sp=45,945,882 | ip=
0 | 12 | S=(0,0);(0,1);(0,2) | I= | sp=45,9915,1 | ip=
0 | 12 | S=(0,0);(0,1);(0,2) | I= | sp=45,946,1 | ip=
0 | 12 | S=(0,0);(0,1);(0,2) | I= | sp=55,1,886 | ip=
0 | 12 | S=(0,0);(0,1);(0,2) | I= | sp=55,1,94 | ip=
0 | 12 | S=(0,0);(0,1);(0,2) | I= | sp=55,1,996 | ip=
0 | 12 | S=(0,0);(0,1);(0,2) | I= | sp=55,1,919 | ip=
0 | 12 | S=(0,0);(0,1);(0,2) | I= | sp=55,1,9915 | ip=
0 | 12 | S=(0,0);(0,1);(0,2) | I= | sp=55,1,946 | ip=
0 | 12 | S=(0,0);(0,1);(0,2) | I= | sp=55,882,885 | ip=
0 | 12 | S=(0,0);(0,1);(0,2) | I= | sp=55,882,96 | ip=
0 | 12 | S=(0,0);(0,1);(0,2) | I= | sp=55,882,35 | ip=
0 | 12 | S=(0,0);(0,1);(0,2) | I= | sp=55,882,45 | ip=
0 | 12 | S=(0,0);(0,1);(0,2) | I= | sp=55,882,55 | ip=
0 | 12 | S=(0,0);(0,1);(0,2) | I= | sp=55,882,99930 | ip=
0 | 12 | S=(0,0);(0,1);(0,2) | I= | sp=55,882,945 | ip=
0 | 12 | S=(0,0);(0,1);(0,2) | I= | sp=55,883,884 | ip=
0 | 12 | S=(0,0);(0,1);(0,2) | I= | sp=55,883,24 | ip=
0 | 12 | S=(0,0);(0,1);(0,2) | I= | sp=55,884,883 | ip=
0 | 12 | S=(0,0);(0,1);(0,2) | I= | sp=55,885,882 | ip=
0 | 12 | S=(0,0);(0,1);(0,2) | I= | sp=55,886,1 | ip=
0 | 12 | S=(0,0);(0,1);(0,2) | I= | sp=55,24,883 | ip=
0 | 12 | S=(0,0);(0,1);(0,2) | I= | sp=55,93,93 | ip=
0 | 12 | S=(0,0);(0,1);(0,2) | I= | sp=55,94,1 | ip=
0 | 12 | S=(0,0);(0,1);(0,2) | I= | sp=55,96,882 | ip=
0 | 12 | S=(0,0);(0,1);(0,2) | I= | sp=55,35,882 | ip=
0 | 12 | S=(0,0);(0,1);(0,2) | I= | sp=55,45,882 | ip=
0 | 12 | S=(0,0);(0,1);(0,2) | I= | sp=55,55,882 | ip=
0 | 12 | S=(0,0);(0,1);(0,2) | I= | sp=55,99930,882 | ip=
0 | 12 | S=(0,0);(0,1);(0,2) | I= | sp=55,996,1 | ip=
0 | 12 | S=(0,0);(0,1);(0,2) | I= | sp=55,919,1 | ip=
0 | 12 | S=(0,0);(0,1);(0,2) | I= | sp=55,945,882 | ip=
0 | 12 | S=(0,0);(0,1);(0,2) | I= | sp=55,9915,1 | ip=
0 | 12 | S=(0,0);(0,1);(0,2) | I= | sp=55,946,1 | ip=
0 | 12 | S=(0,0);(0,1);(0,2) | I= | sp=99930,1,886 | ip=
0 | 12 | S=(0,0);(0,1);(0,2) | I= | sp=99930,1,94 | ip=
0 | 12 | S=(0,0);(0,1);(0,2) | I= | sp=99930,1,996 | ip=
0 | 12 | S=(0,0);(0,1);(0,2) | I= | sp=99930,1,919 | ip=
0 | 12 | S=(0,0);(0,1);(0,2) | I= | sp=99930,1,9915 | ip=
0 | 12 | S=(0,0);(0,1);(0,2) | I= | sp=99930,1,946 | ip=
0 | 12 | S=(0,0);(0,1);(0,2) | I= | sp=99930,882,885 | ip=
0 | 12 | S=(0,0);(0,1);(0,2) | I= | sp=99930,882,96 | ip=
0 | 12 | S=(0,0);(0,1);(0,2) | I= | sp=99930,882,35 | ip=
0 | 12 | S=(0,0);(0,1);(0,2) | I= | sp=99930,882,45 | ip=
0 | 12 | S=(0,0);(0,1);(0,2) | I= | sp=99930,882,55 | ip=
0 | 12 | S=(0,0);(0,1);(0,2) | I= | sp=99930,882,99930 | ip=
0 | 12 | S=(0,0);(0,1);(0,2) | I= | sp=99930,882,945 | ip=
0 | 12 | S=(0,0);(0,1);(0,2) | I= | sp=99930,883,884 | ip=
0 | 12 | S=(0,0);(0,1);(0,2) | I= | sp=99930,883,24 | ip=
0 | 12 | S=(0,0);(0,1);(0,2) | I= | sp=99930,884,883 | ip=
0 | 12 | S=(0,0);(0,1);(0,2) | I= | sp=99930,885,882 | ip=
0 | 12 | S=(0,0);(0,1);(0,2) | I= | sp=99930,886,1 | ip=
0 | 12 | S=(0,0);(0,1);(0,2) | I= | sp=99930,24,883 | ip=
0 | 12 | S=(0,0);(0,1);(0,2) | I= | sp=99930,93,93 | ip=
0 | 12 | S=(0,0);(0,1);(0,2) | I= | sp=99930,94,1 | ip=
0 | 12 | S=(0,0);(0,1);(0,2) | I= | sp=99930,96,882 | ip=
0 | 12 | S=(0,0);(0,1);(0,2) | I= | sp=99930,35,882 | ip=
0 | 12 | S=(0,0);(0,1);(0,2) | I= | sp=99930,45,882 | ip=
0 | 12 | S=(0,0);(0,1);(0,2) | I= | sp=99930,55,882 | ip=
0 | 12 | S=(0,0);(0,1);(0,2) | I= | sp=99930,99930,882 | ip=
0 | 12 | S=(0,0);(0,1);(0,2) | I= | sp=99930,996,1 | ip=
0 | 12 | S=(0,0);(0,1);(0,2) | I= | sp=99930,919,1 | ip=
0 | 12 | S=(0,0);(0,1);(0,2) | I= | sp=99930,945,882 | ip=
0 | 12 | S=(0,0);(0,1);(0,2) | I= | sp=99930,9915,1 | ip=
0 | 12 | S=(0,0);(0,1);(0,2) | I= | sp=99930,946,1 | ip=
0 | 12 | S=(0,0);(0,1);(0,2) | I= | sp=996,1,885 | ip=
0 | 12 | S=(0,0);(0,1);(0,2) | I= | sp=996,1,96 | ip=
0 | 12 | S=(0,0);(0,1);(0,2) | I= | sp=996,1,35 | ip=
0 | 12 | S=(0,0);(0,1);(0,2) | I= | sp=996,1,45 | ip=
0 | 12 | S=(0,0);(0,1);(0,2) | I= | sp=996,1,55 | ip=
0 | 12 | S=(0,0);(0,1);(0,2) | I= | sp=996,1,99930 | ip=
0 | 12 | S=(0,0);(0,1);(0,2) | I= | sp=996,1,945 | ip=
0 | 12 | S=(0,0);(0,1);(0,2) | I= | sp=996,882,884 | ip=
0 | 12 | S=(0,0);(0,1);(0,2) | I= | sp=996,882,24 | ip=
0 | 12 | S=(0,0);(0,1);(0,2) | I= | sp=996,883,883 | ip=
0 | 12 | S=(0,0);(0,1);(0,2) | I= | sp=996,884,882 | ip=
0 | 12 | S=(0,0);(0,1);(0,2) | I= | sp=996,885,1 | ip=
0 | 12 | S=(0,0);(0,1);(0,2) | I= | sp=996,24,882 | ip=
0 | 12 | S=(0,0);(0,1);(0,2) | I= | sp=996,96,1 | ip=
0 | 12 | S=(0,0);(0,1);(0,2) | I= | sp=996,35,1 | ip=
0 | 12 | S=(0,0);(0,1);(0,2) | I= | sp=996,45,1 | ip=
0 | 12 | S=(0,0);(0,1);(0,2) | I= | sp=996,55,1 | ip=
0 | 12 | S=(0,0);(0,1);(0,2) | I= | sp=996,99930,1 | ip=
0 | 12 | S=(0,0);(0,1);(0,2) | I= | sp=996,945,1 | ip=
0 | 12 | S=(0,0);(0,1);(0,2) | I= | sp=998,1,884 | ip=
0 | 12 | S=(0,0);(0,1);(0,2) | I= | sp=998,1,24 | ip=
0 | 12 | S=(0,0);(0,1);(0,2) | I= | sp=998,882,883 | ip=
0 | 12 | S=(0,0);(0,1);(0,2) | I= | sp=998,883,882 | ip=
0 | 12 | S=(0,0);(0,1);(0,2) | I= | sp=998,884,1 | ip=
0 | 12 | S=(0,0);(0,1);(0,2) | I= | sp=998,24,1 | ip=
0 | 12 | S=(0,0);(0,1);(0,2) | I= | sp=999,1,883 | ip=
0 | 12 | S=(0,0);(0,1);(0,2) | I= | sp=999,882,882 | ip=
0 | 12 | S=(0,0);(0,1);(0,2) | I= | sp=999,883,1 | ip=
0 | 12 | S=(0,0);(0,1);(0,2) | I= | sp=9912,882,947 | ip=
0 | 12 | S=(0,0);(0,1);(0,2) | I= | sp=9912,883,9912 | ip=
0 | 12 | S=(0,0);(0,1);(0,2) | I= | sp=9912,884,93 | ip=
0 | 12 | S=(0,0);(0,1);(0,2) | I= | sp=9912,24,93 | ip=
0 | 12 | S=(0,0);(0,1);(0,2) | I= | sp=9912,93,884 | ip=
0 | 12 | S=(0,0);(0,1);(0,2) | I= | sp=9912,93,24 | ip=
0 | 12 | S=(0,0);(0,1);(0,2) | I= | sp=9912,9912,883 | ip=
0 | 12 | S=(0,0);(0,1);(0,2) | I= | sp=9912,947,882 | ip=
0 | 12 | S=(0,0);(0,1);(0,2) | I= | sp=918,883,922 | ip=
0 | 12 | S=(0,0);(0,1);(0,2) | I= | sp=918,922,883 | ip=
0 | 12 | S=(0,0);(0,1);(0,2) | I= | sp=919,1,885 | ip=
0 | 12 | S=(0,0);(0,1);(0,2) | I= | sp=919,1,96 | ip=
0 | 12 | S=(0,0);(0,1);(0,2) | I= | sp=919,1,35 | ip=
0 | 12 | S=(0,0);(0,1);(0,2) | I= | sp=919,1,45 | ip=
0 | 12 | S=(0,0);(0,1);(0,2) | I= | sp=919,1,55 | ip=
0 | 12 | S=(0,0);(0,1);(0,2) | I= | sp=919,1,99930 | ip=
0 | 12 | S=(0,0);(0,1);(0,2) | I= | sp=919,1,945 | ip=
0 | 12 | S=(0,0);(0,1);(0,2) | I= | sp=919,882,884 | ip=
0 | 12 | S=(0,0);(0,1);(0,2) | I= | sp=919,882,24 | ip=
0 | 12 | S=(0,0);(0,1);(0,2) | I= | sp=919,883,883 | ip=
0 | 12 | S=(0,0);(0,1);(0,2) | I= | sp=919,884,882 | ip=
0 | 12 | S=(0,0);(0,1);(0,2) | I= | sp=919,885,1 | ip=
0 | 12 | S=(0,0);(0,1);(0,2) | I= | sp=919,24,882 | ip=
0 | 12 | S=(0,0);(0,1);(0,2) | I= | sp=919,96,1 | ip=
0 | 12 | S=(0,0);(0,1);(0,2) | I= | sp=919,35,1 | ip=
0 | 12 | S=(0,0);(0,1);(0,2) | I= | sp=919,45,1 | ip=
0 | 12 | S=(0,0);(0,1);(0,2) | I= | sp=919,55,1 | ip=
0 | 12 | S=(0,0);(0,1);(0,2) | I= | sp=919,99930,1 | ip=
0 | 12 | S=(0,0);(0,1);(0,2) | I= | sp=919,945,1 | ip=
0 | 12 | S=(0,0);(0,1);(0,2) | I= | sp=922,883,918 | ip=
0 | 12 | S=(0,0);(0,1);(0,2) | I= | sp=922,918,883 | ip=
0 | 12 | S=(0,0);(0,1);(0,2) | I= | sp=923,1,884 | ip=
0 | 12 | S=(0,0);(0,1);(0,2) | I= | sp=923,1,24 | ip=
0 | 12 | S=(0,0);(0,1);(0,2) | I= | sp=923,882,883 | ip=
0 | 12 | S=(0,0);(0,1);(0,2) | I= | sp=923,883,882 | ip=
0 | 12 | S=(0,0);(0,1);(0,2) | I= | sp=923,884,1 | ip=
0 | 12 | S=(0,0);(0,1);(0,2) | I= | sp=923,24,1 | ip=
0 | 12 | S=(0,0);(0,1);(0,2) | I= | sp=945,1,886 | ip=
0 | 12 | S=(0,0);(0,1);(0,2) | I= | sp=945,1,94 | ip=
0 | 12 | S=(0,0);(0,1);(0,2) | I= | sp=945,1,996 | ip=
0 | 12 | S=(0,0);(0,1);(0,2) | I= | sp=945,1,919 | ip=
0 | 12 | S=(0,0);(0,1);(0,2) | I= | sp=945,1,9915 | ip=
0 | 12 | S=(0,0);(0,1);(0,2) | I= | sp=945,1,946 | ip=
0 | 12 | S=(0,0);(0,1);(0,2) | I= | sp=945,882,885 | ip=
0 | 12 | S=(0,0);(0,1);(0,2) | I= | sp=945,882,96 | ip=
0 | 12 | S=(0,0);(0,1);(0,2) | I= | sp=945,882,35 | ip=
0 | 12 | S=(0,0);(0,1);(0,2) | I= | sp=945,882,45 | ip=
0 | 12 | S=(0,0);(0,1);(0,2) | I= | sp=945,882,55 | ip=
0 | 12 | S=(0,0);(0,1);(0,2) | I= | sp=945,882,99930 | ip=
0 | 12 | S=(0,0);(0,1);(0,2) | I= | sp=945,882,945 | ip=
0 | 12 | S=(0,0);(0,1);(0,2) | I= | sp=945,883,884 | ip=
0 | 12 | S=(0,0);(0,1);(0,2) | I= | sp=945,883,24 | ip=
0 | 12 | S=(0,0);(0,1);(0,2) | I= | sp=945,884,883 | ip=
0 | 12 | S=(0,0);(0,1);(0,2) | I= | sp=945,885,882 | ip=
0 | 12 | S=(0,0);(0,1);(0,2) | I= | sp=945,886,1 | ip=
0 | 12 | S=(0,0);(0,1);(0,2) | I= | sp=945,24,883 | ip=
0 | 12 | S=(0,0);(0,1);(0,2) | I= | sp=945,93,93 | ip=
0 | 12 | S=(0,0);(0,1);(0,2) | I= | sp=945,94,1 | ip=
0 | 12 | S=(0,0);(0,1);(0,2) | I= | sp=945,96,882 | ip=
0 | 12 | S=(0,0);(0,1);(0,2) | I= | sp=945,35,882 | ip=
0 | 12 | S=(0,0);(0,1);(0,2) | I= | sp=945,45,882 | ip=
0 | 12 | S=(0,0);(0,1);(0,2) | I= | sp=945,55,882 | ip=
0 | 12 | S=(0,0);(0,1);(0,2) | I= | sp=945,99930,882 | ip=
0 | 12 | S=(0,0);(0,1);(0,2) | I= | sp=945,996,1 | ip=
0 | 12 | S=(0,0);(0,1);(0,2) | I= | sp=945,919,1 | ip=
0 | 12 | S=(0,0);(0,1);(0,2) | I= | sp=945,945,882 | ip=
0 | 12 | S=(0,0);(0,1);(0,2) | I= | sp=945,9915,1 | ip=
0 | 12 | S=(0,0);(0,1);(0,2) | I= | sp=945,946,1 | ip=
0 | 12 | S=(0,0);(0,1);(0,2) | I= | sp=9915,1,885 | ip=
0 | 12 | S=(0,0);(0,1);(0,2) | I= | sp=9915,1,96 | ip=
0 | 12 | S=(0,0);(0,1);(0,2) | I= | sp=9915,1,35 | ip=
0 | 12 | S=(0,0);(0,1);(0,2) | I= | sp=9915,1,45 | ip=
0 | 12 | S=(0,0);(0,1);(0,2) | I= | sp=9915,1,55 | ip=
0 | 12 | S=(0,0);(0,1);(0,2) | I= | sp=9915,1,99930 | ip=
0 | 12 | S=(0,0);(0,1);(0,2) | I= | sp=9915,1,945 | ip=
0 | 12 | S=(0,0);(0,1);(0,2) | I= | sp=9915,882,884 | ip=
0 | 12 | S=(0,0);(0,1);(0,2) | I= | sp=9915,882,24 | ip=
0 | 12 | S=(0,0);(0,1);(0,2) | I= | sp=9915,883,883 | ip=
0 | 12 | S=(0,0);(0,1);(0,2) | I= | sp=9915,884,882 | ip=
0 | 12 | S=(0,0);(0,1);(0,2) | I= | sp=9915,885,1 | ip=
0 | 12 | S=(0,0);(0,1);(0,2) | I= | sp=9915,24,882 | ip=
0 | 12 | S=(0,0);(0,1);(0,2) | I= | sp=9915,96,1 | ip=
0 | 12 | S=(0,0);(0,1);(0,2) | I= | sp=9915,35,1 | ip=
0 | 12 | S=(0,0);(0,1);(0,2) | I= | sp=9915,45,1 | ip=
0 | 12 | S=(0,0);(0,1);(0,2) | I= | sp=9915,55,1 | ip=
0 | 12 | S=(0,0);(0,1);(0,2) | I= | sp=9915,99930,1 | ip=
0 | 12 | S=(0,0);(0,1);(0,2) | I= | sp=9915,945,1 | ip=
0 | 12 | S=(0,0);(0,1);(0,2) | I= | sp=946,1,885 | ip=
0 | 12 | S=(0,0);(0,1);(0,2) | I= | sp=946,1,96 | ip=
0 | 12 | S=(0,0);(0,1);(0,2) | I= | sp=946,1,35 | ip=
0 | 12 | S=(0,0);(0,1);(0,2) | I= | sp=946,1,45 | ip=
0 | 12 | S=(0,0);(0,1);(0,2) | I= | sp=946,1,55 | ip=
0 | 12 | S=(0,0);(0,1);(0,2) | I= | sp=946,1,99930 | ip=
0 | 12 | S=(0,0);(0,1);(0,2) | I= | sp=946,1,945 | ip=
0 | 12 | S=(0,0);(0,1);(0,2) | I= | sp=946,882,884 | ip=
0 | 12 | S=(0,0);(0,1);(0,2) | I= | sp=946,882,24 | ip=
0 | 12 | S=(0,0);(0,1);(0,2) | I= | sp=946,883,883 | ip=
0 | 12 | S=(0,0);(0,1);(0,2) | I= | sp=946,884,882 | ip=
0 | 12 | S=(0,0);(0,1);(0,2) | I= | sp=946,885,1 | ip=
0 | 12 | S=(0,0);(0,1);(0,2) | I= | sp=946,24,882 | ip=
0 | 12 | S=(0,0);(0,1);(0,2) | I= | sp=946,96,1 | ip=
0 | 12 | S=(0,0);(0,1);(0,2) | I= | sp=946,35,1 | ip=
0 | 12 | S=(0,0);(0,1);(0,2) | I= | sp=946,45,1 | ip=
0 | 12 | S=(0,0);(0,1);(0,2) | I= | sp=946,55,1 | ip=
0 | 12 | S=(0,0);(0,1);(0,2) | I= | sp=946,99930,1 | ip=
0 | 12 | S=(0,0);(0,1);(0,2) | I= | sp=946,945,1 | ip=
0 | 12 | S=(0,0);(0,1);(0,2) | I= | sp=947,1,947 | ip=
0 | 12 | S=(0,0);(0,1);(0,2) | I= | sp=947,882,9912 | ip=
0 | 12 | S=(0,0);(0,1);(0,2) | I= | sp=947,883,93 | ip=
0 | 12 | S=(0,0);(0,1);(0,2) | I= | sp=947,93,883 | ip=
0 | 12 | S=(0,0);(0,1);(0,2) | I= | sp=947,9912,882 | ip=
0 | 12 | S=(0,0);(0,1);(0,2) | I= | sp=947,947,1 | ip=
0 | 12 | S=(0,0);(0,1);(0,2) | I= | sp=948,1,883 | ip=
0 | 12 | S=(0,0);(0,1);(0,2) | I= | sp=948,882,882 | ip=
0 | 12 | S=(0,0);(0,1);(0,2) | I= | sp=948,883,1 | ip=
0 | 12 | S=(0,0);(0,1);(0,2) | I= | sp=949,1,882 | ip=
0 | 12 | S=(0,0);(0,1);(0,2) | I= | sp=949,882,1 | ip=
0 | 12 | S=(0,0);(0,1);(0,2) | I= | sp=950,1,884 | ip=
0 | 12 | S=(0,0);(0,1);(0,2) | I= | sp=950,1,24 | ip=
0 | 12 | S=(0,0);(0,1);(0,2) | I= | sp=950,882,883 | ip=
0 | 12 | S=(0,0);(0,1);(0,2) | I= | sp=950,883,882 | ip=
0 | 12 | S=(0,0);(0,1);(0,2) | I= | sp=950,884,1 | ip=
0 | 12 | S=(0,0);(0,1);(0,2) | I= | sp=950,24,1 | ip=
