0,1,0,1,0,1,0,1,0,1,0 | 4,11,4,11,4,11,4,11,4,11,4 | S=(0,0);(10,1) | I= | sp=882,882 | ip=
0,1,0,1,0,1,0,1,0,1,0 | 4,11,4,11,4,11,4,11,4,11,4 | S=(0,0);(10,1) | I= | sp=882,22 | ip=
0,1,0,1,0,1,0,1,0,1,0 | 4,11,4,11,4,11,4,11,4,11,4 | S=(0,0);(10,1) | I= | sp=882,32 | ip=
0,1,0,1,0,1,0,1,0,1,0 | 4,11,4,11,4,11,4,11,4,11,4 | S=(0,0);(10,1) | I= | sp=882,42 | ip=
0,1,0,1,0,1,0,1,0,1,0 | 4,11,4,11,4,11,4,11,4,11,4 | S=(0,0);(10,1) | I= | sp=882,92 | ip=
0,1,0,1,0,1,0,1,0,1,0 | 4,11,4,11,4,11,4,11,4,11,4 | S=(0,0);(10,1) | I= | sp=22,882 | ip=
0,1,0,1,0,1,0,1,0,1,0 | 4,11,4,11,4,11,4,11,4,11,4 | S=(0,0);(10,1) | I= | sp=22,22 | ip=
0,1,0,1,0,1,0,1,0,1,0 | 4,11,4,11,4,11,4,11,4,11,4 | S=(0,0);(10,1) | I= | sp=22,32 | ip=
0,1,0,1,0,1,0,1,0,1,0 | 4,11,4,11,4,11,4,11,4,11,4 | S=(0,0);(10,1) | I= | sp=22,42 | ip=
0,1,0,1,0,1,0,1,0,1,0 | 4,11,4,11,4,11,4,11,4,11,4 | S=(0,0);(10,1) | I= | sp=22,92 | ip=
0,1,0,1,0,1,0,1,0,1,0 | 4,11,4,11,4,11,4,11,4,11,4 | S=(0,0);(10,1) | I= | sp=32,882 | ip=
0,1,0,1,0,1,0,1,0,1,0 | 4,11,4,11,4,11,4,11,4,11,4 | S=(0,0);(10,1) | I= | sp=32,22 | ip=
0,1,0,1,0,1,0,1,0,1,0 | 4,11,4,11,4,11,4,11,4,11,4 | S=(0,0);(10,1) | I= | sp=32,32 | ip=
0,1,0,1,0,1,0,1,0,1,0 | 4,11,4,11,4,11,4,11,4,11,4 | S=(0,0);(10,1) | I= | sp=32,42 | ip=
0,1,0,1,0,1,0,1,0,1,0 | 4,11,4,11,4,11,4,11,4,11,4 | S=(0,0);(10,1) | I= | sp=32,92 | ip=
0,1,0,1,0,1,0,1,0,1,0 | 4,11,4,11,4,11,4,11,4,11,4 | S=(0,0);(10,1) | I= | sp=42,882 | ip=
0,1,0,1,0,1,0,1,0,1,0 | 4,11,4,11,4,11,4,11,4,11,4 | S=(0,0);(10,1) | I= | sp=42,22 | ip=
0,1,0,1,0,1,0,1,0,1,0 | 4,11,4,11,4,11,4,11,4,11,4 | S=(0,0);(10,1) | I= | sp=42,32 | ip=
0,1,0,1,0,1,0,1,0,1,0 | 4,11,4,11,4,11,4,11,4,11,4 | S=(0,0);(10,1) | I= | sp=42,42 | ip=
0,1,0,1,0,1,0,1,0,1,0 | 4,11,4,11,4,11,4,11,4,11,4 | S=(0,0);(10,1) | I= | sp=42,92 | ip=
0,1,0,1,0,1,0,1,0,1,0 | 4,11,4,11,4,11,4,11,4,11,4 | S=(0,0);(10,1) | I= | sp=92,882 | ip=
0,1,0,1,0,1,0,1,0,1,0 | 4,11,4,11,4,11,4,11,4,11,4 | S=(0,0);(10,1) | I= | sp=92,22 | ip=
0,1,0,1,0,1,0,1,0,1,0 | 4,11,4,11,4,11,4,11,4,11,4 | S=(0,0);(10,1) | I= | sp=92,32 | ip=
0,1,0,1,0,1,0,1,0,1,0 | 4,11,4,11,4,11,4,11,4,11,4 | S=(0,0);(10,1) | I= | sp=92,42 | ip=
0,1,0,1,0,1,0,1,0,1,0 | 4,11,4,11,4,11,4,11,4,11,4 | S=(0,0);(10,1) | I= | sp=92,92 | ip=
0,1,0,1,0,1,0,1,0,1,0 | 4,11,4,11,4,11,4,11,4,24,12 | S=(0,0);(10,1) | I= | sp=1,883 | ip=
0,1,0,1,0,1,0,1,0,1,0 | 4,11,4,11,4,11,4,11,4,24,12 | S=(0,0);(10,1) | I= | sp=912,882 | ip=
0,1,0,1,0,1,0,1,0,1,0 | 4,11,4,11,4,11,4,11,4,24,12 | S=(0,0);(10,1) | I= | sp=916,1 | ip=
0,1,0,1,0,1,0,1,0,1,0 | 4,11,4,24,12,55,12,42,4,11,4 | S=(0,0);(10,1) | I= | sp=1,1 | ip=
0,1,0,1,0,1,0,1,0,1,0 | 4,11,4,24,12,55,12,55,12,42,4 | S=(0,0);(10,1) | I= | sp=1,912 | ip=
0,1,0,1,0,1,0,1,0,1,0 | 4,11,4,24,12,55,12,55,12,53,6 | S=(0,0);(10,1) | I= | sp=1,882 | ip=
0,1,0,1,0,1,0,1,0,1,0 | 4,11,4,24,12,55,12,55,12,53,6 | S=(0,0);(10,1) | I= | sp=1,22 | ip=
0,1,0,1,0,1,0,1,0,1,0 | 4,11,4,24,12,55,12,55,12,54,6 | S=(0,0);(10,1) | I= | sp=1,1 | ip=
0,1,0,1,0,1,0,1,0,1,0 | 4,11,4,24,12,55,12,55,12,54,7 | S=(0,0);(10,1) | I= | sp=1,882 | ip=
0,1,0,1,0,1,0,1,0,1,0 | 4,11,4,24,12,55,12,55,12,54,8 | S=(0,0);(10,1) | I= | sp=1,883 | ip=
0,1,0,1,0,1,0,1,0,1,0 | 4,11,4,24,12,55,12,55,12,54,8 | S=(0,0);(10,1) | I= | sp=1,23 | ip=
0,1,0,1,0,1,0,1,0,1,0 | 4,11,4,24,12,55,12,55,12,54,8 | S=(0,0);(10,1) | I= | sp=1,33 | ip=
0,1,0,1,0,1,0,1,0,1,0 | 4,11,4,24,12,55,12,55,12,55,7 | S=(0,0);(10,1) | I= | sp=1,1 | ip=
0,1,0,1,0,1,0,1,0,1,0 | 4,11,4,24,12,55,12,55,12,55,8 | S=(0,0);(10,1) | I= | sp=1,882 | ip=
0,1,0,1,0,1,0,1,0,1,0 | 4,11,4,24,12,55,12,55,12,55,12 | S=(0,0);(10,1) | I= | sp=1,886 | ip=
0,1,0,1,0,1,0,1,0,1,0 | 4,11,4,24,12,55,12,55,12,55,12 | S=(0,0);(10,1) | I= | sp=1,94 | ip=
0,1,0,1,0,1,0,1,0,1,0 | 4,11,4,24,12,55,12,55,12,55,12 | S=(0,0);(10,1) | I= | sp=1,996 | ip=
0,1,0,1,0,1,0,1,0,1,0 | 4,11,4,24,12,55,12,55,12,55,12 | S=(0,0);(10,1) | I= | sp=1,919 | ip=
0,1,0,1,0,1,0,1,0,1,0 | 4,11,4,24,12,55,12,55,12,55,12 | S=(0,0);(10,1) | I= | sp=1,9915 | ip=
0,1,0,1,0,1,0,1,0,1,0 | 4,11,4,24,12,55,12,55,12,55,12 | S=(0,0);(10,1) | I= | sp=1,946 | ip=
0,1,0,1,0,1,0,1,0,1,0 | 4,22,6,22,6,22,6,22,6,22,4 | S=(0,0);(10,1) | I= | sp=1,1 | ip=
0,1,0,1,0,1,0,1,0,1,0 | 4,22,6,22,6,22,6,22,6,22,6 | S=(0,0);(10,1) | I= | sp=1,883 | ip=
0,1,0,1,0,1,0,1,0,1,0 | 4,22,6,22,6,22,6,22,6,22,6 | S=(0,0);(10,1) | I= | sp=1,23 | ip=
0,1,0,1,0,1,0,1,0,1,0 | 4,22,6,22,6,22,6,22,6,22,6 | S=(0,0);(10,1) | I= | sp=1,33 | ip=
0,1,0,1,0,1,0,1,0,1,0 | 4,22,6,22,6,22,6,22,6,22,6 | S=(0,0);(10,1) | I= | sp=1,915 | ip=
0,1,0,1,0,1,0,1,0,1,0 | 4,22,6,22,6,22,6,22,6,22,6 | S=(0,0);(10,1) | I= | sp=1,331 | ip=
0,1,0,1,0,1,0,1,0,1,0 | 4,22,6,22,6,22,6,22,6,22,6 | S=(0,0);(10,1) | I= | sp=1,43 | ip=
0,1,0,1,0,1,0,1,0,1,0 | 4,22,6,22,6,22,6,22,6,22,6 | S=(0,0);(10,1) | I= | sp=1,53 | ip=
0,1,0,1,0,1,0,1,0,1,0 | 4,22,6,22,6,22,6,22,6,22,6 | S=(0,0);(10,1) | I= | sp=1,99910 | ip=
0,1,0,1,0,1,0,1,0,1,0 | 4,22,6,22,6,22,6,22,6,22,6 | S=(0,0);(10,1) | I= | sp=1,943 | ip=
0,1,0,1,0,1,0,1,0,1,0 | 4,23,8,33,8,33,8,33,8,32,4 | S=(0,0);(10,1) | I= | sp=1,1 | ip=
0,1,0,1,0,1,0,1,0,1,0 | 4,23,8,33,8,33,8,33,8,33,6 | S=(0,0);(10,1) | I= | sp=1,882 | ip=
0,1,0,1,0,1,0,1,0,1,0 | 4,23,8,33,8,33,8,33,8,33,6 | S=(0,0);(10,1) | I= | sp=1,22 | ip=
0,1,0,1,0,1,0,1,0,1,0 | 4,23,8,33,8,33,8,33,8,33,7 | S=(0,0);(10,1) | I= | sp=1,883 | ip=
0,1,0,1,0,1,0,1,0,1,0 | 4,23,8,33,8,33,8,33,8,33,7 | S=(0,0);(10,1) | I= | sp=1,23 | ip=
0,1,0,1,0,1,0,1,0,1,0 | 4,23,8,33,8,33,8,33,8,33,7 | S=(0,0);(10,1) | I= | sp=1,33 | ip=
0,1,0,1,0,1,0,1,0,1,0 | 4,23,8,33,8,33,8,33,8,33,8 | S=(0,0);(10,1) | I= | sp=1,884 | ip=
0,1,0,1,0,1,0,1,0,1,0 | 4,23,8,33,8,33,8,33,8,33,8 | S=(0,0);(10,1) | I= | sp=1,24 | ip=
0,1,0,1,0,1,0,1,0,1,0 | 4,23,8,33,8,33,8,33,8,33,8 | S=(0,0);(10,1) | I= | sp=1,993 | ip=
0,1,0,1,0,1,0,1,0,1,0 | 4,23,8,33,8,33,8,33,8,33,8 | S=(0,0);(10,1) | I= | sp=1,911 | ip=
0,1,0,1,0,1,0,1,0,1,0 | 4,23,8,33,8,33,8,33,8,33,8 | S=(0,0);(10,1) | I= | sp=1,34 | ip=
0,1,0,1,0,1,0,1,0,1,0 | 4,23,8,33,8,33,8,33,8,33,8 | S=(0,0);(10,1) | I= | sp=1,44 | ip=
0,1,0,1,0,1,0,1,0,1,0 | 4,23,8,33,8,33,8,33,8,33,8 | S=(0,0);(10,1) | I= | sp=1,54 | ip=
0,1,0,1,0,1,0,1,0,1,0 | 4,23,8,33,8,33,8,33,8,33,8 | S=(0,0);(10,1) | I= | sp=1,99920 | ip=
0,1,0,1,0,1,0,1,0,1,0 | 4,23,8,33,8,33,8,33,8,33,8 | S=(0,0);(10,1) | I= | sp=1,9914 | ip=
0,1,0,1,0,1,0,1,0,1,0 | 4,23,8,33,8,33,8,33,8,33,8 | S=(0,0);(10,1) | I= | sp=1,944 | ip=
0,1,0,1,0,1,0,1,0,1,0 | 4,24,12,55,12,55,12,42,4,11,4 | S=(0,0);(10,1) | I= | sp=912,1 | ip=
0,1,0,1,0,1,0,1,0,1,0 | 4,24,12,55,12,55,12,54,8,33,8 | S=(0,0);(10,1) | I= | sp=1,1 | ip=
0,1,0,1,0,1,0,1,0,1,0 | 4,24,12,55,12,55,12,55,12,42,4 | S=(0,0);(10,1) | I= | sp=912,912 | ip=
0,1,0,1,0,1,0,1,0,1,0 | 4,24,12,55,12,55,12,55,12,53,6 | S=(0,0);(10,1) | I= | sp=912,882 | ip=
0,1,0,1,0,1,0,1,0,1,0 | 4,24,12,55,12,55,12,55,12,53,6 | S=(0,0);(10,1) | I= | sp=912,22 | ip=
0,1,0,1,0,1,0,1,0,1,0 | 4,24,12,55,12,55,12,55,12,54,6 | S=(0,0);(10,1) | I= | sp=912,1 | ip=
0,1,0,1,0,1,0,1,0,1,0 | 4,24,12,55,12,55,12,55,12,54,7 | S=(0,0);(10,1) | I= | sp=912,882 | ip=
0,1,0,1,0,1,0,1,0,1,0 | 4,24,12,55,12,55,12,55,12,54,8 | S=(0,0);(10,1) | I= | sp=912,883 | ip=
0,1,0,1,0,1,0,1,0,1,0 | 4,24,12,55,12,55,12,55,12,54,8 | S=(0,0);(10,1) | I= | sp=912,23 | ip=
0,1,0,1,0,1,0,1,0,1,0 | 4,24,12,55,12,55,12,55,12,54,8 | S=(0,0);(10,1) | I= | sp=912,33 | ip=
0,1,0,1,0,1,0,1,0,1,0 | 4,24,12,55,12,55,12,55,12,55,7 | S=(0,0);(10,1) | I= | sp=912,1 | ip=
0,1,0,1,0,1,0,1,0,1,0 | 4,24,12,55,12,55,12,55,12,55,8 | S=(0,0);(10,1) | I= | sp=912,882 | ip=
0,1,0,1,0,1,0,1,0,1,0 | 4,24,12,55,12,55,12,55,12,55,12 | S=(0,0);(10,1) | I= | sp=912,886 | ip=
0,1,0,1,0,1,0,1,0,1,0 | 4,24,12,55,12,55,12,55,12,55,12 | S=(0,0);(10,1) | I= | sp=912,94 | ip=
0,1,0,1,0,1,0,1,0,1,0 | 4,24,12,55,12,55,12,55,12,55,12 | S=(0,0);(10,1) | I= | sp=912,996 | ip=
0,1,0,1,0,1,0,1,0,1,0 | 4,24,12,55,12,55,12,55,12,55,12 | S=(0,0);(10,1) | I= | sp=912,919 | ip=
0,1,0,1,0,1,0,1,0,1,0 | 4,24,12,55,12,55,12,55,12,55,12 | S=(0,0);(10,1) | I= | sp=912,9915 | ip=
0,1,0,1,0,1,0,1,0,1,0 | 4,24,12,55,12,55,12,55,12,55,12 | S=(0,0);(10,1) | I= | sp=912,946 | ip=
0,1,0,1,0,1,0,1,0,1,0 | 6,22,6,22,6,22,6,22,6,22,4 | S=(0,0);(10,1) | I= | sp=883,1 | ip=
0,1,0,1,0,1,0,1,0,1,0 | 6,22,6,22,6,22,6,22,6,22,4 | S=(0,0);(10,1) | I= | sp=23,1 | ip=
0,1,0,1,0,1,0,1,0,1,0 | 6,22,6,22,6,22,6,22,6,22,4 | S=(0,0);(10,1) | I= | sp=33,1 | ip=
0,1,0,1,0,1,0,1,0,1,0 | 6,22,6,22,6,22,6,22,6,22,4 | S=(0,0);(10,1) | I= | sp=915,1 | ip=
0,1,0,1,0,1,0,1,0,1,0 | 6,22,6,22,6,22,6,22,6,22,4 | S=(0,0);(10,1) | I= | sp=331,1 | ip=
0,1,0,1,0,1,0,1,0,1,0 | 6,22,6,22,6,22,6,22,6,22,4 | S=(0,0);(10,1) | I= | sp=43,1 | ip=
0,1,0,1,0,1,0,1,0,1,0 | 6,22,6,22,6,22,6,22,6,22,4 | S=(0,0);(10,1) | I= | sp=53,1 | ip=
0,1,0,1,0,1,0,1,0,1,0 | 6,22,6,22,6,22,6,22,6,22,4 | S=(0,0);(10,1) | I= | sp=99910,1 | ip=
0,1,0,1,0,1,0,1,0,1,0 | 6,22,6,22,6,22,6,22,6,22,4 | S=(0,0);(10,1) | I= | sp=943,1 | ip=
0,1,0,1,0,1,0,1,0,1,0 | 6,22,6,22,6,22,6,22,6,22,6 | S=(0,0);(10,1) | I= | sp=883,883 | ip=
0,1,0,1,0,1,0,1,0,1,0 | 6,22,6,22,6,22,6,22,6,22,6 | S=(0,0);(10,1) | I= | sp=883,23 | ip=
0,1,0,1,0,1,0,1,0,1,0 | 6,22,6,22,6,22,6,22,6,22,6 | S=(0,0);(10,1) | I= | sp=883,33 | ip=
0,1,0,1,0,1,0,1,0,1,0 | 6,22,6,22,6,22,6,22,6,22,6 | S=(0,0);(10,1) | I= | sp=883,915 | ip=
0,1,0,1,0,1,0,1,0,1,0 | 6,22,6,22,6,22,6,22,6,22,6 | S=(0,0);(10,1) | I= | sp=883,331 | ip=
0,1,0,1,0,1,0,1,0,1,0 | 6,22,6,22,6,22,6,22,6,22,6 | S=(0,0);(10,1) | I= | sp=883,43 | ip=
0,1,0,1,0,1,0,1,0,1,0 | 6,22,6,22,6,22,6,22,6,22,6 | S=(0,0);(10,1) | I= | sp=883,53 | ip=
0,1,0,1,0,1,0,1,0,1,0 | 6,22,6,22,6,22,6,22,6,22,6 | S=(0,0);(10,1) | I= | sp=883,99910 | ip=
0,1,0,1,0,1,0,1,0,1,0 | 6,22,6,22,6,22,6,22,6,22,6 | S=(0,0);(10,1) | I= | sp=883,943 | ip=
0,1,0,1,0,1,0,1,0,1,0 | 6,22,6,22,6,22,6,22,6,22,6 | S=(0,0);(10,1) | I= | sp=23,883 | ip=
0,1,0,1,0,1,0,1,0,1,0 | 6,22,6,22,6,22,6,22,6,22,6 | S=(0,0);(10,1) | I= | sp=23,23 | ip=
0,1,0,1,0,1,0,1,0,1,0 | 6,22,6,22,6,22,6,22,6,22,6 | S=(0,0);(10,1) | I= | sp=23,33 | ip=
0,1,0,1,0,1,0,1,0,1,0 | 6,22,6,22,6,22,6,22,6,22,6 | S=(0,0);(10,1) | I= | sp=23,915 | ip=
0,1,0,1,0,1,0,1,0,1,0 | 6,22,6,22,6,22,6,22,6,22,6 | S=(0,0);(10,1) | I= | sp=23,331 | ip=
0,1,0,1,0,1,0,1,0,1,0 | 6,22,6,22,6,22,6,22,6,22,6 | S=(0,0);(10,1) | I= | sp=23,43 | ip=
0,1,0,1,0,1,0,1,0,1,0 | 6,22,6,22,6,22,6,22,6,22,6 | S=(0,0);(10,1) | I= | sp=23,53 | ip=
0,1,0,1,0,1,0,1,0,1,0 | 6,22,6,22,6,22,6,22,6,22,6 | S=(0,0);(10,1) | I= | sp=23,99910 | ip=
0,1,0,1,0,1,0,1,0,1,0 | 6,22,6,22,6,22,6,22,6,22,6 | S=(0,0);(10,1) | I= | sp=23,943 | ip=
0,1,0,1,0,1,0,1,0,1,0 | 6,22,6,22,6,22,6,22,6,22,6 | S=(0,0);(10,1) | I= | sp=33,883 | ip=
0,1,0,1,0,1,0,1,0,1,0 | 6,22,6,22,6,22,6,22,6,22,6 | S=(0,0);(10,1) | I= | sp=33,23 | ip=
0,1,0,1,0,1,0,1,0,1,0 | 6,22,6,22,6,22,6,22,6,22,6 | S=(0,0);(10,1) | I= | sp=33,33 | ip=
0,1,0,1,0,1,0,1,0,1,0 | 6,22,6,22,6,22,6,22,6,22,6 | S=(0,0);(10,1) | I= | sp=33,915 | ip=
0,1,0,1,0,1,0,1,0,1,0 | 6,22,6,22,6,22,6,22,6,22,6 | S=(0,0);(10,1) | I= | sp=33,331 | ip=
0,1,0,1,0,1,0,1,0,1,0 | 6,22,6,22,6,22,6,22,6,22,6 | S=(0,0);(10,1) | I= | sp=33,43 | ip=
0,1,0,1,0,1,0,1,0,1,0 | 6,22,6,22,6,22,6,22,6,22,6 | S=(0,0);(10,1) | I= | sp=33,53 | ip=
0,1,0,1,0,1,0,1,0,1,0 | 6,22,6,22,6,22,6,22,6,22,6 | S=(0,0);(10,1) | I= | sp=33,99910 | ip=
0,1,0,1,0,1,0,1,0,1,0 | 6,22,6,22,6,22,6,22,6,22,6 | S=(0,0);(10,1) | I= | sp=33,943 | ip=
0,1,0,1,0,1,0,1,0,1,0 | 6,22,6,22,6,22,6,22,6,22,6 | S=(0,0);(10,1) | I= | sp=915,883 | ip=
0,1,0,1,0,1,0,1,0,1,0 | 6,22,6,22,6,22,6,22,6,22,6 | S=(0,0);(10,1) | I= | sp=915,23 | ip=
0,1,0,1,0,1,0,1,0,1,0 | 6,22,6,22,6,22,6,22,6,22,6 | S=(0,0);(10,1) | I= | sp=915,33 | ip=
0,1,0,1,0,1,0,1,0,1,0 | 6,22,6,22,6,22,6,22,6,22,6 | S=(0,0);(10,1) | I= | sp=915,915 | ip=
0,1,0,1,0,1,0,1,0,1,0 | 6,22,6,22,6,22,6,22,6,22,6 | S=(0,0);(10,1) | I= | sp=915,331 | ip=
0,1,0,1,0,1,0,1,0,1,0 | 6,22,6,22,6,22,6,22,6,22,6 | S=(0,0);(10,1) | I= | sp=915,43 | ip=
0,1,0,1,0,1,0,1,0,1,0 | 6,22,6,22,6,22,6,22,6,22,6 | S=(0,0);(10,1) | I= | sp=915,53 | ip=
0,1,0,1,0,1,0,1,0,1,0 | 6,22,6,22,6,22,6,22,6,22,6 | S=(0,0);(10,1) | I= | sp=915,99910 | ip=
0,1,0,1,0,1,0,1,0,1,0 | 6,22,6,22,6,22,6,22,6,22,6 | S=(0,0);(10,1) | I= | sp=915,943 | ip=
0,1,0,1,0,1,0,1,0,1,0 | 6,22,6,22,6,22,6,22,6,22,6 | S=(0,0);(10,1) | I= | sp=331,883 | ip=
0,1,0,1,0,1,0,1,0,1,0 | 6,22,6,22,6,22,6,22,6,22,6 | S=(0,0);(10,1) | I= | sp=331,23 | ip=
0,1,0,1,0,1,0,1,0,1,0 | 6,22,6,22,6,22,6,22,6,22,6 | S=(0,0);(10,1) | I= | sp=331,33 | ip=
0,1,0,1,0,1,0,1,0,1,0 | 6,22,6,22,6,22,6,22,6,22,6 | S=(0,0);(10,1) | I= | sp=331,915 | ip=
0,1,0,1,0,1,0,1,0,1,0 | 6,22,6,22,6,22,6,22,6,22,6 | S=(0,0);(10,1) | I= | sp=331,331 | ip=
0,1,0,1,0,1,0,1,0,1,0 | 6,22,6,22,6,22,6,22,6,22,6 | S=(0,0);(10,1) | I= | sp=331,43 | ip=
0,1,0,1,0,1,0,1,0,1,0 | 6,22,6,22,6,22,6,22,6,22,6 | S=(0,0);(10,1) | I= | sp=331,53 | ip=
0,1,0,1,0,1,0,1,0,1,0 | 6,22,6,22,6,22,6,22,6,22,6 | S=(0,0);(10,1) | I= | sp=331,99910 | ip=
0,1,0,1,0,1,0,1,0,1,0 | 6,22,6,22,6,22,6,22,6,22,6 | S=(0,0);(10,1) | I= | sp=331,943 | ip=
0,1,0,1,0,1,0,1,0,1,0 | 6,22,6,22,6,22,6,22,6,22,6 | S=(0,0);(10,1) | I= | sp=43,883 | ip=
0,1,0,1,0,1,0,1,0,1,0 | 6,22,6,22,6,22,6,22,6,22,6 | S=(0,0);(10,1) | I= | sp=43,23 | ip=
0,1,0,1,0,1,0,1,0,1,0 | 6,22,6,22,6,22,6,22,6,22,6 | S=(0,0);(10,1) | I= | sp=43,33 | ip=
0,1,0,1,0,1,0,1,0,1,0 | 6,22,6,22,6,22,6,22,6,22,6 | S=(0,0);(10,1) | I= | sp=43,915 | ip=
0,1,0,1,0,1,0,1,0,1,0 | 6,22,6,22,6,22,6,22,6,22,6 | S=(0,0);(10,1) | I= | sp=43,331 | ip=
0,1,0,1,0,1,0,1,0,1,0 | 6,22,6,22,6,22,6,22,6,22,6 | S=(0,0);(10,1) | I= | sp=43,43 | ip=
0,1,0,1,0,1,0,1,0,1,0 | 6,22,6,22,6,22,6,22,6,22,6 | S=(0,0);(10,1) | I= | sp=43,53 | ip=
0,1,0,1,0,1,0,1,0,1,0 | 6,22,6,22,6,22,6,22,6,22,6 | S=(0,0);(10,1) | I= | sp=43,99910 | ip=
0,1,0,1,0,1,0,1,0,1,0 | 6,22,6,22,6,22,6,22,6,22,6 | S=(0,0);(10,1) | I= | sp=43,943 | ip=
0,1,0,1,0,1,0,1,0,1,0 | 6,22,6,22,6,22,6,22,6,22,6 | S=(0,0);(10,1) | I= | sp=53,883 | ip=
0,1,0,1,0,1,0,1,0,1,0 | 6,22,6,22,6,22,6,22,6,22,6 | S=(0,0);(10,1) | I= | sp=53,23 | ip=
0,1,0,1,0,1,0,1,0,1,0 | 6,22,6,22,6,22,6,22,6,22,6 | S=(0,0);(10,1) | I= | sp=53,33 | ip=
0,1,0,1,0,1,0,1,0,1,0 | 6,22,6,22,6,22,6,22,6,22,6 | S=(0,0);(10,1) | I= | sp=53,915 | ip=
0,1,0,1,0,1,0,1,0,1,0 | 6,22,6,22,6,22,6,22,6,22,6 | S=(0,0);(10,1) | I= | sp=53,331 | ip=
0,1,0,1,0,1,0,1,0,1,0 | 6,22,6,22,6,22,6,22,6,22,6 | S=(0,0);(10,1) | I= | sp=53,43 | ip=
0,1,0,1,0,1,0,1,0,1,0 | 6,22,6,22,6,22,6,22,6,22,6 | S=(0,0);(10,1) | I= | sp=53,53 | ip=
0,1,0,1,0,1,0,1,0,1,0 | 6,22,6,22,6,22,6,22,6,22,6 | S=(0,0);(10,1) | I= | sp=53,99910 | ip=
0,1,0,1,0,1,0,1,0,1,0 | 6,22,6,22,6,22,6,22,6,22,6 | S=(0,0);(10,1) | I= | sp=53,943 | ip=
0,1,0,1,0,1,0,1,0,1,0 | 6,22,6,22,6,22,6,22,6,22,6 | S=(0,0);(10,1) | I= | sp=99910,883 | ip=
0,1,0,1,0,1,0,1,0,1,0 | 6,22,6,22,6,22,6,22,6,22,6 | S=(0,0);(10,1) | I= | sp=99910,23 | ip=
0,1,0,1,0,1,0,1,0,1,0 | 6,22,6,22,6,22,6,22,6,22,6 | S=(0,0);(10,1) | I= | sp=99910,33 | ip=
0,1,0,1,0,1,0,1,0,1,0 | 6,22,6,22,6,22,6,22,6,22,6 | S=(0,0);(10,1) | I= | sp=99910,915 | ip=
0,1,0,1,0,1,0,1,0,1,0 | 6,22,6,22,6,22,6,22,6,22,6 | S=(0,0);(10,1) | I= | sp=99910,331 | ip=
0,1,0,1,0,1,0,1,0,1,0 | 6,22,6,22,6,22,6,22,6,22,6 | S=(0,0);(10,1) | I= | sp=99910,43 | ip=
0,1,0,1,0,1,0,1,0,1,0 | 6,22,6,22,6,22,6,22,6,22,6 | S=(0,0);(10,1) | I= | sp=99910,53 | ip=
0,1,0,1,0,1,0,1,0,1,0 | 6,22,6,22,6,22,6,22,6,22,6 | S=(0,0);(10,1) | I= | sp=99910,99910 | ip=
0,1,0,1,0,1,0,1,0,1,0 | 6,22,6,22,6,22,6,22,6,22,6 | S=(0,0);(10,1) | I= | sp=99910,943 | ip=
0,1,0,1,0,1,0,1,0,1,0 | 6,22,6,22,6,22,6,22,6,22,6 | S=(0,0);(10,1) | I= | sp=943,883 | ip=
0,1,0,1,0,1,0,1,0,1,0 | 6,22,6,22,6,22,6,22,6,22,6 | S=(0,0);(10,1) | I= | sp=943,23 | ip=
0,1,0,1,0,1,0,1,0,1,0 | 6,22,6,22,6,22,6,22,6,22,6 | S=(0,0);(10,1) | I= | sp=943,33 | ip=
0,1,0,1,0,1,0,1,0,1,0 | 6,22,6,22,6,22,6,22,6,22,6 | S=(0,0);(10,1) | I= | sp=943,915 | ip=
0,1,0,1,0,1,0,1,0,1,0 | 6,22,6,22,6,22,6,22,6,22,6 | S=(0,0);(10,1) | I= | sp=943,331 | ip=
0,1,0,1,0,1,0,1,0,1,0 | 6,22,6,22,6,22,6,22,6,22,6 | S=(0,0);(10,1) | I= | sp=943,43 | ip=
0,1,0,1,0,1,0,1,0,1,0 | 6,22,6,22,6,22,6,22,6,22,6 | S=(0,0);(10,1) | I= | sp=943,53 | ip=
0,1,0,1,0,1,0,1,0,1,0 | 6,22,6,22,6,22,6,22,6,22,6 | S=(0,0);(10,1) | I= | sp=943,99910 | ip=
0,1,0,1,0,1,0,1,0,1,0 | 6,22,6,22,6,22,6,22,6,22,6 | S=(0,0);(10,1) | I= | sp=943,943 | ip=
0,1,0,1,0,1,0,1,0,1,0 | 6,22,6,22,6,22,6,22,6,35,12 | S=(0,0);(10,1) | I= | sp=882,882 | ip=
0,1,0,1,0,1,0,1,0,1,0 | 6,22,6,22,6,22,6,22,6,35,12 | S=(0,0);(10,1) | I= | sp=22,882 | ip=
0,1,0,1,0,1,0,1,0,1,0 | 6,22,6,22,6,22,6,22,6,35,12 | S=(0,0);(10,1) | I= | sp=97,1 | ip=
0,1,0,1,0,1,0,1,0,1,0 | 6,33,8,33,8,33,8,33,8,32,4 | S=(0,0);(10,1) | I= | sp=882,1 | ip=
0,1,0,1,0,1,0,1,0,1,0 | 6,33,8,33,8,33,8,33,8,32,4 | S=(0,0);(10,1) | I= | sp=22,1 | ip=
0,1,0,1,0,1,0,1,0,1,0 | 6,33,8,33,8,33,8,33,8,33,6 | S=(0,0);(10,1) | I= | sp=882,882 | ip=
0,1,0,1,0,1,0,1,0,1,0 | 6,33,8,33,8,33,8,33,8,33,6 | S=(0,0);(10,1) | I= | sp=882,22 | ip=
0,1,0,1,0,1,0,1,0,1,0 | 6,33,8,33,8,33,8,33,8,33,6 | S=(0,0);(10,1) | I= | sp=22,882 | ip=
0,1,0,1,0,1,0,1,0,1,0 | 6,33,8,33,8,33,8,33,8,33,6 | S=(0,0);(10,1) | I= | sp=22,22 | ip=
0,1,0,1,0,1,0,1,0,1,0 | 6,33,8,33,8,33,8,33,8,33,7 | S=(0,0);(10,1) | I= | sp=882,883 | ip=
0,1,0,1,0,1,0,1,0,1,0 | 6,33,8,33,8,33,8,33,8,33,7 | S=(0,0);(10,1) | I= | sp=882,23 | ip=
0,1,0,1,0,1,0,1,0,1,0 | 6,33,8,33,8,33,8,33,8,33,7 | S=(0,0);(10,1) | I= | sp=882,33 | ip=
0,1,0,1,0,1,0,1,0,1,0 | 6,33,8,33,8,33,8,33,8,33,7 | S=(0,0);(10,1) | I= | sp=22,883 | ip=
0,1,0,1,0,1,0,1,0,1,0 | 6,33,8,33,8,33,8,33,8,33,7 | S=(0,0);(10,1) | I= | sp=22,23 | ip=
0,1,0,1,0,1,0,1,0,1,0 | 6,33,8,33,8,33,8,33,8,33,7 | S=(0,0);(10,1) | I= | sp=22,33 | ip=
0,1,0,1,0,1,0,1,0,1,0 | 6,33,8,33,8,33,8,33,8,33,8 | S=(0,0);(10,1) | I= | sp=882,884 | ip=
0,1,0,1,0,1,0,1,0,1,0 | 6,33,8,33,8,33,8,33,8,33,8 | S=(0,0);(10,1) | I= | sp=882,24 | ip=
0,1,0,1,0,1,0,1,0,1,0 | 6,33,8,33,8,33,8,33,8,33,8 | S=(0,0);(10,1) | I= | sp=882,993 | ip=
0,1,0,1,0,1,0,1,0,1,0 | 6,33,8,33,8,33,8,33,8,33,8 | S=(0,0);(10,1) | I= | sp=882,911 | ip=
0,1,0,1,0,1,0,1,0,1,0 | 6,33,8,33,8,33,8,33,8,33,8 | S=(0,0);(10,1) | I= | sp=882,34 | ip=
0,1,0,1,0,1,0,1,0,1,0 | 6,33,8,33,8,33,8,33,8,33,8 | S=(0,0);(10,1) | I= | sp=882,44 | ip=
0,1,0,1,0,1,0,1,0,1,0 | 6,33,8,33,8,33,8,33,8,33,8 | S=(0,0);(10,1) | I= | sp=882,54 | ip=
0,1,0,1,0,1,0,1,0,1,0 | 6,33,8,33,8,33,8,33,8,33,8 | S=(0,0);(10,1) | I= | sp=882,99920 | ip=
0,1,0,1,0,1,0,1,0,1,0 | 6,33,8,33,8,33,8,33,8,33,8 | S=(0,0);(10,1) | I= | sp=882,9914 | ip=
0,1,0,1,0,1,0,1,0,1,0 | 6,33,8,33,8,33,8,33,8,33,8 | S=(0,0);(10,1) | I= | sp=882,944 | ip=
0,1,0,1,0,1,0,1,0,1,0 | 6,33,8,33,8,33,8,33,8,33,8 | S=(0,0);(10,1) | I= | sp=22,884 | ip=
0,1,0,1,0,1,0,1,0,1,0 | 6,33,8,33,8,33,8,33,8,33,8 | S=(0,0);(10,1) | I= | sp=22,24 | ip=
0,1,0,1,0,1,0,1,0,1,0 | 6,33,8,33,8,33,8,33,8,33,8 | S=(0,0);(10,1) | I= | sp=22,993 | ip=
0,1,0,1,0,1,0,1,0,1,0 | 6,33,8,33,8,33,8,33,8,33,8 | S=(0,0);(10,1) | I= | sp=22,911 | ip=
0,1,0,1,0,1,0,1,0,1,0 | 6,33,8,33,8,33,8,33,8,33,8 | S=(0,0);(10,1) | I= | sp=22,34 | ip=
0,1,0,1,0,1,0,1,0,1,0 | 6,33,8,33,8,33,8,33,8,33,8 | S=(0,0);(10,1) | I= | sp=22,44 | ip=
0,1,0,1,0,1,0,1,0,1,0 | 6,33,8,33,8,33,8,33,8,33,8 | S=(0,0);(10,1) | I= | sp=22,54 | ip=
0,1,0,1,0,1,0,1,0,1,0 | 6,33,8,33,8,33,8,33,8,33,8 | S=(0,0);(10,1) | I= | sp=22,99920 | ip=
0,1,0,1,0,1,0,1,0,1,0 | 6,33,8,33,8,33,8,33,8,33,8 | S=(0,0);(10,1) | I= | sp=22,9914 | ip=
0,1,0,1,0,1,0,1,0,1,0 | 6,33,8,33,8,33,8,33,8,33,8 | S=(0,0);(10,1) | I= | sp=22,944 | ip=
0,1,0,1,0,1,0,1,0,1,0 | 6,33,8,33,8,33,8,33,8,45,12 | S=(0,0);(10,1) | I= | sp=1,882 | ip=
0,1,0,1,0,1,0,1,0,1,0 | 6,33,8,33,8,33,8,33,8,45,12 | S=(0,0);(10,1) | I= | sp=912,1 | ip=
0,1,0,1,0,1,0,1,0,1,0 | 6,35,12,55,12,55,12,42,4,11,4 | S=(0,0);(10,1) | I= | sp=882,1 | ip=
0,1,0,1,0,1,0,1,0,1,0 | 6,35,12,55,12,55,12,42,4,11,4 | S=(0,0);(10,1) | I= | sp=22,1 | ip=
0,1,0,1,0,1,0,1,0,1,0 | 6,35,12,55,12,55,12,55,12,42,4 | S=(0,0);(10,1) | I= | sp=882,912 | ip=
0,1,0,1,0,1,0,1,0,1,0 | 6,35,12,55,12,55,12,55,12,42,4 | S=(0,0);(10,1) | I= | sp=22,912 | ip=
0,1,0,1,0,1,0,1,0,1,0 | 6,35,12,55,12,55,12,55,12,53,6 | S=(0,0);(10,1) | I= | sp=882,882 | ip=
0,1,0,1,0,1,0,1,0,1,0 | 6,35,12,55,12,55,12,55,12,53,6 | S=(0,0);(10,1) | I= | sp=882,22 | ip=
0,1,0,1,0,1,0,1,0,1,0 | 6,35,12,55,12,55,12,55,12,53,6 | S=(0,0);(10,1) | I= | sp=22,882 | ip=
0,1,0,1,0,1,0,1,0,1,0 | 6,35,12,55,12,55,12,55,12,53,6 | S=(0,0);(10,1) | I= | sp=22,22 | ip=
0,1,0,1,0,1,0,1,0,1,0 | 6,35,12,55,12,55,12,55,12,54,6 | S=(0,0);(10,1) | I= | sp=882,1 | ip=
0,1,0,1,0,1,0,1,0,1,0 | 6,35,12,55,12,55,12,55,12,54,6 | S=(0,0);(10,1) | I= | sp=22,1 | ip=
0,1,0,1,0,1,0,1,0,1,0 | 6,35,12,55,12,55,12,55,12,54,7 | S=(0,0);(10,1) | I= | sp=882,882 | ip=
0,1,0,1,0,1,0,1,0,1,0 | 6,35,12,55,12,55,12,55,12,54,7 | S=(0,0);(10,1) | I= | sp=22,882 | ip=
0,1,0,1,0,1,0,1,0,1,0 | 6,35,12,55,12,55,12,55,12,54,8 | S=(0,0);(10,1) | I= | sp=882,883 | ip=
0,1,0,1,0,1,0,1,0,1,0 | 6,35,12,55,12,55,12,55,12,54,8 | S=(0,0);(10,1) | I= | sp=882,23 | ip=
0,1,0,1,0,1,0,1,0,1,0 | 6,35,12,55,12,55,12,55,12,54,8 | S=(0,0);(10,1) | I= | sp=882,33 | ip=
0,1,0,1,0,1,0,1,0,1,0 | 6,35,12,55,12,55,12,55,12,54,8 | S=(0,0);(10,1) | I= | sp=22,883 | ip=
0,1,0,1,0,1,0,1,0,1,0 | 6,35,12,55,12,55,12,55,12,54,8 | S=(0,0);(10,1) | I= | sp=22,23 | ip=
0,1,0,1,0,1,0,1,0,1,0 | 6,35,12,55,12,55,12,55,12,54,8 | S=(0,0);(10,1) | I= | sp=22,33 | ip=
0,1,0,1,0,1,0,1,0,1,0 | 6,35,12,55,12,55,12,55,12,55,7 | S=(0,0);(10,1) | I= | sp=882,1 | ip=
0,1,0,1,0,1,0,1,0,1,0 | 6,35,12,55,12,55,12,55,12,55,7 | S=(0,0);(10,1) | I= | sp=22,1 | ip=
0,1,0,1,0,1,0,1,0,1,0 | 6,35,12,55,12,55,12,55,12,55,8 | S=(0,0);(10,1) | I= | sp=882,882 | ip=
0,1,0,1,0,1,0,1,0,1,0 | 6,35,12,55,12,55,12,55,12,55,8 | S=(0,0);(10,1) | I= | sp=22,882 | ip=
0,1,0,1,0,1,0,1,0,1,0 | 6,35,12,55,12,55,12,55,12,55,12 | S=(0,0);(10,1) | I= | sp=882,886 | ip=
0,1,0,1,0,1,0,1,0,1,0 | 6,35,12,55,12,55,12,55,12,55,12 | S=(0,0);(10,1) | I= | sp=882,94 | ip=
0,1,0,1,0,1,0,1,0,1,0 | 6,35,12,55,12,55,12,55,12,55,12 | S=(0,0);(10,1) | I= | sp=882,996 | ip=
0,1,0,1,0,1,0,1,0,1,0 | 6,35,12,55,12,55,12,55,12,55,12 | S=(0,0);(10,1) | I= | sp=882,919 | ip=
0,1,0,1,0,1,0,1,0,1,0 | 6,35,12,55,12,55,12,55,12,55,12 | S=(0,0);(10,1) | I= | sp=882,9915 | ip=
0,1,0,1,0,1,0,1,0,1,0 | 6,35,12,55,12,55,12,55,12,55,12 | S=(0,0);(10,1) | I= | sp=882,946 | ip=
0,1,0,1,0,1,0,1,0,1,0 | 6,35,12,55,12,55,12,55,12,55,12 | S=(0,0);(10,1) | I= | sp=22,886 | ip=
0,1,0,1,0,1,0,1,0,1,0 | 6,35,12,55,12,55,12,55,12,55,12 | S=(0,0);(10,1) | I= | sp=22,94 | ip=
0,1,0,1,0,1,0,1,0,1,0 | 6,35,12,55,12,55,12,55,12,55,12 | S=(0,0);(10,1) | I= | sp=22,996 | ip=
0,1,0,1,0,1,0,1,0,1,0 | 6,35,12,55,12,55,12,55,12,55,12 | S=(0,0);(10,1) | I= | sp=22,919 | ip=
0,1,0,1,0,1,0,1,0,1,0 | 6,35,12,55,12,55,12,55,12,55,12 | S=(0,0);(10,1) | I= | sp=22,9915 | ip=
0,1,0,1,0,1,0,1,0,1,0 | 6,35,12,55,12,55,12,55,12,55,12 | S=(0,0);(10,1) | I= | sp=22,946 | ip=
0,1,0,1,0,1,0,1,0,1,0 | 6,45,12,55,12,55,12,42,4,11,4 | S=(0,0);(10,1) | I= | sp=1,1 | ip=
0,1,0,1,0,1,0,1,0,1,0 | 6,45,12,55,12,55,12,55,12,42,4 | S=(0,0);(10,1) | I= | sp=1,912 | ip=
0,1,0,1,0,1,0,1,0,1,0 | 6,45,12,55,12,55,12,55,12,53,6 | S=(0,0);(10,1) | I= | sp=1,882 | ip=
0,1,0,1,0,1,0,1,0,1,0 | 6,45,12,55,12,55,12,55,12,53,6 | S=(0,0);(10,1) | I= | sp=1,22 | ip=
0,1,0,1,0,1,0,1,0,1,0 | 6,45,12,55,12,55,12,55,12,54,6 | S=(0,0);(10,1) | I= | sp=1,1 | ip=
0,1,0,1,0,1,0,1,0,1,0 | 6,45,12,55,12,55,12,55,12,54,7 | S=(0,0);(10,1) | I= | sp=1,882 | ip=
0,1,0,1,0,1,0,1,0,1,0 | 6,45,12,55,12,55,12,55,12,54,8 | S=(0,0);(10,1) | I= | sp=1,883 | ip=
0,1,0,1,0,1,0,1,0,1,0 | 6,45,12,55,12,55,12,55,12,54,8 | S=(0,0);(10,1) | I= | sp=1,23 | ip=
0,1,0,1,0,1,0,1,0,1,0 | 6,45,12,55,12,55,12,55,12,54,8 | S=(0,0);(10,1) | I= | sp=1,33 | ip=
0,1,0,1,0,1,0,1,0,1,0 | 6,45,12,55,12,55,12,55,12,55,7 | S=(0,0);(10,1) | I= | sp=1,1 | ip=
0,1,0,1,0,1,0,1,0,1,0 | 6,45,12,55,12,55,12,55,12,55,8 | S=(0,0);(10,1) | I= | sp=1,882 | ip=
0,1,0,1,0,1,0,1,0,1,0 | 6,45,12,55,12,55,12,55,12,55,12 | S=(0,0);(10,1) | I= | sp=1,886 | ip=
0,1,0,1,0,1,0,1,0,1,0 | 6,45,12,55,12,55,12,55,12,55,12 | S=(0,0);(10,1) | I= | sp=1,94 | ip=
0,1,0,1,0,1,0,1,0,1,0 | 6,45,12,55,12,55,12,55,12,55,12 | S=(0,0);(10,1) | I= | sp=1,996 | ip=
0,1,0,1,0,1,0,1,0,1,0 | 6,45,12,55,12,55,12,55,12,55,12 | S=(0,0);(10,1) | I= | sp=1,919 | ip=
0,1,0,1,0,1,0,1,0,1,0 | 6,45,12,55,12,55,12,55,12,55,12 | S=(0,0);(10,1) | I= | sp=1,9915 | ip=
0,1,0,1,0,1,0,1,0,1,0 | 6,45,12,55,12,55,12,55,12,55,12 | S=(0,0);(10,1) | I= | sp=1,946 | ip=
0,1,0,1,0,1,0,1,0,1,0 | 7,33,8,33,8,33,8,33,8,32,4 | S=(0,0);(10,1) | I= | sp=883,1 | ip=
0,1,0,1,0,1,0,1,0,1,0 | 7,33,8,33,8,33,8,33,8,32,4 | S=(0,0);(10,1) | I= | sp=23,1 | ip=
0,1,0,1,0,1,0,1,0,1,0 | 7,33,8,33,8,33,8,33,8,32,4 | S=(0,0);(10,1) | I= | sp=33,1 | ip=
0,1,0,1,0,1,0,1,0,1,0 | 7,33,8,33,8,33,8,33,8,33,6 | S=(0,0);(10,1) | I= | sp=883,882 | ip=
0,1,0,1,0,1,0,1,0,1,0 | 7,33,8,33,8,33,8,33,8,33,6 | S=(0,0);(10,1) | I= | sp=883,22 | ip=
0,1,0,1,0,1,0,1,0,1,0 | 7,33,8,33,8,33,8,33,8,33,6 | S=(0,0);(10,1) | I= | sp=23,882 | ip=
0,1,0,1,0,1,0,1,0,1,0 | 7,33,8,33,8,33,8,33,8,33,6 | S=(0,0);(10,1) | I= | sp=23,22 | ip=
0,1,0,1,0,1,0,1,0,1,0 | 7,33,8,33,8,33,8,33,8,33,6 | S=(0,0);(10,1) | I= | sp=33,882 | ip=
0,1,0,1,0,1,0,1,0,1,0 | 7,33,8,33,8,33,8,33,8,33,6 | S=(0,0);(10,1) | I= | sp=33,22 | ip=
0,1,0,1,0,1,0,1,0,1,0 | 7,33,8,33,8,33,8,33,8,33,7 | S=(0,0);(10,1) | I= | sp=883,883 | ip=
0,1,0,1,0,1,0,1,0,1,0 | 7,33,8,33,8,33,8,33,8,33,7 | S=(0,0);(10,1) | I= | sp=883,23 | ip=
0,1,0,1,0,1,0,1,0,1,0 | 7,33,8,33,8,33,8,33,8,33,7 | S=(0,0);(10,1) | I= | sp=883,33 | ip=
0,1,0,1,0,1,0,1,0,1,0 | 7,33,8,33,8,33,8,33,8,33,7 | S=(0,0);(10,1) | I= | sp=23,883 | ip=
0,1,0,1,0,1,0,1,0,1,0 | 7,33,8,33,8,33,8,33,8,33,7 | S=(0,0);(10,1) | I= | sp=23,23 | ip=
0,1,0,1,0,1,0,1,0,1,0 | 7,33,8,33,8,33,8,33,8,33,7 | S=(0,0);(10,1) | I= | sp=23,33 | ip=
0,1,0,1,0,1,0,1,0,1,0 | 7,33,8,33,8,33,8,33,8,33,7 | S=(0,0);(10,1) | I= | sp=33,883 | ip=
0,1,0,1,0,1,0,1,0,1,0 | 7,33,8,33,8,33,8,33,8,33,7 | S=(0,0);(10,1) | I= | sp=33,23 | ip=
0,1,0,1,0,1,0,1,0,1,0 | 7,33,8,33,8,33,8,33,8,33,7 | S=(0,0);(10,1) | I= | sp=33,33 | ip=
0,1,0,1,0,1,0,1,0,1,0 | 7,33,8,33,8,33,8,33,8,33,8 | S=(0,0);(10,1) | I= | sp=883,884 | ip=
0,1,0,1,0,1,0,1,0,1,0 | 7,33,8,33,8,33,8,33,8,33,8 | S=(0,0);(10,1) | I= | sp=883,24 | ip=
0,1,0,1,0,1,0,1,0,1,0 | 7,33,8,33,8,33,8,33,8,33,8 | S=(0,0);(10,1) | I= | sp=883,993 | ip=
0,1,0,1,0,1,0,1,0,1,0 | 7,33,8,33,8,33,8,33,8,33,8 | S=(0,0);(10,1) | I= | sp=883,911 | ip=
0,1,0,1,0,1,0,1,0,1,0 | 7,33,8,33,8,33,8,33,8,33,8 | S=(0,0);(10,1) | I= | sp=883,34 | ip=
0,1,0,1,0,1,0,1,0,1,0 | 7,33,8,33,8,33,8,33,8,33,8 | S=(0,0);(10,1) | I= | sp=883,44 | ip=
0,1,0,1,0,1,0,1,0,1,0 | 7,33,8,33,8,33,8,33,8,33,8 | S=(0,0);(10,1) | I= | sp=883,54 | ip=
0,1,0,1,0,1,0,1,0,1,0 | 7,33,8,33,8,33,8,33,8,33,8 | S=(0,0);(10,1) | I= | sp=883,99920 | ip=
0,1,0,1,0,1,0,1,0,1,0 | 7,33,8,33,8,33,8,33,8,33,8 | S=(0,0);(10,1) | I= | sp=883,9914 | ip=
0,1,0,1,0,1,0,1,0,1,0 | 7,33,8,33,8,33,8,33,8,33,8 | S=(0,0);(10,1) | I= | sp=883,944 | ip=
0,1,0,1,0,1,0,1,0,1,0 | 7,33,8,33,8,33,8,33,8,33,8 | S=(0,0);(10,1) | I= | sp=23,884 | ip=
0,1,0,1,0,1,0,1,0,1,0 | 7,33,8,33,8,33,8,33,8,33,8 | S=(0,0);(10,1) | I= | sp=23,24 | ip=
0,1,0,1,0,1,0,1,0,1,0 | 7,33,8,33,8,33,8,33,8,33,8 | S=(0,0);(10,1) | I= | sp=23,993 | ip=
0,1,0,1,0,1,0,1,0,1,0 | 7,33,8,33,8,33,8,33,8,33,8 | S=(0,0);(10,1) | I= | sp=23,911 | ip=
0,1,0,1,0,1,0,1,0,1,0 | 7,33,8,33,8,33,8,33,8,33,8 | S=(0,0);(10,1) | I= | sp=23,34 | ip=
0,1,0,1,0,1,0,1,0,1,0 | 7,33,8,33,8,33,8,33,8,33,8 | S=(0,0);(10,1) | I= | sp=23,44 | ip=
0,1,0,1,0,1,0,1,0,1,0 | 7,33,8,33,8,33,8,33,8,33,8 | S=(0,0);(10,1) | I= | sp=23,54 | ip=
0,1,0,1,0,1,0,1,0,1,0 | 7,33,8,33,8,33,8,33,8,33,8 | S=(0,0);(10,1) | I= | sp=23,99920 | ip=
0,1,0,1,0,1,0,1,0,1,0 | 7,33,8,33,8,33,8,33,8,33,8 | S=(0,0);(10,1) | I= | sp=23,9914 | ip=
0,1,0,1,0,1,0,1,0,1,0 | 7,33,8,33,8,33,8,33,8,33,8 | S=(0,0);(10,1) | I= | sp=23,944 | ip=
0,1,0,1,0,1,0,1,0,1,0 | 7,33,8,33,8,33,8,33,8,33,8 | S=(0,0);(10,1) | I= | sp=33,884 | ip=
0,1,0,1,0,1,0,1,0,1,0 | 7,33,8,33,8,33,8,33,8,33,8 | S=(0,0);(10,1) | I= | sp=33,24 | ip=
0,1,0,1,0,1,0,1,0,1,0 | 7,33,8,33,8,33,8,33,8,33,8 | S=(0,0);(10,1) | I= | sp=33,993 | ip=
0,1,0,1,0,1,0,1,0,1,0 | 7,33,8,33,8,33,8,33,8,33,8 | S=(0,0);(10,1) | I= | sp=33,911 | ip=
0,1,0,1,0,1,0,1,0,1,0 | 7,33,8,33,8,33,8,33,8,33,8 | S=(0,0);(10,1) | I= | sp=33,34 | ip=
0,1,0,1,0,1,0,1,0,1,0 | 7,33,8,33,8,33,8,33,8,33,8 | S=(0,0);(10,1) | I= | sp=33,44 | ip=
0,1,0,1,0,1,0,1,0,1,0 | 7,33,8,33,8,33,8,33,8,33,8 | S=(0,0);(10,1) | I= | sp=33,54 | ip=
0,1,0,1,0,1,0,1,0,1,0 | 7,33,8,33,8,33,8,33,8,33,8 | S=(0,0);(10,1) | I= | sp=33,99920 | ip=
0,1,0,1,0,1,0,1,0,1,0 | 7,33,8,33,8,33,8,33,8,33,8 | S=(0,0);(10,1) | I= | sp=33,9914 | ip=
0,1,0,1,0,1,0,1,0,1,0 | 7,33,8,33,8,33,8,33,8,33,8 | S=(0,0);(10,1) | I= | sp=33,944 | ip=
0,1,0,1,0,1,0,1,0,1,0 | 7,33,8,33,8,33,8,33,8,45,12 | S=(0,0);(10,1) | I= | sp=882,882 | ip=
0,1,0,1,0,1,0,1,0,1,0 | 7,33,8,33,8,33,8,33,8,45,12 | S=(0,0);(10,1) | I= | sp=97,1 | ip=
0,1,0,1,0,1,0,1,0,1,0 | 7,45,12,55,12,55,12,42,4,11,4 | S=(0,0);(10,1) | I= | sp=882,1 | ip=
0,1,0,1,0,1,0,1,0,1,0 | 7,45,12,55,12,55,12,55,12,42,4 | S=(0,0);(10,1) | I= | sp=882,912 | ip=
0,1,0,1,0,1,0,1,0,1,0 | 7,45,12,55,12,55,12,55,12,53,6 | S=(0,0);(10,1) | I= | sp=882,882 | ip=
0,1,0,1,0,1,0,1,0,1,0 | 7,45,12,55,12,55,12,55,12,53,6 | S=(0,0);(10,1) | I= | sp=882,22 | ip=
0,1,0,1,0,1,0,1,0,1,0 | 7,45,12,55,12,55,12,55,12,54,6 | S=(0,0);(10,1) | I= | sp=882,1 | ip=
0,1,0,1,0,1,0,1,0,1,0 | 7,45,12,55,12,55,12,55,12,54,7 | S=(0,0);(10,1) | I= | sp=882,882 | ip=
0,1,0,1,0,1,0,1,0,1,0 | 7,45,12,55,12,55,12,55,12,54,8 | S=(0,0);(10,1) | I= | sp=882,883 | ip=
0,1,0,1,0,1,0,1,0,1,0 | 7,45,12,55,12,55,12,55,12,54,8 | S=(0,0);(10,1) | I= | sp=882,23 | ip=
0,1,0,1,0,1,0,1,0,1,0 | 7,45,12,55,12,55,12,55,12,54,8 | S=(0,0);(10,1) | I= | sp=882,33 | ip=
0,1,0,1,0,1,0,1,0,1,0 | 7,45,12,55,12,55,12,55,12,55,7 | S=(0,0);(10,1) | I= | sp=882,1 | ip=
0,1,0,1,0,1,0,1,0,1,0 | 7,45,12,55,12,55,12,55,12,55,8 | S=(0,0);(10,1) | I= | sp=882,882 | ip=
0,1,0,1,0,1,0,1,0,1,0 | 7,45,12,55,12,55,12,55,12,55,12 | S=(0,0);(10,1) | I= | sp=882,886 | ip=
0,1,0,1,0,1,0,1,0,1,0 | 7,45,12,55,12,55,12,55,12,55,12 | S=(0,0);(10,1) | I= | sp=882,94 | ip=
0,1,0,1,0,1,0,1,0,1,0 | 7,45,12,55,12,55,12,55,12,55,12 | S=(0,0);(10,1) | I= | sp=882,996 | ip=
0,1,0,1,0,1,0,1,0,1,0 | 7,45,12,55,12,55,12,55,12,55,12 | S=(0,0);(10,1) | I= | sp=882,919 | ip=
0,1,0,1,0,1,0,1,0,1,0 | 7,45,12,55,12,55,12,55,12,55,12 | S=(0,0);(10,1) | I= | sp=882,9915 | ip=
0,1,0,1,0,1,0,1,0,1,0 | 7,45,12,55,12,55,12,55,12,55,12 | S=(0,0);(10,1) | I= | sp=882,946 | ip=
0,1,0,1,0,1,0,1,0,1,0 | 7,55,12,55,12,55,12,42,4,11,4 | S=(0,0);(10,1) | I= | sp=1,1 | ip=
0,1,0,1,0,1,0,1,0,1,0 | 7,55,12,55,12,55,12,55,12,42,4 | S=(0,0);(10,1) | I= | sp=1,912 | ip=
0,1,0,1,0,1,0,1,0,1,0 | 7,55,12,55,12,55,12,55,12,53,6 | S=(0,0);(10,1) | I= | sp=1,882 | ip=
0,1,0,1,0,1,0,1,0,1,0 | 7,55,12,55,12,55,12,55,12,53,6 | S=(0,0);(10,1) | I= | sp=1,22 | ip=
0,1,0,1,0,1,0,1,0,1,0 | 7,55,12,55,12,55,12,55,12,54,6 | S=(0,0);(10,1) | I= | sp=1,1 | ip=
0,1,0,1,0,1,0,1,0,1,0 | 7,55,12,55,12,55,12,55,12,54,7 | S=(0,0);(10,1) | I= | sp=1,882 | ip=
0,1,0,1,0,1,0,1,0,1,0 | 7,55,12,55,12,55,12,55,12,54,8 | S=(0,0);(10,1) | I= | sp=1,883 | ip=
0,1,0,1,0,1,0,1,0,1,0 | 7,55,12,55,12,55,12,55,12,54,8 | S=(0,0);(10,1) | I= | sp=1,23 | ip=
0,1,0,1,0,1,0,1,0,1,0 | 7,55,12,55,12,55,12,55,12,54,8 | S=(0,0);(10,1) | I= | sp=1,33 | ip=
0,1,0,1,0,1,0,1,0,1,0 | 7,55,12,55,12,55,12,55,12,55,7 | S=(0,0);(10,1) | I= | sp=1,1 | ip=
0,1,0,1,0,1,0,1,0,1,0 | 7,55,12,55,12,55,12,55,12,55,8 | S=(0,0);(10,1) | I= | sp=1,882 | ip=
0,1,0,1,0,1,0,1,0,1,0 | 7,55,12,55,12,55,12,55,12,55,12 | S=(0,0);(10,1) | I= | sp=1,886 | ip=
0,1,0,1,0,1,0,1,0,1,0 | 7,55,12,55,12,55,12,55,12,55,12 | S=(0,0);(10,1) | I= | sp=1,94 | ip=
0,1,0,1,0,1,0,1,0,1,0 | 7,55,12,55,12,55,12,55,12,55,12 | S=(0,0);(10,1) | I= | sp=1,996 | ip=
0,1,0,1,0,1,0,1,0,1,0 | 7,55,12,55,12,55,12,55,12,55,12 | S=(0,0);(10,1) | I= | sp=1,919 | ip=
0,1,0,1,0,1,0,1,0,1,0 | 7,55,12,55,12,55,12,55,12,55,12 | S=(0,0);(10,1) | I= | sp=1,9915 | ip=
0,1,0,1,0,1,0,1,0,1,0 | 7,55,12,55,12,55,12,55,12,55,12 | S=(0,0);(10,1) | I= | sp=1,946 | ip=
0,1,0,1,0,1,0,1,0,1,0 | 8,33,8,33,8,33,8,33,8,32,4 | S=(0,0);(10,1) | I= | sp=884,1 | ip=
0,1,0,1,0,1,0,1,0,1,0 | 8,33,8,33,8,33,8,33,8,32,4 | S=(0,0);(10,1) | I= | sp=24,1 | ip=
0,1,0,1,0,1,0,1,0,1,0 | 8,33,8,33,8,33,8,33,8,32,4 | S=(0,0);(10,1) | I= | sp=993,1 | ip=
0,1,0,1,0,1,0,1,0,1,0 | 8,33,8,33,8,33,8,33,8,32,4 | S=(0,0);(10,1) | I= | sp=911,1 | ip=
0,1,0,1,0,1,0,1,0,1,0 | 8,33,8,33,8,33,8,33,8,32,4 | S=(0,0);(10,1) | I= | sp=34,1 | ip=
0,1,0,1,0,1,0,1,0,1,0 | 8,33,8,33,8,33,8,33,8,32,4 | S=(0,0);(10,1) | I= | sp=44,1 | ip=
0,1,0,1,0,1,0,1,0,1,0 | 8,33,8,33,8,33,8,33,8,32,4 | S=(0,0);(10,1) | I= | sp=54,1 | ip=
0,1,0,1,0,1,0,1,0,1,0 | 8,33,8,33,8,33,8,33,8,32,4 | S=(0,0);(10,1) | I= | sp=99920,1 | ip=
0,1,0,1,0,1,0,1,0,1,0 | 8,33,8,33,8,33,8,33,8,32,4 | S=(0,0);(10,1) | I= | sp=9914,1 | ip=
0,1,0,1,0,1,0,1,0,1,0 | 8,33,8,33,8,33,8,33,8,32,4 | S=(0,0);(10,1) | I= | sp=944,1 | ip=
0,1,0,1,0,1,0,1,0,1,0 | 8,33,8,33,8,33,8,33,8,33,6 | S=(0,0);(10,1) | I= | sp=884,882 | ip=
0,1,0,1,0,1,0,1,0,1,0 | 8,33,8,33,8,33,8,33,8,33,6 | S=(0,0);(10,1) | I= | sp=884,22 | ip=
0,1,0,1,0,1,0,1,0,1,0 | 8,33,8,33,8,33,8,33,8,33,6 | S=(0,0);(10,1) | I= | sp=24,882 | ip=
0,1,0,1,0,1,0,1,0,1,0 | 8,33,8,33,8,33,8,33,8,33,6 | S=(0,0);(10,1) | I= | sp=24,22 | ip=
0,1,0,1,0,1,0,1,0,1,0 | 8,33,8,33,8,33,8,33,8,33,6 | S=(0,0);(10,1) | I= | sp=993,882 | ip=
0,1,0,1,0,1,0,1,0,1,0 | 8,33,8,33,8,33,8,33,8,33,6 | S=(0,0);(10,1) | I= | sp=993,22 | ip=
0,1,0,1,0,1,0,1,0,1,0 | 8,33,8,33,8,33,8,33,8,33,6 | S=(0,0);(10,1) | I= | sp=911,882 | ip=
0,1,0,1,0,1,0,1,0,1,0 | 8,33,8,33,8,33,8,33,8,33,6 | S=(0,0);(10,1) | I= | sp=911,22 | ip=
0,1,0,1,0,1,0,1,0,1,0 | 8,33,8,33,8,33,8,33,8,33,6 | S=(0,0);(10,1) | I= | sp=34,882 | ip=
0,1,0,1,0,1,0,1,0,1,0 | 8,33,8,33,8,33,8,33,8,33,6 | S=(0,0);(10,1) | I= | sp=34,22 | ip=
0,1,0,1,0,1,0,1,0,1,0 | 8,33,8,33,8,33,8,33,8,33,6 | S=(0,0);(10,1) | I= | sp=44,882 | ip=
0,1,0,1,0,1,0,1,0,1,0 | 8,33,8,33,8,33,8,33,8,33,6 | S=(0,0);(10,1) | I= | sp=44,22 | ip=
0,1,0,1,0,1,0,1,0,1,0 | 8,33,8,33,8,33,8,33,8,33,6 | S=(0,0);(10,1) | I= | sp=54,882 | ip=
0,1,0,1,0,1,0,1,0,1,0 | 8,33,8,33,8,33,8,33,8,33,6 | S=(0,0);(10,1) | I= | sp=54,22 | ip=
0,1,0,1,0,1,0,1,0,1,0 | 8,33,8,33,8,33,8,33,8,33,6 | S=(0,0);(10,1) | I= | sp=99920,882 | ip=
0,1,0,1,0,1,0,1,0,1,0 | 8,33,8,33,8,33,8,33,8,33,6 | S=(0,0);(10,1) | I= | sp=99920,22 | ip=
0,1,0,1,0,1,0,1,0,1,0 | 8,33,8,33,8,33,8,33,8,33,6 | S=(0,0);(10,1) | I= | sp=9914,882 | ip=
0,1,0,1,0,1,0,1,0,1,0 | 8,33,8,33,8,33,8,33,8,33,6 | S=(0,0);(10,1) | I= | sp=9914,22 | ip=
0,1,0,1,0,1,0,1,0,1,0 | 8,33,8,33,8,33,8,33,8,33,6 | S=(0,0);(10,1) | I= | sp=944,882 | ip=
0,1,0,1,0,1,0,1,0,1,0 | 8,33,8,33,8,33,8,33,8,33,6 | S=(0,0);(10,1) | I= | sp=944,22 | ip=
0,1,0,1,0,1,0,1,0,1,0 | 8,33,8,33,8,33,8,33,8,33,7 | S=(0,0);(10,1) | I= | sp=884,883 | ip=
0,1,0,1,0,1,0,1,0,1,0 | 8,33,8,33,8,33,8,33,8,33,7 | S=(0,0);(10,1) | I= | sp=884,23 | ip=
0,1,0,1,0,1,0,1,0,1,0 | 8,33,8,33,8,33,8,33,8,33,7 | S=(0,0);(10,1) | I= | sp=884,33 | ip=
0,1,0,1,0,1,0,1,0,1,0 | 8,33,8,33,8,33,8,33,8,33,7 | S=(0,0);(10,1) | I= | sp=24,883 | ip=
0,1,0,1,0,1,0,1,0,1,0 | 8,33,8,33,8,33,8,33,8,33,7 | S=(0,0);(10,1) | I= | sp=24,23 | ip=
0,1,0,1,0,1,0,1,0,1,0 | 8,33,8,33,8,33,8,33,8,33,7 | S=(0,0);(10,1) | I= | sp=24,33 | ip=
0,1,0,1,0,1,0,1,0,1,0 | 8,33,8,33,8,33,8,33,8,33,7 | S=(0,0);(10,1) | I= | sp=993,883 | ip=
0,1,0,1,0,1,0,1,0,1,0 | 8,33,8,33,8,33,8,33,8,33,7 | S=(0,0);(10,1) | I= | sp=993,23 | ip=
0,1,0,1,0,1,0,1,0,1,0 | 8,33,8,33,8,33,8,33,8,33,7 | S=(0,0);(10,1) | I= | sp=993,33 | ip=
0,1,0,1,0,1,0,1,0,1,0 | 8,33,8,33,8,33,8,33,8,33,7 | S=(0,0);(10,1) | I= | sp=911,883 | ip=
0,1,0,1,0,1,0,1,0,1,0 | 8,33,8,33,8,33,8,33,8,33,7 | S=(0,0);(10,1) | I= | sp=911,23 | ip=
0,1,0,1,0,1,0,1,0,1,0 | 8,33,8,33,8,33,8,33,8,33,7 | S=(0,0);(10,1) | I= | sp=911,33 | ip=
0,1,0,1,0,1,0,1,0,1,0 | 8,33,8,33,8,33,8,33,8,33,7 | S=(0,0);(10,1) | I= | sp=34,883 | ip=
0,1,0,1,0,1,0,1,0,1,0 | 8,33,8,33,8,33,8,33,8,33,7 | S=(0,0);(10,1) | I= | sp=34,23 | ip=
0,1,0,1,0,1,0,1,0,1,0 | 8,33,8,33,8,33,8,33,8,33,7 | S=(0,0);(10,1) | I= | sp=34,33 | ip=
0,1,0,1,0,1,0,1,0,1,0 | 8,33,8,33,8,33,8,33,8,33,7 | S=(0,0);(10,1) | I= | sp=44,883 | ip=
0,1,0,1,0,1,0,1,0,1,0 | 8,33,8,33,8,33,8,33,8,33,7 | S=(0,0);(10,1) | I= | sp=44,23 | ip=
0,1,0,1,0,1,0,1,0,1,0 | 8,33,8,33,8,33,8,33,8,33,7 | S=(0,0);(10,1) | I= | sp=44,33 | ip=
0,1,0,1,0,1,0,1,0,1,0 | 8,33,8,33,8,33,8,33,8,33,7 | S=(0,0);(10,1) | I= | sp=54,883 | ip=
0,1,0,1,0,1,0,1,0,1,0 | 8,33,8,33,8,33,8,33,8,33,7 | S=(0,0);(10,1) | I= | sp=54,23 | ip=
0,1,0,1,0,1,0,1,0,1,0 | 8,33,8,33,8,33,8,33,8,33,7 | S=(0,0);(10,1) | I= | sp=54,33 | ip=
0,1,0,1,0,1,0,1,0,1,0 | 8,33,8,33,8,33,8,33,8,33,7 | S=(0,0);(10,1) | I= | sp=99920,883 | ip=
0,1,0,1,0,1,0,1,0,1,0 | 8,33,8,33,8,33,8,33,8,33,7 | S=(0,0);(10,1) | I= | sp=99920,23 | ip=
0,1,0,1,0,1,0,1,0,1,0 | 8,33,8,33,8,33,8,33,8,33,7 | S=(0,0);(10,1) | I= | sp=99920,33 | ip=
0,1,0,1,0,1,0,1,0,1,0 | 8,33,8,33,8,33,8,33,8,33,7 | S=(0,0);(10,1) | I= | sp=9914,883 | ip=
0,1,0,1,0,1,0,1,0,1,0 | 8,33,8,33,8,33,8,33,8,33,7 | S=(0,0);(10,1) | I= | sp=9914,23 | ip=
0,1,0,1,0,1,0,1,0,1,0 | 8,33,8,33,8,33,8,33,8,33,7 | S=(0,0);(10,1) | I= | sp=9914,33 | ip=
0,1,0,1,0,1,0,1,0,1,0 | 8,33,8,33,8,33,8,33,8,33,7 | S=(0,0);(10,1) | I= | sp=944,883 | ip=
0,1,0,1,0,1,0,1,0,1,0 | 8,33,8,33,8,33,8,33,8,33,7 | S=(0,0);(10,1) | I= | sp=944,23 | ip=
0,1,0,1,0,1,0,1,0,1,0 | 8,33,8,33,8,33,8,33,8,33,7 | S=(0,0);(10,1) | I= | sp=944,33 | ip=
0,1,0,1,0,1,0,1,0,1,0 | 8,33,8,33,8,33,8,33,8,33,8 | S=(0,0);(10,1) | I= | sp=884,884 | ip=
0,1,0,1,0,1,0,1,0,1,0 | 8,33,8,33,8,33,8,33,8,33,8 | S=(0,0);(10,1) | I= | sp=884,24 | ip=
0,1,0,1,0,1,0,1,0,1,0 | 8,33,8,33,8,33,8,33,8,33,8 | S=(0,0);(10,1) | I= | sp=884,993 | ip=
0,1,0,1,0,1,0,1,0,1,0 | 8,33,8,33,8,33,8,33,8,33,8 | S=(0,0);(10,1) | I= | sp=884,911 | ip=
0,1,0,1,0,1,0,1,0,1,0 | 8,33,8,33,8,33,8,33,8,33,8 | S=(0,0);(10,1) | I= | sp=884,34 | ip=
0,1,0,1,0,1,0,1,0,1,0 | 8,33,8,33,8,33,8,33,8,33,8 | S=(0,0);(10,1) | I= | sp=884,44 | ip=
0,1,0,1,0,1,0,1,0,1,0 | 8,33,8,33,8,33,8,33,8,33,8 | S=(0,0);(10,1) | I= | sp=884,54 | ip=
0,1,0,1,0,1,0,1,0,1,0 | 8,33,8,33,8,33,8,33,8,33,8 | S=(0,0);(10,1) | I= | sp=884,99920 | ip=
0,1,0,1,0,1,0,1,0,1,0 | 8,33,8,33,8,33,8,33,8,33,8 | S=(0,0);(10,1) | I= | sp=884,9914 | ip=
0,1,0,1,0,1,0,1,0,1,0 | 8,33,8,33,8,33,8,33,8,33,8 | S=(0,0);(10,1) | I= | sp=884,944 | ip=
0,1,0,1,0,1,0,1,0,1,0 | 8,33,8,33,8,33,8,33,8,33,8 | S=(0,0);(10,1) | I= | sp=24,884 | ip=
0,1,0,1,0,1,0,1,0,1,0 | 8,33,8,33,8,33,8,33,8,33,8 | S=(0,0);(10,1) | I= | sp=24,24 | ip=
0,1,0,1,0,1,0,1,0,1,0 | 8,33,8,33,8,33,8,33,8,33,8 | S=(0,0);(10,1) | I= | sp=24,993 | ip=
0,1,0,1,0,1,0,1,0,1,0 | 8,33,8,33,8,33,8,33,8,33,8 | S=(0,0);(10,1) | I= | sp=24,911 | ip=
0,1,0,1,0,1,0,1,0,1,0 | 8,33,8,33,8,33,8,33,8,33,8 | S=(0,0);(10,1) | I= | sp=24,34 | ip=
0,1,0,1,0,1,0,1,0,1,0 | 8,33,8,33,8,33,8,33,8,33,8 | S=(0,0);(10,1) | I= | sp=24,44 | ip=
0,1,0,1,0,1,0,1,0,1,0 | 8,33,8,33,8,33,8,33,8,33,8 | S=(0,0);(10,1) | I= | sp=24,54 | ip=
0,1,0,1,0,1,0,1,0,1,0 | 8,33,8,33,8,33,8,33,8,33,8 | S=(0,0);(10,1) | I= | sp=24,99920 | ip=
0,1,0,1,0,1,0,1,0,1,0 | 8,33,8,33,8,33,8,33,8,33,8 | S=(0,0);(10,1) | I= | sp=24,9914 | ip=
0,1,0,1,0,1,0,1,0,1,0 | 8,33,8,33,8,33,8,33,8,33,8 | S=(0,0);(10,1) | I= | sp=24,944 | ip=
0,1,0,1,0,1,0,1,0,1,0 | 8,33,8,33,8,33,8,33,8,33,8 | S=(0,0);(10,1) | I= | sp=993,884 | ip=
0,1,0,1,0,1,0,1,0,1,0 | 8,33,8,33,8,33,8,33,8,33,8 | S=(0,0);(10,1) | I= | sp=993,24 | ip=
0,1,0,1,0,1,0,1,0,1,0 | 8,33,8,33,8,33,8,33,8,33,8 | S=(0,0);(10,1) | I= | sp=993,993 | ip=
0,1,0,1,0,1,0,1,0,1,0 | 8,33,8,33,8,33,8,33,8,33,8 | S=(0,0);(10,1) | I= | sp=993,911 | ip=
0,1,0,1,0,1,0,1,0,1,0 | 8,33,8,33,8,33,8,33,8,33,8 | S=(0,0);(10,1) | I= | sp=993,34 | ip=
0,1,0,1,0,1,0,1,0,1,0 | 8,33,8,33,8,33,8,33,8,33,8 | S=(0,0);(10,1) | I= | sp=993,44 | ip=
0,1,0,1,0,1,0,1,0,1,0 | 8,33,8,33,8,33,8,33,8,33,8 | S=(0,0);(10,1) | I= | sp=993,54 | ip=
0,1,0,1,0,1,0,1,0,1,0 | 8,33,8,33,8,33,8,33,8,33,8 | S=(0,0);(10,1) | I= | sp=993,99920 | ip=
0,1,0,1,0,1,0,1,0,1,0 | 8,33,8,33,8,33,8,33,8,33,8 | S=(0,0);(10,1) | I= | sp=993,9914 | ip=
0,1,0,1,0,1,0,1,0,1,0 | 8,33,8,33,8,33,8,33,8,33,8 | S=(0,0);(10,1) | I= | sp=993,944 | ip=
0,1,0,1,0,1,0,1,0,1,0 | 8,33,8,33,8,33,8,33,8,33,8 | S=(0,0);(10,1) | I= | sp=911,884 | ip=
0,1,0,1,0,1,0,1,0,1,0 | 8,33,8,33,8,33,8,33,8,33,8 | S=(0,0);(10,1) | I= | sp=911,24 | ip=
0,1,0,1,0,1,0,1,0,1,0 | 8,33,8,33,8,33,8,33,8,33,8 | S=(0,0);(10,1) | I= | sp=911,993 | ip=
0,1,0,1,0,1,0,1,0,1,0 | 8,33,8,33,8,33,8,33,8,33,8 | S=(0,0);(10,1) | I= | sp=911,911 | ip=
0,1,0,1,0,1,0,1,0,1,0 | 8,33,8,33,8,33,8,33,8,33,8 | S=(0,0);(10,1) | I= | sp=911,34 | ip=
0,1,0,1,0,1,0,1,0,1,0 | 8,33,8,33,8,33,8,33,8,33,8 | S=(0,0);(10,1) | I= | sp=911,44 | ip=
0,1,0,1,0,1,0,1,0,1,0 | 8,33,8,33,8,33,8,33,8,33,8 | S=(0,0);(10,1) | I= | sp=911,54 | ip=
0,1,0,1,0,1,0,1,0,1,0 | 8,33,8,33,8,33,8,33,8,33,8 | S=(0,0);(10,1) | I= | sp=911,99920 | ip=
0,1,0,1,0,1,0,1,0,1,0 | 8,33,8,33,8,33,8,33,8,33,8 | S=(0,0);(10,1) | I= | sp=911,9914 | ip=
0,1,0,1,0,1,0,1,0,1,0 | 8,33,8,33,8,33,8,33,8,33,8 | S=(0,0);(10,1) | I= | sp=911,944 | ip=
0,1,0,1,0,1,0,1,0,1,0 | 8,33,8,33,8,33,8,33,8,33,8 | S=(0,0);(10,1) | I= | sp=34,884 | ip=
0,1,0,1,0,1,0,1,0,1,0 | 8,33,8,33,8,33,8,33,8,33,8 | S=(0,0);(10,1) | I= | sp=34,24 | ip=
0,1,0,1,0,1,0,1,0,1,0 | 8,33,8,33,8,33,8,33,8,33,8 | S=(0,0);(10,1) | I= | sp=34,993 | ip=
0,1,0,1,0,1,0,1,0,1,0 | 8,33,8,33,8,33,8,33,8,33,8 | S=(0,0);(10,1) | I= | sp=34,911 | ip=
0,1,0,1,0,1,0,1,0,1,0 | 8,33,8,33,8,33,8,33,8,33,8 | S=(0,0);(10,1) | I= | sp=34,34 | ip=
0,1,0,1,0,1,0,1,0,1,0 | 8,33,8,33,8,33,8,33,8,33,8 | S=(0,0);(10,1) | I= | sp=34,44 | ip=
0,1,0,1,0,1,0,1,0,1,0 | 8,33,8,33,8,33,8,33,8,33,8 | S=(0,0);(10,1) | I= | sp=34,54 | ip=
0,1,0,1,0,1,0,1,0,1,0 | 8,33,8,33,8,33,8,33,8,33,8 | S=(0,0);(10,1) | I= | sp=34,99920 | ip=
0,1,0,1,0,1,0,1,0,1,0 | 8,33,8,33,8,33,8,33,8,33,8 | S=(0,0);(10,1) | I= | sp=34,9914 | ip=
0,1,0,1,0,1,0,1,0,1,0 | 8,33,8,33,8,33,8,33,8,33,8 | S=(0,0);(10,1) | I= | sp=34,944 | ip=
0,1,0,1,0,1,0,1,0,1,0 | 8,33,8,33,8,33,8,33,8,33,8 | S=(0,0);(10,1) | I= | sp=44,884 | ip=
0,1,0,1,0,1,0,1,0,1,0 | 8,33,8,33,8,33,8,33,8,33,8 | S=(0,0);(10,1) | I= | sp=44,24 | ip=
0,1,0,1,0,1,0,1,0,1,0 | 8,33,8,33,8,33,8,33,8,33,8 | S=(0,0);(10,1) | I= | sp=44,993 | ip=
0,1,0,1,0,1,0,1,0,1,0 | 8,33,8,33,8,33,8,33,8,33,8 | S=(0,0);(10,1) | I= | sp=44,911 | ip=
0,1,0,1,0,1,0,1,0,1,0 | 8,33,8,33,8,33,8,33,8,33,8 | S=(0,0);(10,1) | I= | sp=44,34 | ip=
0,1,0,1,0,1,0,1,0,1,0 | 8,33,8,33,8,33,8,33,8,33,8 | S=(0,0);(10,1) | I= | sp=44,44 | ip=
0,1,0,1,0,1,0,1,0,1,0 | 8,33,8,33,8,33,8,33,8,33,8 | S=(0,0);(10,1) | I= | sp=44,54 | ip=
0,1,0,1,0,1,0,1,0,1,0 | 8,33,8,33,8,33,8,33,8,33,8 | S=(0,0);(10,1) | I= | sp=44,99920 | ip=
0,1,0,1,0,1,0,1,0,1,0 | 8,33,8,33,8,33,8,33,8,33,8 | S=(0,0);(10,1) | I= | sp=44,9914 | ip=
0,1,0,1,0,1,0,1,0,1,0 | 8,33,8,33,8,33,8,33,8,33,8 | S=(0,0);(10,1) | I= | sp=44,944 | ip=
0,1,0,1,0,1,0,1,0,1,0 | 8,33,8,33,8,33,8,33,8,33,8 | S=(0,0);(10,1) | I= | sp=54,884 | ip=
0,1,0,1,0,1,0,1,0,1,0 | 8,33,8,33,8,33,8,33,8,33,8 | S=(0,0);(10,1) | I= | sp=54,24 | ip=
0,1,0,1,0,1,0,1,0,1,0 | 8,33,8,33,8,33,8,33,8,33,8 | S=(0,0);(10,1) | I= | sp=54,993 | ip=
0,1,0,1,0,1,0,1,0,1,0 | 8,33,8,33,8,33,8,33,8,33,8 | S=(0,0);(10,1) | I= | sp=54,911 | ip=
0,1,0,1,0,1,0,1,0,1,0 | 8,33,8,33,8,33,8,33,8,33,8 | S=(0,0);(10,1) | I= | sp=54,34 | ip=
0,1,0,1,0,1,0,1,0,1,0 | 8,33,8,33,8,33,8,33,8,33,8 | S=(0,0);(10,1) | I= | sp=54,44 | ip=
0,1,0,1,0,1,0,1,0,1,0 | 8,33,8,33,8,33,8,33,8,33,8 | S=(0,0);(10,1) | I= | sp=54,54 | ip=
0,1,0,1,0,1,0,1,0,1,0 | 8,33,8,33,8,33,8,33,8,33,8 | S=(0,0);(10,1) | I= | sp=54,99920 | ip=
0,1,0,1,0,1,0,1,0,1,0 | 8,33,8,33,8,33,8,33,8,33,8 | S=(0,0);(10,1) | I= | sp=54,9914 | ip=
0,1,0,1,0,1,0,1,0,1,0 | 8,33,8,33,8,33,8,33,8,33,8 | S=(0,0);(10,1) | I= | sp=54,944 | ip=
0,1,0,1,0,1,0,1,0,1,0 | 8,33,8,33,8,33,8,33,8,33,8 | S=(0,0);(10,1) | I= | sp=99920,884 | ip=
0,1,0,1,0,1,0,1,0,1,0 | 8,33,8,33,8,33,8,33,8,33,8 | S=(0,0);(10,1) | I= | sp=99920,24 | ip=
0,1,0,1,0,1,0,1,0,1,0 | 8,33,8,33,8,33,8,33,8,33,8 | S=(0,0);(10,1) | I= | sp=99920,993 | ip=
0,1,0,1,0,1,0,1,0,1,0 | 8,33,8,33,8,33,8,33,8,33,8 | S=(0,0);(10,1) | I= | sp=99920,911 | ip=
0,1,0,1,0,1,0,1,0,1,0 | 8,33,8,33,8,33,8,33,8,33,8 | S=(0,0);(10,1) | I= | sp=99920,34 | ip=
0,1,0,1,0,1,0,1,0,1,0 | 8,33,8,33,8,33,8,33,8,33,8 | S=(0,0);(10,1) | I= | sp=99920,44 | ip=
0,1,0,1,0,1,0,1,0,1,0 | 8,33,8,33,8,33,8,33,8,33,8 | S=(0,0);(10,1) | I= | sp=99920,54 | ip=
0,1,0,1,0,1,0,1,0,1,0 | 8,33,8,33,8,33,8,33,8,33,8 | S=(0,0);(10,1) | I= | sp=99920,99920 | ip=
0,1,0,1,0,1,0,1,0,1,0 | 8,33,8,33,8,33,8,33,8,33,8 | S=(0,0);(10,1) | I= | sp=99920,9914 | ip=
0,1,0,1,0,1,0,1,0,1,0 | 8,33,8,33,8,33,8,33,8,33,8 | S=(0,0);(10,1) | I= | sp=99920,944 | ip=
0,1,0,1,0,1,0,1,0,1,0 | 8,33,8,33,8,33,8,33,8,33,8 | S=(0,0);(10,1) | I= | sp=9914,884 | ip=
0,1,0,1,0,1,0,1,0,1,0 | 8,33,8,33,8,33,8,33,8,33,8 | S=(0,0);(10,1) | I= | sp=9914,24 | ip=
0,1,0,1,0,1,0,1,0,1,0 | 8,33,8,33,8,33,8,33,8,33,8 | S=(0,0);(10,1) | I= | sp=9914,993 | ip=
0,1,0,1,0,1,0,1,0,1,0 | 8,33,8,33,8,33,8,33,8,33,8 | S=(0,0);(10,1) | I= | sp=9914,911 | ip=
0,1,0,1,0,1,0,1,0,1,0 | 8,33,8,33,8,33,8,33,8,33,8 | S=(0,0);(10,1) | I= | sp=9914,34 | ip=
0,1,0,1,0,1,0,1,0,1,0 | 8,33,8,33,8,33,8,33,8,33,8 | S=(0,0);(10,1) | I= | sp=9914,44 | ip=
0,1,0,1,0,1,0,1,0,1,0 | 8,33,8,33,8,33,8,33,8,33,8 | S=(0,0);(10,1) | I= | sp=9914,54 | ip=
0,1,0,1,0,1,0,1,0,1,0 | 8,33,8,33,8,33,8,33,8,33,8 | S=(0,0);(10,1) | I= | sp=9914,99920 | ip=
0,1,0,1,0,1,0,1,0,1,0 | 8,33,8,33,8,33,8,33,8,33,8 | S=(0,0);(10,1) | I= | sp=9914,9914 | ip=
0,1,0,1,0,1,0,1,0,1,0 | 8,33,8,33,8,33,8,33,8,33,8 | S=(0,0);(10,1) | I= | sp=9914,944 | ip=
0,1,0,1,0,1,0,1,0,1,0 | 8,33,8,33,8,33,8,33,8,33,8 | S=(0,0);(10,1) | I= | sp=944,884 | ip=
0,1,0,1,0,1,0,1,0,1,0 | 8,33,8,33,8,33,8,33,8,33,8 | S=(0,0);(10,1) | I= | sp=944,24 | ip=
0,1,0,1,0,1,0,1,0,1,0 | 8,33,8,33,8,33,8,33,8,33,8 | S=(0,0);(10,1) | I= | sp=944,993 | ip=
0,1,0,1,0,1,0,1,0,1,0 | 8,33,8,33,8,33,8,33,8,33,8 | S=(0,0);(10,1) | I= | sp=944,911 | ip=
0,1,0,1,0,1,0,1,0,1,0 | 8,33,8,33,8,33,8,33,8,33,8 | S=(0,0);(10,1) | I= | sp=944,34 | ip=
0,1,0,1,0,1,0,1,0,1,0 | 8,33,8,33,8,33,8,33,8,33,8 | S=(0,0);(10,1) | I= | sp=944,44 | ip=
0,1,0,1,0,1,0,1,0,1,0 | 8,33,8,33,8,33,8,33,8,33,8 | S=(0,0);(10,1) | I= | sp=944,54 | ip=
0,1,0,1,0,1,0,1,0,1,0 | 8,33,8,33,8,33,8,33,8,33,8 | S=(0,0);(10,1) | I= | sp=944,99920 | ip=
0,1,0,1,0,1,0,1,0,1,0 | 8,33,8,33,8,33,8,33,8,33,8 | S=(0,0);(10,1) | I= | sp=944,9914 | ip=
0,1,0,1,0,1,0,1,0,1,0 | 8,33,8,33,8,33,8,33,8,33,8 | S=(0,0);(10,1) | I= | sp=944,944 | ip=
0,1,0,1,0,1,0,1,0,1,0 | 8,33,8,33,8,33,8,33,8,45,12 | S=(0,0);(10,1) | I= | sp=883,882 | ip=
0,1,0,1,0,1,0,1,0,1,0 | 8,33,8,33,8,33,8,33,8,45,12 | S=(0,0);(10,1) | I= | sp=23,882 | ip=
0,1,0,1,0,1,0,1,0,1,0 | 8,33,8,33,8,33,8,33,8,45,12 | S=(0,0);(10,1) | I= | sp=33,882 | ip=
0,1,0,1,0,1,0,1,0,1,0 | 8,33,8,33,8,33,8,33,8,45,12 | S=(0,0);(10,1) | I= | sp=93,1 | ip=
0,1,0,1,0,1,0,1,0,1,0 | 8,33,8,33,8,33,8,33,8,45,12 | S=(0,0);(10,1) | I= | sp=9913,1 | ip=
0,1,0,1,0,1,0,1,0,1,0 | 8,33,8,33,8,33,8,33,8,45,12 | S=(0,0);(10,1) | I= | sp=925,1 | ip=
0,1,0,1,0,1,0,1,0,1,0 | 8,33,8,45,12,55,12,55,12,42,4 | S=(0,0);(10,1) | I= | sp=1,1 | ip=
0,1,0,1,0,1,0,1,0,1,0 | 8,45,12,55,12,55,12,42,4,11,4 | S=(0,0);(10,1) | I= | sp=883,1 | ip=
0,1,0,1,0,1,0,1,0,1,0 | 8,45,12,55,12,55,12,42,4,11,4 | S=(0,0);(10,1) | I= | sp=23,1 | ip=
0,1,0,1,0,1,0,1,0,1,0 | 8,45,12,55,12,55,12,42,4,11,4 | S=(0,0);(10,1) | I= | sp=33,1 | ip=
0,1,0,1,0,1,0,1,0,1,0 | 8,45,12,55,12,55,12,55,12,42,4 | S=(0,0);(10,1) | I= | sp=883,912 | ip=
0,1,0,1,0,1,0,1,0,1,0 | 8,45,12,55,12,55,12,55,12,42,4 | S=(0,0);(10,1) | I= | sp=23,912 | ip=
0,1,0,1,0,1,0,1,0,1,0 | 8,45,12,55,12,55,12,55,12,42,4 | S=(0,0);(10,1) | I= | sp=33,912 | ip=
0,1,0,1,0,1,0,1,0,1,0 | 8,45,12,55,12,55,12,55,12,53,6 | S=(0,0);(10,1) | I= | sp=883,882 | ip=
0,1,0,1,0,1,0,1,0,1,0 | 8,45,12,55,12,55,12,55,12,53,6 | S=(0,0);(10,1) | I= | sp=883,22 | ip=
0,1,0,1,0,1,0,1,0,1,0 | 8,45,12,55,12,55,12,55,12,53,6 | S=(0,0);(10,1) | I= | sp=23,882 | ip=
0,1,0,1,0,1,0,1,0,1,0 | 8,45,12,55,12,55,12,55,12,53,6 | S=(0,0);(10,1) | I= | sp=23,22 | ip=
0,1,0,1,0,1,0,1,0,1,0 | 8,45,12,55,12,55,12,55,12,53,6 | S=(0,0);(10,1) | I= | sp=33,882 | ip=
0,1,0,1,0,1,0,1,0,1,0 | 8,45,12,55,12,55,12,55,12,53,6 | S=(0,0);(10,1) | I= | sp=33,22 | ip=
0,1,0,1,0,1,0,1,0,1,0 | 8,45,12,55,12,55,12,55,12,54,6 | S=(0,0);(10,1) | I= | sp=883,1 | ip=
0,1,0,1,0,1,0,1,0,1,0 | 8,45,12,55,12,55,12,55,12,54,6 | S=(0,0);(10,1) | I= | sp=23,1 | ip=
0,1,0,1,0,1,0,1,0,1,0 | 8,45,12,55,12,55,12,55,12,54,6 | S=(0,0);(10,1) | I= | sp=33,1 | ip=
0,1,0,1,0,1,0,1,0,1,0 | 8,45,12,55,12,55,12,55,12,54,7 | S=(0,0);(10,1) | I= | sp=883,882 | ip=
0,1,0,1,0,1,0,1,0,1,0 | 8,45,12,55,12,55,12,55,12,54,7 | S=(0,0);(10,1) | I= | sp=23,882 | ip=
0,1,0,1,0,1,0,1,0,1,0 | 8,45,12,55,12,55,12,55,12,54,7 | S=(0,0);(10,1) | I= | sp=33,882 | ip=
0,1,0,1,0,1,0,1,0,1,0 | 8,45,12,55,12,55,12,55,12,54,8 | S=(0,0);(10,1) | I= | sp=883,883 | ip=
0,1,0,1,0,1,0,1,0,1,0 | 8,45,12,55,12,55,12,55,12,54,8 | S=(0,0);(10,1) | I= | sp=883,23 | ip=
0,1,0,1,0,1,0,1,0,1,0 | 8,45,12,55,12,55,12,55,12,54,8 | S=(0,0);(10,1) | I= | sp=883,33 | ip=
0,1,0,1,0,1,0,1,0,1,0 | 8,45,12,55,12,55,12,55,12,54,8 | S=(0,0);(10,1) | I= | sp=23,883 | ip=
0,1,0,1,0,1,0,1,0,1,0 | 8,45,12,55,12,55,12,55,12,54,8 | S=(0,0);(10,1) | I= | sp=23,23 | ip=
0,1,0,1,0,1,0,1,0,1,0 | 8,45,12,55,12,55,12,55,12,54,8 | S=(0,0);(10,1) | I= | sp=23,33 | ip=
0,1,0,1,0,1,0,1,0,1,0 | 8,45,12,55,12,55,12,55,12,54,8 | S=(0,0);(10,1) | I= | sp=33,883 | ip=
0,1,0,1,0,1,0,1,0,1,0 | 8,45,12,55,12,55,12,55,12,54,8 | S=(0,0);(10,1) | I= | sp=33,23 | ip=
0,1,0,1,0,1,0,1,0,1,0 | 8,45,12,55,12,55,12,55,12,54,8 | S=(0,0);(10,1) | I= | sp=33,33 | ip=
0,1,0,1,0,1,0,1,0,1,0 | 8,45,12,55,12,55,12,55,12,55,7 | S=(0,0);(10,1) | I= | sp=883,1 | ip=
0,1,0,1,0,1,0,1,0,1,0 | 8,45,12,55,12,55,12,55,12,55,7 | S=(0,0);(10,1) | I= | sp=23,1 | ip=
0,1,0,1,0,1,0,1,0,1,0 | 8,45,12,55,12,55,12,55,12,55,7 | S=(0,0);(10,1) | I= | sp=33,1 | ip=
0,1,0,1,0,1,0,1,0,1,0 | 8,45,12,55,12,55,12,55,12,55,8 | S=(0,0);(10,1) | I= | sp=883,882 | ip=
0,1,0,1,0,1,0,1,0,1,0 | 8,45,12,55,12,55,12,55,12,55,8 | S=(0,0);(10,1) | I= | sp=23,882 | ip=
0,1,0,1,0,1,0,1,0,1,0 | 8,45,12,55,12,55,12,55,12,55,8 | S=(0,0);(10,1) | I= | sp=33,882 | ip=
0,1,0,1,0,1,0,1,0,1,0 | 8,45,12,55,12,55,12,55,12,55,12 | S=(0,0);(10,1) | I= | sp=883,886 | ip=
0,1,0,1,0,1,0,1,0,1,0 | 8,45,12,55,12,55,12,55,12,55,12 | S=(0,0);(10,1) | I= | sp=883,94 | ip=
0,1,0,1,0,1,0,1,0,1,0 | 8,45,12,55,12,55,12,55,12,55,12 | S=(0,0);(10,1) | I= | sp=883,996 | ip=
0,1,0,1,0,1,0,1,0,1,0 | 8,45,12,55,12,55,12,55,12,55,12 | S=(0,0);(10,1) | I= | sp=883,919 | ip=
0,1,0,1,0,1,0,1,0,1,0 | 8,45,12,55,12,55,12,55,12,55,12 | S=(0,0);(10,1) | I= | sp=883,9915 | ip=
0,1,0,1,0,1,0,1,0,1,0 | 8,45,12,55,12,55,12,55,12,55,12 | S=(0,0);(10,1) | I= | sp=883,946 | ip=
0,1,0,1,0,1,0,1,0,1,0 | 8,45,12,55,12,55,12,55,12,55,12 | S=(0,0);(10,1) | I= | sp=23,886 | ip=
0,1,0,1,0,1,0,1,0,1,0 | 8,45,12,55,12,55,12,55,12,55,12 | S=(0,0);(10,1) | I= | sp=23,94 | ip=
0,1,0,1,0,1,0,1,0,1,0 | 8,45,12,55,12,55,12,55,12,55,12 | S=(0,0);(10,1) | I= | sp=23,996 | ip=
0,1,0,1,0,1,0,1,0,1,0 | 8,45,12,55,12,55,12,55,12,55,12 | S=(0,0);(10,1) | I= | sp=23,919 | ip=
0,1,0,1,0,1,0,1,0,1,0 | 8,45,12,55,12,55,12,55,12,55,12 | S=(0,0);(10,1) | I= | sp=23,9915 | ip=
0,1,0,1,0,1,0,1,0,1,0 | 8,45,12,55,12,55,12,55,12,55,12 | S=(0,0);(10,1) | I= | sp=23,946 | ip=
0,1,0,1,0,1,0,1,0,1,0 | 8,45,12,55,12,55,12,55,12,55,12 | S=(0,0);(10,1) | I= | sp=33,886 | ip=
0,1,0,1,0,1,0,1,0,1,0 | 8,45,12,55,12,55,12,55,12,55,12 | S=(0,0);(10,1) | I= | sp=33,94 | ip=
0,1,0,1,0,1,0,1,0,1,0 | 8,45,12,55,12,55,12,55,12,55,12 | S=(0,0);(10,1) | I= | sp=33,996 | ip=
0,1,0,1,0,1,0,1,0,1,0 | 8,45,12,55,12,55,12,55,12,55,12 | S=(0,0);(10,1) | I= | sp=33,919 | ip=
0,1,0,1,0,1,0,1,0,1,0 | 8,45,12,55,12,55,12,55,12,55,12 | S=(0,0);(10,1) | I= | sp=33,9915 | ip=
0,1,0,1,0,1,0,1,0,1,0 | 8,45,12,55,12,55,12,55,12,55,12 | S=(0,0);(10,1) | I= | sp=33,946 | ip=
0,1,0,1,0,1,0,1,0,1,0 | 8,55,12,55,12,55,12,42,4,11,4 | S=(0,0);(10,1) | I= | sp=882,1 | ip=
0,1,0,1,0,1,0,1,0,1,0 | 8,55,12,55,12,55,12,55,12,42,4 | S=(0,0);(10,1) | I= | sp=882,912 | ip=
0,1,0,1,0,1,0,1,0,1,0 | 8,55,12,55,12,55,12,55,12,53,6 | S=(0,0);(10,1) | I= | sp=882,882 | ip=
0,1,0,1,0,1,0,1,0,1,0 | 8,55,12,55,12,55,12,55,12,53,6 | S=(0,0);(10,1) | I= | sp=882,22 | ip=
0,1,0,1,0,1,0,1,0,1,0 | 8,55,12,55,12,55,12,55,12,54,6 | S=(0,0);(10,1) | I= | sp=882,1 | ip=
0,1,0,1,0,1,0,1,0,1,0 | 8,55,12,55,12,55,12,55,12,54,7 | S=(0,0);(10,1) | I= | sp=882,882 | ip=
0,1,0,1,0,1,0,1,0,1,0 | 8,55,12,55,12,55,12,55,12,54,8 | S=(0,0);(10,1) | I= | sp=882,883 | ip=
0,1,0,1,0,1,0,1,0,1,0 | 8,55,12,55,12,55,12,55,12,54,8 | S=(0,0);(10,1) | I= | sp=882,23 | ip=
0,1,0,1,0,1,0,1,0,1,0 | 8,55,12,55,12,55,12,55,12,54,8 | S=(0,0);(10,1) | I= | sp=882,33 | ip=
0,1,0,1,0,1,0,1,0,1,0 | 8,55,12,55,12,55,12,55,12,55,7 | S=(0,0);(10,1) | I= | sp=882,1 | ip=
0,1,0,1,0,1,0,1,0,1,0 | 8,55,12,55,12,55,12,55,12,55,8 | S=(0,0);(10,1) | I= | sp=882,882 | ip=
0,1,0,1,0,1,0,1,0,1,0 | 8,55,12,55,12,55,12,55,12,55,12 | S=(0,0);(10,1) | I= | sp=882,886 | ip=
0,1,0,1,0,1,0,1,0,1,0 | 8,55,12,55,12,55,12,55,12,55,12 | S=(0,0);(10,1) | I= | sp=882,94 | ip=
0,1,0,1,0,1,0,1,0,1,0 | 8,55,12,55,12,55,12,55,12,55,12 | S=(0,0);(10,1) | I= | sp=882,996 | ip=
0,1,0,1,0,1,0,1,0,1,0 | 8,55,12,55,12,55,12,55,12,55,12 | S=(0,0);(10,1) | I= | sp=882,919 | ip=
0,1,0,1,0,1,0,1,0,1,0 | 8,55,12,55,12,55,12,55,12,55,12 | S=(0,0);(10,1) | I= | sp=882,9915 | ip=
0,1,0,1,0,1,0,1,0,1,0 | 8,55,12,55,12,55,12,55,12,55,12 | S=(0,0);(10,1) | I= | sp=882,946 | ip=
0,1,0,1,0,1,0,1,0,1,0 | 12,42,4,11,4,11,4,11,4,11,4 | S=(0,0);(10,1) | I= | sp=1,916 | ip=
0,1,0,1,0,1,0,1,0,1,0 | 12,42,4,11,4,11,4,11,4,11,4 | S=(0,0);(10,1) | I= | sp=882,912 | ip=
0,1,0,1,0,1,0,1,0,1,0 | 12,42,4,11,4,11,4,11,4,11,4 | S=(0,0);(10,1) | I= | sp=883,1 | ip=
0,1,0,1,0,1,0,1,0,1,0 | 12,53,6,22,6,22,6,22,6,22,6 | S=(0,0);(10,1) | I= | sp=1,97 | ip=
0,1,0,1,0,1,0,1,0,1,0 | 12,53,6,22,6,22,6,22,6,22,6 | S=(0,0);(10,1) | I= | sp=882,882 | ip=
0,1,0,1,0,1,0,1,0,1,0 | 12,53,6,22,6,22,6,22,6,22,6 | S=(0,0);(10,1) | I= | sp=882,22 | ip=
0,1,0,1,0,1,0,1,0,1,0 | 12,54,8,33,8,33,8,33,8,33,6 | S=(0,0);(10,1) | I= | sp=1,912 | ip=
0,1,0,1,0,1,0,1,0,1,0 | 12,54,8,33,8,33,8,33,8,33,6 | S=(0,0);(10,1) | I= | sp=882,1 | ip=
0,1,0,1,0,1,0,1,0,1,0 | 12,54,8,33,8,33,8,33,8,33,7 | S=(0,0);(10,1) | I= | sp=1,97 | ip=
0,1,0,1,0,1,0,1,0,1,0 | 12,54,8,33,8,33,8,33,8,33,7 | S=(0,0);(10,1) | I= | sp=882,882 | ip=
0,1,0,1,0,1,0,1,0,1,0 | 12,54,8,33,8,33,8,33,8,33,8 | S=(0,0);(10,1) | I= | sp=1,93 | ip=
0,1,0,1,0,1,0,1,0,1,0 | 12,54,8,33,8,33,8,33,8,33,8 | S=(0,0);(10,1) | I= | sp=1,9913 | ip=
0,1,0,1,0,1,0,1,0,1,0 | 12,54,8,33,8,33,8,33,8,33,8 | S=(0,0);(10,1) | I= | sp=1,925 | ip=
0,1,0,1,0,1,0,1,0,1,0 | 12,54,8,33,8,33,8,33,8,33,8 | S=(0,0);(10,1) | I= | sp=882,883 | ip=
0,1,0,1,0,1,0,1,0,1,0 | 12,54,8,33,8,33,8,33,8,33,8 | S=(0,0);(10,1) | I= | sp=882,23 | ip=
0,1,0,1,0,1,0,1,0,1,0 | 12,54,8,33,8,33,8,33,8,33,8 | S=(0,0);(10,1) | I= | sp=882,33 | ip=
0,1,0,1,0,1,0,1,0,1,0 | 12,55,12,55,12,55,12,42,4,11,4 | S=(0,0);(10,1) | I= | sp=886,1 | ip=
0,1,0,1,0,1,0,1,0,1,0 | 12,55,12,55,12,55,12,42,4,11,4 | S=(0,0);(10,1) | I= | sp=94,1 | ip=
0,1,0,1,0,1,0,1,0,1,0 | 12,55,12,55,12,55,12,42,4,11,4 | S=(0,0);(10,1) | I= | sp=996,1 | ip=
0,1,0,1,0,1,0,1,0,1,0 | 12,55,12,55,12,55,12,42,4,11,4 | S=(0,0);(10,1) | I= | sp=919,1 | ip=
0,1,0,1,0,1,0,1,0,1,0 | 12,55,12,55,12,55,12,42,4,11,4 | S=(0,0);(10,1) | I= | sp=9915,1 | ip=
0,1,0,1,0,1,0,1,0,1,0 | 12,55,12,55,12,55,12,42,4,11,4 | S=(0,0);(10,1) | I= | sp=946,1 | ip=
0,1,0,1,0,1,0,1,0,1,0 | 12,55,12,55,12,55,12,55,12,42,4 | S=(0,0);(10,1) | I= | sp=886,912 | ip=
0,1,0,1,0,1,0,1,0,1,0 | 12,55,12,55,12,55,12,55,12,42,4 | S=(0,0);(10,1) | I= | sp=94,912 | ip=
0,1,0,1,0,1,0,1,0,1,0 | 12,55,12,55,12,55,12,55,12,42,4 | S=(0,0);(10,1) | I= | sp=996,912 | ip=
0,1,0,1,0,1,0,1,0,1,0 | 12,55,12,55,12,55,12,55,12,42,4 | S=(0,0);(10,1) | I= | sp=919,912 | ip=
0,1,0,1,0,1,0,1,0,1,0 | 12,55,12,55,12,55,12,55,12,42,4 | S=(0,0);(10,1) | I= | sp=9915,912 | ip=
0,1,0,1,0,1,0,1,0,1,0 | 12,55,12,55,12,55,12,55,12,42,4 | S=(0,0);(10,1) | I= | sp=946,912 | ip=
0,1,0,1,0,1,0,1,0,1,0 | 12,55,12,55,12,55,12,55,12,53,6 | S=(0,0);(10,1) | I= | sp=886,882 | ip=
0,1,0,1,0,1,0,1,0,1,0 | 12,55,12,55,12,55,12,55,12,53,6 | S=(0,0);(10,1) | I= | sp=886,22 | ip=
0,1,0,1,0,1,0,1,0,1,0 | 12,55,12,55,12,55,12,55,12,53,6 | S=(0,0);(10,1) | I= | sp=94,882 | ip=
0,1,0,1,0,1,0,1,0,1,0 | 12,55,12,55,12,55,12,55,12,53,6 | S=(0,0);(10,1) | I= | sp=94,22 | ip=
0,1,0,1,0,1,0,1,0,1,0 | 12,55,12,55,12,55,12,55,12,53,6 | S=(0,0);(10,1) | I= | sp=996,882 | ip=
0,1,0,1,0,1,0,1,0,1,0 | 12,55,12,55,12,55,12,55,12,53,6 | S=(0,0);(10,1) | I= | sp=996,22 | ip=
0,1,0,1,0,1,0,1,0,1,0 | 12,55,12,55,12,55,12,55,12,53,6 | S=(0,0);(10,1) | I= | sp=919,882 | ip=
0,1,0,1,0,1,0,1,0,1,0 | 12,55,12,55,12,55,12,55,12,53,6 | S=(0,0);(10,1) | I= | sp=919,22 | ip=
0,1,0,1,0,1,0,1,0,1,0 | 12,55,12,55,12,55,12,55,12,53,6 | S=(0,0);(10,1) | I= | sp=9915,882 | ip=
0,1,0,1,0,1,0,1,0,1,0 | 12,55,12,55,12,55,12,55,12,53,6 | S=(0,0);(10,1) | I= | sp=9915,22 | ip=
0,1,0,1,0,1,0,1,0,1,0 | 12,55,12,55,12,55,12,55,12,53,6 | S=(0,0);(10,1) | I= | sp=946,882 | ip=
0,1,0,1,0,1,0,1,0,1,0 | 12,55,12,55,12,55,12,55,12,53,6 | S=(0,0);(10,1) | I= | sp=946,22 | ip=
0,1,0,1,0,1,0,1,0,1,0 | 12,55,12,55,12,55,12,55,12,54,6 | S=(0,0);(10,1) | I= | sp=886,1 | ip=
0,1,0,1,0,1,0,1,0,1,0 | 12,55,12,55,12,55,12,55,12,54,6 | S=(0,0);(10,1) | I= | sp=94,1 | ip=
0,1,0,1,0,1,0,1,0,1,0 | 12,55,12,55,12,55,12,55,12,54,6 | S=(0,0);(10,1) | I= | sp=996,1 | ip=
0,1,0,1,0,1,0,1,0,1,0 | 12,55,12,55,12,55,12,55,12,54,6 | S=(0,0);(10,1) | I= | sp=919,1 | ip=
0,1,0,1,0,1,0,1,0,1,0 | 12,55,12,55,12,55,12,55,12,54,6 | S=(0,0);(10,1) | I= | sp=9915,1 | ip=
0,1,0,1,0,1,0,1,0,1,0 | 12,55,12,55,12,55,12,55,12,54,6 | S=(0,0);(10,1) | I= | sp=946,1 | ip=
0,1,0,1,0,1,0,1,0,1,0 | 12,55,12,55,12,55,12,55,12,54,7 | S=(0,0);(10,1) | I= | sp=886,882 | ip=
0,1,0,1,0,1,0,1,0,1,0 | 12,55,12,55,12,55,12,55,12,54,7 | S=(0,0);(10,1) | I= | sp=94,882 | ip=
0,1,0,1,0,1,0,1,0,1,0 | 12,55,12,55,12,55,12,55,12,54,7 | S=(0,0);(10,1) | I= | sp=996,882 | ip=
0,1,0,1,0,1,0,1,0,1,0 | 12,55,12,55,12,55,12,55,12,54,7 | S=(0,0);(10,1) | I= | sp=919,882 | ip=
0,1,0,1,0,1,0,1,0,1,0 | 12,55,12,55,12,55,12,55,12,54,7 | S=(0,0);(10,1) | I= | sp=9915,882 | ip=
0,1,0,1,0,1,0,1,0,1,0 | 12,55,12,55,12,55,12,55,12,54,7 | S=(0,0);(10,1) | I= | sp=946,882 | ip=
0,1,0,1,0,1,0,1,0,1,0 | 12,55,12,55,12,55,12,55,12,54,8 | S=(0,0);(10,1) | I= | sp=886,883 | ip=
0,1,0,1,0,1,0,1,0,1,0 | 12,55,12,55,12,55,12,55,12,54,8 | S=(0,0);(10,1) | I= | sp=886,23 | ip=
0,1,0,1,0,1,0,1,0,1,0 | 12,55,12,55,12,55,12,55,12,54,8 | S=(0,0);(10,1) | I= | sp=886,33 | ip=
0,1,0,1,0,1,0,1,0,1,0 | 12,55,12,55,12,55,12,55,12,54,8 | S=(0,0);(10,1) | I= | sp=94,883 | ip=
0,1,0,1,0,1,0,1,0,1,0 | 12,55,12,55,12,55,12,55,12,54,8 | S=(0,0);(10,1) | I= | sp=94,23 | ip=
0,1,0,1,0,1,0,1,0,1,0 | 12,55,12,55,12,55,12,55,12,54,8 | S=(0,0);(10,1) | I= | sp=94,33 | ip=
0,1,0,1,0,1,0,1,0,1,0 | 12,55,12,55,12,55,12,55,12,54,8 | S=(0,0);(10,1) | I= | sp=996,883 | ip=
0,1,0,1,0,1,0,1,0,1,0 | 12,55,12,55,12,55,12,55,12,54,8 | S=(0,0);(10,1) | I= | sp=996,23 | ip=
0,1,0,1,0,1,0,1,0,1,0 | 12,55,12,55,12,55,12,55,12,54,8 | S=(0,0);(10,1) | I= | sp=996,33 | ip=
0,1,0,1,0,1,0,1,0,1,0 | 12,55,12,55,12,55,12,55,12,54,8 | S=(0,0);(10,1) | I= | sp=919,883 | ip=
0,1,0,1,0,1,0,1,0,1,0 | 12,55,12,55,12,55,12,55,12,54,8 | S=(0,0);(10,1) | I= | sp=919,23 | ip=
0,1,0,1,0,1,0,1,0,1,0 | 12,55,12,55,12,55,12,55,12,54,8 | S=(0,0);(10,1) | I= | sp=919,33 | ip=
0,1,0,1,0,1,0,1,0,1,0 | 12,55,12,55,12,55,12,55,12,54,8 | S=(0,0);(10,1) | I= | sp=9915,883 | ip=
0,1,0,1,0,1,0,1,0,1,0 | 12,55,12,55,12,55,12,55,12,54,8 | S=(0,0);(10,1) | I= | sp=9915,23 | ip=
0,1,0,1,0,1,0,1,0,1,0 | 12,55,12,55,12,55,12,55,12,54,8 | S=(0,0);(10,1) | I= | sp=9915,33 | ip=
0,1,0,1,0,1,0,1,0,1,0 | 12,55,12,55,12,55,12,55,12,54,8 | S=(0,0);(10,1) | I= | sp=946,883 | ip=
0,1,0,1,0,1,0,1,0,1,0 | 12,55,12,55,12,55,12,55,12,54,8 | S=(0,0);(10,1) | I= | sp=946,23 | ip=
0,1,0,1,0,1,0,1,0,1,0 | 12,55,12,55,12,55,12,55,12,54,8 | S=(0,0);(10,1) | I= | sp=946,33 | ip=
0,1,0,1,0,1,0,1,0,1,0 | 12,55,12,55,12,55,12,55,12,55,7 | S=(0,0);(10,1) | I= | sp=886,1 | ip=
0,1,0,1,0,1,0,1,0,1,0 | 12,55,12,55,12,55,12,55,12,55,7 | S=(0,0);(10,1) | I= | sp=94,1 | ip=
0,1,0,1,0,1,0,1,0,1,0 | 12,55,12,55,12,55,12,55,12,55,7 | S=(0,0);(10,1) | I= | sp=996,1 | ip=
0,1,0,1,0,1,0,1,0,1,0 | 12,55,12,55,12,55,12,55,12,55,7 | S=(0,0);(10,1) | I= | sp=919,1 | ip=
0,1,0,1,0,1,0,1,0,1,0 | 12,55,12,55,12,55,12,55,12,55,7 | S=(0,0);(10,1) | I= | sp=9915,1 | ip=
0,1,0,1,0,1,0,1,0,1,0 | 12,55,12,55,12,55,12,55,12,55,7 | S=(0,0);(10,1) | I= | sp=946,1 | ip=
0,1,0,1,0,1,0,1,0,1,0 | 12,55,12,55,12,55,12,55,12,55,8 | S=(0,0);(10,1) | I= | sp=886,882 | ip=
0,1,0,1,0,1,0,1,0,1,0 | 12,55,12,55,12,55,12,55,12,55,8 | S=(0,0);(10,1) | I= | sp=94,882 | ip=
0,1,0,1,0,1,0,1,0,1,0 | 12,55,12,55,12,55,12,55,12,55,8 | S=(0,0);(10,1) | I= | sp=996,882 | ip=
0,1,0,1,0,1,0,1,0,1,0 | 12,55,12,55,12,55,12,55,12,55,8 | S=(0,0);(10,1) | I= | sp=919,882 | ip=
0,1,0,1,0,1,0,1,0,1,0 | 12,55,12,55,12,55,12,55,12,55,8 | S=(0,0);(10,1) | I= | sp=9915,882 | ip=
0,1,0,1,0,1,0,1,0,1,0 | 12,55,12,55,12,55,12,55,12,55,8 | S=(0,0);(10,1) | I= | sp=946,882 | ip=
0,1,0,1,0,1,0,1,0,1,0 | 12,55,12,55,12,55,12,55,12,55,12 | S=(0,0);(10,1) | I= | sp=886,886 | ip=
0,1,0,1,0,1,0,1,0,1,0 | 12,55,12,55,12,55,12,55,12,55,12 | S=(0,0);(10,1) | I= | sp=886,94 | ip=
0,1,0,1,0,1,0,1,0,1,0 | 12,55,12,55,12,55,12,55,12,55,12 | S=(0,0);(10,1) | I= | sp=886,996 | ip=
0,1,0,1,0,1,0,1,0,1,0 | 12,55,12,55,12,55,12,55,12,55,12 | S=(0,0);(10,1) | I= | sp=886,919 | ip=
0,1,0,1,0,1,0,1,0,1,0 | 12,55,12,55,12,55,12,55,12,55,12 | S=(0,0);(10,1) | I= | sp=886,9915 | ip=
0,1,0,1,0,1,0,1,0,1,0 | 12,55,12,55,12,55,12,55,12,55,12 | S=(0,0);(10,1) | I= | sp=886,946 | ip=
0,1,0,1,0,1,0,1,0,1,0 | 12,55,12,55,12,55,12,55,12,55,12 | S=(0,0);(10,1) | I= | sp=94,886 | ip=
0,1,0,1,0,1,0,1,0,1,0 | 12,55,12,55,12,55,12,55,12,55,12 | S=(0,0);(10,1) | I= | sp=94,94 | ip=
0,1,0,1,0,1,0,1,0,1,0 | 12,55,12,55,12,55,12,55,12,55,12 | S=(0,0);(10,1) | I= | sp=94,996 | ip=
0,1,0,1,0,1,0,1,0,1,0 | 12,55,12,55,12,55,12,55,12,55,12 | S=(0,0);(10,1) | I= | sp=94,919 | ip=
0,1,0,1,0,1,0,1,0,1,0 | 12,55,12,55,12,55,12,55,12,55,12 | S=(0,0);(10,1) | I= | sp=94,9915 | ip=
0,1,0,1,0,1,0,1,0,1,0 | 12,55,12,55,12,55,12,55,12,55,12 | S=(0,0);(10,1) | I= | sp=94,946 | ip=
0,1,0,1,0,1,0,1,0,1,0 | 12,55,12,55,12,55,12,55,12,55,12 | S=(0,0);(10,1) | I= | sp=996,886 | ip=
0,1,0,1,0,1,0,1,0,1,0 | 12,55,12,55,12,55,12,55,12,55,12 | S=(0,0);(10,1) | I= | sp=996,94 | ip=
0,1,0,1,0,1,0,1,0,1,0 | 12,55,12,55,12,55,12,55,12,55,12 | S=(0,0);(10,1) | I= | sp=996,996 | ip=
0,1,0,1,0,1,0,1,0,1,0 | 12,55,12,55,12,55,12,55,12,55,12 | S=(0,0);(10,1) | I= | sp=996,919 | ip=
0,1,0,1,0,1,0,1,0,1,0 | 12,55,12,55,12,55,12,55,12,55,12 | S=(0,0);(10,1) | I= | sp=996,9915 | ip=
0,1,0,1,0,1,0,1,0,1,0 | 12,55,12,55,12,55,12,55,12,55,12 | S=(0,0);(10,1) | I= | sp=996,946 | ip=
0,1,0,1,0,1,0,1,0,1,0 | 12,55,12,55,12,55,12,55,12,55,12 | S=(0,0);(10,1) | I= | sp=919,886 | ip=
0,1,0,1,0,1,0,1,0,1,0 | 12,55,12,55,12,55,12,55,12,55,12 | S=(0,0);(10,1) | I= | sp=919,94 | ip=
0,1,0,1,0,1,0,1,0,1,0 | 12,55,12,55,12,55,12,55,12,55,12 | S=(0,0);(10,1) | I= | sp=919,996 | ip=
0,1,0,1,0,1,0,1,0,1,0 | 12,55,12,55,12,55,12,55,12,55,12 | S=(0,0);(10,1) | I= | sp=919,919 | ip=
0,1,0,1,0,1,0,1,0,1,0 | 12,55,12,55,12,55,12,55,12,55,12 | S=(0,0);(10,1) | I= | sp=919,9915 | ip=
0,1,0,1,0,1,0,1,0,1,0 | 12,55,12,55,12,55,12,55,12,55,12 | S=(0,0);(10,1) | I= | sp=919,946 | ip=
0,1,0,1,0,1,0,1,0,1,0 | 12,55,12,55,12,55,12,55,12,55,12 | S=(0,0);(10,1) | I= | sp=9915,886 | ip=
0,1,0,1,0,1,0,1,0,1,0 | 12,55,12,55,12,55,12,55,12,55,12 | S=(0,0);(10,1) | I= | sp=9915,94 | ip=
0,1,0,1,0,1,0,1,0,1,0 | 12,55,12,55,12,55,12,55,12,55,12 | S=(0,0);(10,1) | I= | sp=9915,996 | ip=
0,1,0,1,0,1,0,1,0,1,0 | 12,55,12,55,12,55,12,55,12,55,12 | S=(0,0);(10,1) | I= | sp=9915,919 | ip=
0,1,0,1,0,1,0,1,0,1,0 | 12,55,12,55,12,55,12,55,12,55,12 | S=(0,0);(10,1) | I= | sp=9915,9915 | ip=
0,1,0,1,0,1,0,1,0,1,0 | 12,55,12,55,12,55,12,55,12,55,12 | S=(0,0);(10,1) | I= | sp=9915,946 | ip=
0,1,0,1,0,1,0,1,0,1,0 | 12,55,12,55,12,55,12,55,12,55,12 | S=(0,0);(10,1) | I= | sp=946,886 | ip=
0,1,0,1,0,1,0,1,0,1,0 | 12,55,12,55,12,55,12,55,12,55,12 | S=(0,0);(10,1) | I= | sp=946,94 | ip=
0,1,0,1,0,1,0,1,0,1,0 | 12,55,12,55,12,55,12,55,12,55,12 | S=(0,0);(10,1) | I= | sp=946,996 | ip=
0,1,0,1,0,1,0,1,0,1,0 | 12,55,12,55,12,55,12,55,12,55,12 | S=(0,0);(10,1) | I= | sp=946,919 | ip=
0,1,0,1,0,1,0,1,0,1,0 | 12,55,12,55,12,55,12,55,12,55,12 | S=(0,0);(10,1) | I= | sp=946,9915 | ip=
0,1,0,1,0,1,0,1,0,1,0 | 12,55,12,55,12,55,12,55,12,55,12 | S=(0,0);(10,1) | I= | sp=946,946 | ip=
