0,1,0,1,0,1,0,1,0 | 8,45,12,55,12,55,12,55,12 | S=(0,0);(0,1);(8,2) | I=(6,0);(8,1) | sp=1,1,1 | ip=1,1
0,1,0,1,0,1,0,1,0 | 12,55,12,55,12,55,12,55,12 | S=(0,0);(0,1);(8,2) | I=(6,0);(8,1) | sp=1,1,1 | ip=1,1
0,1,0,1,0,1,0,1,0 | 12,55,12,55,12,55,12,55,12 | S=(0,0);(0,1);(8,2) | I=(6,0);(8,1) | sp=1,1,1 | ip=1,882
0,1,0,1,0,1,0,1,0 | 12,55,12,55,12,55,12,55,12 | S=(0,0);(0,1);(8,2) | I=(6,0);(8,1) | sp=1,1,882 | ip=1,1
0,1,0,1,0,1,0,1,0 | 12,55,12,55,12,55,12,55,12 | S=(0,0);(0,1);(8,2) | I=(6,0);(8,1) | sp=1,882,1 | ip=1,1
0,1,0,1,0,1,0,1,0 | 12,55,12,55,12,55,12,55,12 | S=(0,0);(0,1);(8,2) | I=(6,0);(8,1) | sp=1,882,1 | ip=1,882
0,1,0,1,0,1,0,1,0 | 12,55,12,55,12,55,12,55,12 | S=(0,0);(0,1);(8,2) | I=(6,0);(8,1) | sp=1,882,882 | ip=1,1
0,1,0,1,0,1,0,1,0 | 12,55,12,55,12,55,12,55,12 | S=(0,0);(0,1);(8,2) | I=(6,0);(8,1) | sp=1,883,1 | ip=1,1
0,1,0,1,0,1,0,1,0 | 12,55,12,55,12,55,12,55,12 | S=(0,0);(0,1);(8,2) | I=(6,0);(8,1) | sp=1,883,1 | ip=1,882
0,1,0,1,0,1,0,1,0 | 12,55,12,55,12,55,12,55,12 | S=(0,0);(0,1);(8,2) | I=(6,0);(8,1) | sp=1,883,882 | ip=1,1
0,1,0,1,0,1,0,1,0 | 12,55,12,55,12,55,12,55,12 | S=(0,0);(0,1);(8,2) | I=(6,0);(8,1) | sp=1,884,1 | ip=1,1
0,1,0,1,0,1,0,1,0 | 12,55,12,55,12,55,12,55,12 | S=(0,0);(0,1);(8,2) | I=(6,0);(8,1) | sp=1,24,1 | ip=1,1
0,1,0,1,0,1,0,1,0 | 12,55,12,55,12,55,12,55,12 | S=(0,0);(0,1);(8,2) | I=(6,0);(8,1) | sp=1,93,1 | ip=1,1
0,1,0,1,0,1,0,1,0 | 12,55,12,55,12,55,12,55,12 | S=(0,0);(0,1);(8,2) | I=(6,0);(8,1) | sp=1,93,1 | ip=1,882
0,1,0,1,0,1,0,1,0 | 12,55,12,55,12,55,12,55,12 | S=(0,0);(0,1);(8,2) | I=(6,0);(8,1) | sp=1,93,882 | ip=1,1
0,1,0,1,0,1,0,1,0 | 12,55,12,55,12,55,12,55,12 | S=(0,0);(0,1);(8,2) | I=(6,0);(8,1) | sp=1,918,1 | ip=1,1
0,1,0,1,0,1,0,1,0 | 12,55,12,55,12,55,12,55,12 | S=(0,0);(0,1);(8,2) | I=(6,0);(8,1) | sp=882,1,1 | ip=1,1
0,1,0,1,0,1,0,1,0 | 12,55,12,55,12,55,12,55,12 | S=(0,0);(0,1);(8,2) | I=(6,0);(8,1) | sp=882,1,1 | ip=1,882
0,1,0,1,0,1,0,1,0 | 12,55,12,55,12,55,12,55,12 | S=(0,0);(0,1);(8,2) | I=(6,0);(8,1) | sp=882,1,882 | ip=1,1
0,1,0,1,0,1,0,1,0 | 12,55,12,55,12,55,12,55,12 | S=(0,0);(0,1);(8,2) | I=(6,0);(8,1) | sp=882,882,1 | ip=1,1
0,1,0,1,0,1,0,1,0 | 12,55,12,55,12,55,12,55,12 | S=(0,0);(0,1);(8,2) | I=(6,0);(8,1) | sp=882,882,1 | ip=1,882
0,1,0,1,0,1,0,1,0 | 12,55,12,55,12,55,12,55,12 | S=(0,0);(0,1);(8,2) | I=(6,0);(8,1) | sp=882,882,882 | ip=1,1
0,1,0,1,0,1,0,1,0 | 12,55,12,55,12,55,12,55,12 | S=(0,0);(0,1);(8,2) | I=(6,0);(8,1) | sp=882,883,1 | ip=1,1
0,1,0,1,0,1,0,1,0 | 12,55,12,55,12,55,12,55,12 | S=(0,0);(0,1);(8,2) | I=(6,0);(8,1) | sp=883,1,1 | ip=1,1
0,1,0,1,0,1,0,1,0 | 12,55,12,55,12,55,12,55,12 | S=(0,0);(0,1);(8,2) | I=(6,0);(8,1) | sp=883,1,1 | ip=1,882
0,1,0,1,0,1,0,1,0 | 12,55,12,55,12,55,12,55,12 | S=(0,0);(0,1);(8,2) | I=(6,0);(8,1) | sp=883,1,882 | ip=1,1
0,1,0,1,0,1,0,1,0 | 12,55,12,55,12,55,12,55,12 | S=(0,0);(0,1);(8,2) | I=(6,0);(8,1) | sp=883,882,1 | ip=1,1
0,1,0,1,0,1,0,1,0 | 12,55,12,55,12,55,12,55,12 | S=(0,0);(0,1);(8,2) | I=(6,0);(8,1) | sp=884,1,1 | ip=1,1
0,1,0,1,0,1,0,1,0 | 12,55,12,55,12,55,12,55,12 | S=(0,0);(0,1);(8,2) | I=(6,0);(8,1) | sp=24,1,1 | ip=1,1
0,1,0,1,0,1,0,1,0 | 12,55,12,55,12,55,12,55,12 | S=(0,0);(0,1);(8,2) | I=(6,0);(8,1) | sp=93,1,1 | ip=1,1
0,1,0,1,0,1,0,1,0 | 12,55,12,55,12,55,12,55,12 | S=(0,0);(0,1);(8,2) | I=(6,0);(8,1) | sp=93,1,1 | ip=1,882
0,1,0,1,0,1,0,1,0 | 12,55,12,55,12,55,12,55,12 | S=(0,0);(0,1);(8,2) | I=(6,0);(8,1) | sp=93,1,882 | ip=1,1
0,1,0,1,0,1,0,1,0 | 12,55,12,55,12,55,12,55,12 | S=(0,0);(0,1);(8,2) | I=(6,0);(8,1) | sp=918,1,1 | ip=1,1
