0,1,0,1,0,1,0,1,0,1,0,1,0,1,0,1,0,1,0 | 6,35,12,55,12,55,12,55,12,55,12,55,12,55,12,55,12,42,4 | S=(0,0);(0,1);(18,2) | I=(16,0) | sp=1,1,1 | ip=1
0,1,0,1,0,1,0,1,0,1,0,1,0,1,0,1,0,1,0 | 7,45,12,55,12,55,12,55,12,55,12,55,12,55,12,55,12,42,4 | S=(0,0);(0,1);(18,2) | I=(16,0) | sp=1,1,1 | ip=1
0,1,0,1,0,1,0,1,0,1,0,1,0,1,0,1,0,1,0 | 8,45,12,55,12,55,12,55,12,55,12,55,12,55,12,55,12,42,4 | S=(0,0);(0,1);(18,2) | I=(16,0) | sp=1,882,1 | ip=1
0,1,0,1,0,1,0,1,0,1,0,1,0,1,0,1,0,1,0 | 8,45,12,55,12,55,12,55,12,55,12,55,12,55,12,55,12,42,4 | S=(0,0);(0,1);(18,2) | I=(16,0) | sp=882,1,1 | ip=1
0,1,0,1,0,1,0,1,0,1,0,1,0,1,0,1,0,1,0 | 8,55,12,55,12,55,12,55,12,55,12,55,12,55,12,55,12,42,4 | S=(0,0);(0,1);(18,2) | I=(16,0) | sp=1,1,1 | ip=1
0,1,0,1,0,1,0,1,0,1,0,1,0,1,0,1,0,1,0 | 12,55,12,55,12,55,12,55,12,55,12,55,12,55,12,55,12,42,4 | S=(0,0);(0,1);(18,2) | I=(16,0) | sp=1,885,1 | ip=1
0,1,0,1,0,1,0,1,0,1,0,1,0,1,0,1,0,1,0 | 12,55,12,55,12,55,12,55,12,55,12,55,12,55,12,55,12,42,4 | S=(0,0);(0,1);(18,2) | I=(16,0) | sp=1,96,1 | ip=1
0,1,0,1,0,1,0,1,0,1,0,1,0,1,0,1,0,1,0 | 12,55,12,55,12,55,12,55,12,55,12,55,12,55,12,55,12,42,4 | S=(0,0);(0,1);(18,2) | I=(16,0) | sp=1,35,1 | ip=1
0,1,0,1,0,1,0,1,0,1,0,1,0,1,0,1,0,1,0 | 12,55,12,55,12,55,12,55,12,55,12,55,12,55,12,55,12,42,4 | S=(0,0);(0,1);(18,2) | I=(16,0) | sp=1,45,1 | ip=1
0,1,0,1,0,1,0,1,0,1,0,1,0,1,0,1,0,1,0 | 12,55,12,55,12,55,12,55,12,55,12,55,12,55,12,55,12,42,4 | S=(0,0);(0,1);(18,2) | I=(16,0) | sp=1,55,1 | ip=1
0,1,0,1,0,1,0,1,0,1,0,1,0,1,0,1,0,1,0 | 12,55,12,55,12,55,12,55,12,55,12,55,12,55,12,55,12,42,4 | S=(0,0);(0,1);(18,2) | I=(16,0) | sp=1,99930,1 | ip=1
0,1,0,1,0,1,0,1,0,1,0,1,0,1,0,1,0,1,0 | 12,55,12,55,12,55,12,55,12,55,12,55,12,55,12,55,12,42,4 | S=(0,0);(0,1);(18,2) | I=(16,0) | sp=1,945,1 | ip=1
0,1,0,1,0,1,0,1,0,1,0,1,0,1,0,1,0,1,0 | 12,55,12,55,12,55,12,55,12,55,12,55,12,55,12,55,12,42,4 | S=(0,0);(0,1);(18,2) | I=(16,0) | sp=882,884,1 | ip=1
0,1,0,1,0,1,0,1,0,1,0,1,0,1,0,1,0,1,0 | 12,55,12,55,12,55,12,55,12,55,12,55,12,55,12,55,12,42,4 | S=(0,0);(0,1);(18,2) | I=(16,0) | sp=882,24,1 | ip=1
0,1,0,1,0,1,0,1,0,1,0,1,0,1,0,1,0,1,0 | 12,55,12,55,12,55,12,55,12,55,12,55,12,55,12,55,12,42,4 | S=(0,0);(0,1);(18,2) | I=(16,0) | sp=883,883,1 | ip=1
0,1,0,1,0,1,0,1,0,1,0,1,0,1,0,1,0,1,0 | 12,55,12,55,12,55,12,55,12,55,12,55,12,55,12,55,12,42,4 | S=(0,0);(0,1);(18,2) | I=(16,0) | sp=884,882,1 | ip=1
0,1,0,1,0,1,0,1,0,1,0,1,0,1,0,1,0,1,0 | 12,55,12,55,12,55,12,55,12,55,12,55,12,55,12,55,12,42,4 | S=(0,0);(0,1);(18,2) | I=(16,0) | sp=885,1,1 | ip=1
0,1,0,1,0,1,0,1,0,1,0,1,0,1,0,1,0,1,0 | 12,55,12,55,12,55,12,55,12,55,12,55,12,55,12,55,12,42,4 | S=(0,0);(0,1);(18,2) | I=(16,0) | sp=24,882,1 | ip=1
0,1,0,1,0,1,0,1,0,1,0,1,0,1,0,1,0,1,0 | 12,55,12,55,12,55,12,55,12,55,12,55,12,55,12,55,12,42,4 | S=(0,0);(0,1);(18,2) | I=(16,0) | sp=96,1,1 | ip=1
0,1,0,1,0,1,0,1,0,1,0,1,0,1,0,1,0,1,0 | 12,55,12,55,12,55,12,55,12,55,12,55,12,55,12,55,12,42,4 | S=(0,0);(0,1);(18,2) | I=(16,0) | sp=35,1,1 | ip=1
0,1,0,1,0,1,0,1,0,1,0,1,0,1,0,1,0,1,0 | 12,55,12,55,12,55,12,55,12,55,12,55,12,55,12,55,12,42,4 | S=(0,0);(0,1);(18,2) | I=(16,0) | sp=45,1,1 | ip=1
0,1,0,1,0,1,0,1,0,1,0,1,0,1,0,1,0,1,0 | 12,55,12,55,12,55,12,55,12,55,12,55,12,55,12,55,12,42,4 | S=(0,0);(0,1);(18,2) | I=(16,0) | sp=55,1,1 | ip=1
0,1,0,1,0,1,0,1,0,1,0,1,0,1,0,1,0,1,0 | 12,55,12,55,12,55,12,55,12,55,12,55,12,55,12,55,12,42,4 | S=(0,0);(0,1);(18,2) | I=(16,0) | sp=99930,1,1 | ip=1
0,1,0,1,0,1,0,1,0,1,0,1,0,1,0,1,0,1,0 | 12,55,12,55,12,55,12,55,12,55,12,55,12,55,12,55,12,42,4 | S=(0,0);(0,1);(18,2) | I=(16,0) | sp=945,1,1 | ip=1
