0,1,0,1,0 | 7,33,8,33,8 | S=(0,0);(0,1);(4,2) | I=(2,0);(4,1) | sp=1,1,1 | ip=1,1
0,1,0,1,0 | 8,33,8,33,7 | S=(0,0);(0,1);(4,2) | I=(2,0);(4,1) | sp=1,1,1 | ip=1,1
0,1,0,1,0 | 8,33,8,33,8 | S=(0,0);(0,1);(4,2) | I=(2,0);(4,1) | sp=1,1,1 | ip=1,1
0,1,0,1,0 | 8,33,8,33,8 | S=(0,0);(0,1);(4,2) | I=(2,0);(4,1) | sp=1,1,1 | ip=1,882
0,1,0,1,0 | 8,33,8,33,8 | S=(0,0);(0,1);(4,2) | I=(2,0);(4,1) | sp=1,1,882 | ip=1,1
0,1,0,1,0 | 8,33,8,33,8 | S=(0,0);(0,1);(4,2) | I=(2,0);(4,1) | sp=1,882,1 | ip=1,1
0,1,0,1,0 | 8,33,8,33,8 | S=(0,0);(0,1);(4,2) | I=(2,0);(4,1) | sp=882,1,1 | ip=1,1
0,1,0,1,0 | 8,45,12,55,12 | S=(0,0);(0,1);(4,2) | I=(2,0);(4,1) | sp=1,1,1 | ip=1,1
0,1,0,1,0 | 8,45,12,55,12 | S=(0,0);(0,1);(4,2) | I=(2,0);(4,1) | sp=1,1,1 | ip=1,882
0,1,0,1,0 | 8,45,12,55,12 | S=(0,0);(0,1);(4,2) | I=(2,0);(4,1) | sp=1,1,1 | ip=1,883
0,1,0,1,0 | 8,45,12,55,12 | S=(0,0);(0,1);(4,2) | I=(2,0);(4,1) | sp=1,1,882 | ip=1,1
0,1,0,1,0 | 8,45,12,55,12 | S=(0,0);(0,1);(4,2) | I=(2,0);(4,1) | sp=1,1,882 | ip=1,882
0,1,0,1,0 | 8,45,12,55,12 | S=(0,0);(0,1);(4,2) | I=(2,0);(4,1) | sp=1,1,883 | ip=1,1
0,1,0,1,0 | 8,45,12,55,12 | S=(0,0);(0,1);(4,2) | I=(2,0);(4,1) | sp=1,1,93 | ip=1,1
0,1,0,1,0 | 12,55,12,54,8 | S=(0,0);(0,1);(4,2) | I=(2,0);(4,1) | sp=1,1,1 | ip=1,1
0,1,0,1,0 | 12,55,12,54,8 | S=(0,0);(0,1);(4,2) | I=(2,0);(4,1) | sp=1,882,1 | ip=1,1
0,1,0,1,0 | 12,55,12,54,8 | S=(0,0);(0,1);(4,2) | I=(2,0);(4,1) | sp=1,883,1 | ip=1,1
0,1,0,1,0 | 12,55,12,54,8 | S=(0,0);(0,1);(4,2) | I=(2,0);(4,1) | sp=1,93,1 | ip=1,1
0,1,0,1,0 | 12,55,12,54,8 | S=(0,0);(0,1);(4,2) | I=(2,0);(4,1) | sp=882,1,1 | ip=1,1
0,1,0,1,0 | 12,55,12,54,8 | S=(0,0);(0,1);(4,2) | I=(2,0);(4,1) | sp=882,882,1 | ip=1,1
0,1,0,1,0 | 12,55,12,54,8 | S=(0,0);(0,1);(4,2) | I=(2,0);(4,1) | sp=883,1,1 | ip=1,1
0,1,0,1,0 | 12,55,12,54,8 | S=(0,0);(0,1);(4,2) | I=(2,0);(4,1) | sp=93,1,1 | ip=1,1
0,1,0,1,0 | 12,55,12,55,12 | S=(0,0);(0,1);(4,2) | I=(2,0);(4,1) | sp=1,1,1 | ip=1,1
0,1,0,1,0 | 12,55,12,55,12 | S=(0,0);(0,1);(4,2) | I=(2,0);(4,1) | sp=1,1,1 | ip=1,882
0,1,0,1,0 | 12,55,12,55,12 | S=(0,0);(0,1);(4,2) | I=(2,0);(4,1) | sp=1,1,1 | ip=1,883
0,1,0,1,0 | 12,55,12,55,12 | S=(0,0);(0,1);(4,2) | I=(2,0);(4,1) | sp=1,1,882 | ip=1,1
0,1,0,1,0 | 12,55,12,55,12 | S=(0,0);(0,1);(4,2) | I=(2,0);(4,1) | sp=1,1,882 | ip=1,882
0,1,0,1,0 | 12,55,12,55,12 | S=(0,0);(0,1);(4,2) | I=(2,0);(4,1) | sp=1,1,882 | ip=1,883
0,1,0,1,0 | 12,55,12,55,12 | S=(0,0);(0,1);(4,2) | I=(2,0);(4,1) | sp=1,1,883 | ip=1,1
0,1,0,1,0 | 12,55,12,55,12 | S=(0,0);(0,1);(4,2) | I=(2,0);(4,1) | sp=1,1,883 | ip=1,882
0,1,0,1,0 | 12,55,12,55,12 | S=(0,0);(0,1);(4,2) | I=(2,0);(4,1) | sp=1,1,884 | ip=1,1
0,1,0,1,0 | 12,55,12,55,12 | S=(0,0);(0,1);(4,2) | I=(2,0);(4,1) | sp=1,1,24 | ip=1,1
0,1,0,1,0 | 12,55,12,55,12 | S=(0,0);(0,1);(4,2) | I=(2,0);(4,1) | sp=1,1,93 | ip=1,1
0,1,0,1,0 | 12,55,12,55,12 | S=(0,0);(0,1);(4,2) | I=(2,0);(4,1) | sp=1,1,93 | ip=1,882
0,1,0,1,0 | 12,55,12,55,12 | S=(0,0);(0,1);(4,2) | I=(2,0);(4,1) | sp=1,1,9912 | ip=1,1
0,1,0,1,0 | 12,55,12,55,12 | S=(0,0);(0,1);(4,2) | I=(2,0);(4,1) | sp=1,1,918 | ip=1,1
0,1,0,1,0 | 12,55,12,55,12 | S=(0,0);(0,1);(4,2) | I=(2,0);(4,1) | sp=1,1,922 | ip=1,1
0,1,0,1,0 | 12,55,12,55,12 | S=(0,0);(0,1);(4,2) | I=(2,0);(4,1) | sp=1,882,1 | ip=1,1
0,1,0,1,0 | 12,55,12,55,12 | S=(0,0);(0,1);(4,2) | I=(2,0);(4,1) | sp=1,882,1 | ip=1,882
0,1,0,1,0 | 12,55,12,55,12 | S=(0,0);(0,1);(4,2) | I=(2,0);(4,1) | sp=1,882,1 | ip=1,883
0,1,0,1,0 | 12,55,12,55,12 | S=(0,0);(0,1);(4,2) | I=(2,0);(4,1) | sp=1,882,882 | ip=1,1
0,1,0,1,0 | 12,55,12,55,12 | S=(0,0);(0,1);(4,2) | I=(2,0);(4,1) | sp=1,882,882 | ip=1,882
0,1,0,1,0 | 12,55,12,55,12 | S=(0,0);(0,1);(4,2) | I=(2,0);(4,1) | sp=1,882,882 | ip=1,883
0,1,0,1,0 | 12,55,12,55,12 | S=(0,0);(0,1);(4,2) | I=(2,0);(4,1) | sp=1,882,883 | ip=1,1
0,1,0,1,0 | 12,55,12,55,12 | S=(0,0);(0,1);(4,2) | I=(2,0);(4,1) | sp=1,882,883 | ip=1,882
0,1,0,1,0 | 12,55,12,55,12 | S=(0,0);(0,1);(4,2) | I=(2,0);(4,1) | sp=1,882,884 | ip=1,1
0,1,0,1,0 | 12,55,12,55,12 | S=(0,0);(0,1);(4,2) | I=(2,0);(4,1) | sp=1,882,24 | ip=1,1
0,1,0,1,0 | 12,55,12,55,12 | S=(0,0);(0,1);(4,2) | I=(2,0);(4,1) | sp=1,882,93 | ip=1,1
0,1,0,1,0 | 12,55,12,55,12 | S=(0,0);(0,1);(4,2) | I=(2,0);(4,1) | sp=1,882,93 | ip=1,882
0,1,0,1,0 | 12,55,12,55,12 | S=(0,0);(0,1);(4,2) | I=(2,0);(4,1) | sp=1,882,9912 | ip=1,1
0,1,0,1,0 | 12,55,12,55,12 | S=(0,0);(0,1);(4,2) | I=(2,0);(4,1) | sp=1,882,918 | ip=1,1
0,1,0,1,0 | 12,55,12,55,12 | S=(0,0);(0,1);(4,2) | I=(2,0);(4,1) | sp=1,883,1 | ip=1,1
0,1,0,1,0 | 12,55,12,55,12 | S=(0,0);(0,1);(4,2) | I=(2,0);(4,1) | sp=1,883,1 | ip=1,882
0,1,0,1,0 | 12,55,12,55,12 | S=(0,0);(0,1);(4,2) | I=(2,0);(4,1) | sp=1,883,1 | ip=1,883
0,1,0,1,0 | 12,55,12,55,12 | S=(0,0);(0,1);(4,2) | I=(2,0);(4,1) | sp=1,883,882 | ip=1,1
0,1,0,1,0 | 12,55,12,55,12 | S=(0,0);(0,1);(4,2) | I=(2,0);(4,1) | sp=1,883,882 | ip=1,882
0,1,0,1,0 | 12,55,12,55,12 | S=(0,0);(0,1);(4,2) | I=(2,0);(4,1) | sp=1,883,882 | ip=1,883
0,1,0,1,0 | 12,55,12,55,12 | S=(0,0);(0,1);(4,2) | I=(2,0);(4,1) | sp=1,883,883 | ip=1,1
0,1,0,1,0 | 12,55,12,55,12 | S=(0,0);(0,1);(4,2) | I=(2,0);(4,1) | sp=1,883,883 | ip=1,882
0,1,0,1,0 | 12,55,12,55,12 | S=(0,0);(0,1);(4,2) | I=(2,0);(4,1) | sp=1,883,884 | ip=1,1
0,1,0,1,0 | 12,55,12,55,12 | S=(0,0);(0,1);(4,2) | I=(2,0);(4,1) | sp=1,883,24 | ip=1,1
0,1,0,1,0 | 12,55,12,55,12 | S=(0,0);(0,1);(4,2) | I=(2,0);(4,1) | sp=1,883,93 | ip=1,1
0,1,0,1,0 | 12,55,12,55,12 | S=(0,0);(0,1);(4,2) | I=(2,0);(4,1) | sp=1,883,918 | ip=1,1
0,1,0,1,0 | 12,55,12,55,12 | S=(0,0);(0,1);(4,2) | I=(2,0);(4,1) | sp=1,884,1 | ip=1,1
0,1,0,1,0 | 12,55,12,55,12 | S=(0,0);(0,1);(4,2) | I=(2,0);(4,1) | sp=1,884,1 | ip=1,882
0,1,0,1,0 | 12,55,12,55,12 | S=(0,0);(0,1);(4,2) | I=(2,0);(4,1) | sp=1,884,1 | ip=1,883
0,1,0,1,0 | 12,55,12,55,12 | S=(0,0);(0,1);(4,2) | I=(2,0);(4,1) | sp=1,884,882 | ip=1,1
0,1,0,1,0 | 12,55,12,55,12 | S=(0,0);(0,1);(4,2) | I=(2,0);(4,1) | sp=1,884,882 | ip=1,882
0,1,0,1,0 | 12,55,12,55,12 | S=(0,0);(0,1);(4,2) | I=(2,0);(4,1) | sp=1,884,883 | ip=1,1
0,1,0,1,0 | 12,55,12,55,12 | S=(0,0);(0,1);(4,2) | I=(2,0);(4,1) | sp=1,884,93 | ip=1,1
0,1,0,1,0 | 12,55,12,55,12 | S=(0,0);(0,1);(4,2) | I=(2,0);(4,1) | sp=1,24,1 | ip=1,1
0,1,0,1,0 | 12,55,12,55,12 | S=(0,0);(0,1);(4,2) | I=(2,0);(4,1) | sp=1,24,1 | ip=1,882
0,1,0,1,0 | 12,55,12,55,12 | S=(0,0);(0,1);(4,2) | I=(2,0);(4,1) | sp=1,24,1 | ip=1,883
0,1,0,1,0 | 12,55,12,55,12 | S=(0,0);(0,1);(4,2) | I=(2,0);(4,1) | sp=1,24,882 | ip=1,1
0,1,0,1,0 | 12,55,12,55,12 | S=(0,0);(0,1);(4,2) | I=(2,0);(4,1) | sp=1,24,882 | ip=1,882
0,1,0,1,0 | 12,55,12,55,12 | S=(0,0);(0,1);(4,2) | I=(2,0);(4,1) | sp=1,24,883 | ip=1,1
0,1,0,1,0 | 12,55,12,55,12 | S=(0,0);(0,1);(4,2) | I=(2,0);(4,1) | sp=1,24,93 | ip=1,1
0,1,0,1,0 | 12,55,12,55,12 | S=(0,0);(0,1);(4,2) | I=(2,0);(4,1) | sp=1,93,1 | ip=1,1
0,1,0,1,0 | 12,55,12,55,12 | S=(0,0);(0,1);(4,2) | I=(2,0);(4,1) | sp=1,93,1 | ip=1,882
0,1,0,1,0 | 12,55,12,55,12 | S=(0,0);(0,1);(4,2) | I=(2,0);(4,1) | sp=1,93,1 | ip=1,883
0,1,0,1,0 | 12,55,12,55,12 | S=(0,0);(0,1);(4,2) | I=(2,0);(4,1) | sp=1,93,882 | ip=1,1
0,1,0,1,0 | 12,55,12,55,12 | S=(0,0);(0,1);(4,2) | I=(2,0);(4,1) | sp=1,93,882 | ip=1,882
0,1,0,1,0 | 12,55,12,55,12 | S=(0,0);(0,1);(4,2) | I=(2,0);(4,1) | sp=1,93,882 | ip=1,883
0,1,0,1,0 | 12,55,12,55,12 | S=(0,0);(0,1);(4,2) | I=(2,0);(4,1) | sp=1,93,883 | ip=1,1
0,1,0,1,0 | 12,55,12,55,12 | S=(0,0);(0,1);(4,2) | I=(2,0);(4,1) | sp=1,93,883 | ip=1,882
0,1,0,1,0 | 12,55,12,55,12 | S=(0,0);(0,1);(4,2) | I=(2,0);(4,1) | sp=1,93,884 | ip=1,1
0,1,0,1,0 | 12,55,12,55,12 | S=(0,0);(0,1);(4,2) | I=(2,0);(4,1) | sp=1,93,24 | ip=1,1
0,1,0,1,0 | 12,55,12,55,12 | S=(0,0);(0,1);(4,2) | I=(2,0);(4,1) | sp=1,93,93 | ip=1,1
0,1,0,1,0 | 12,55,12,55,12 | S=(0,0);(0,1);(4,2) | I=(2,0);(4,1) | sp=1,9912,1 | ip=1,1
0,1,0,1,0 | 12,55,12,55,12 | S=(0,0);(0,1);(4,2) | I=(2,0);(4,1) | sp=1,9912,1 | ip=1,882
0,1,0,1,0 | 12,55,12,55,12 | S=(0,0);(0,1);(4,2) | I=(2,0);(4,1) | sp=1,9912,882 | ip=1,1
0,1,0,1,0 | 12,55,12,55,12 | S=(0,0);(0,1);(4,2) | I=(2,0);(4,1) | sp=1,918,1 | ip=1,1
0,1,0,1,0 | 12,55,12,55,12 | S=(0,0);(0,1);(4,2) | I=(2,0);(4,1) | sp=1,918,1 | ip=1,882
0,1,0,1,0 | 12,55,12,55,12 | S=(0,0);(0,1);(4,2) | I=(2,0);(4,1) | sp=1,918,1 | ip=1,883
0,1,0,1,0 | 12,55,12,55,12 | S=(0,0);(0,1);(4,2) | I=(2,0);(4,1) | sp=1,918,882 | ip=1,1
0,1,0,1,0 | 12,55,12,55,12 | S=(0,0);(0,1);(4,2) | I=(2,0);(4,1) | sp=1,918,882 | ip=1,882
0,1,0,1,0 | 12,55,12,55,12 | S=(0,0);(0,1);(4,2) | I=(2,0);(4,1) | sp=1,918,883 | ip=1,1
0,1,0,1,0 | 12,55,12,55,12 | S=(0,0);(0,1);(4,2) | I=(2,0);(4,1) | sp=1,922,1 | ip=1,1
0,1,0,1,0 | 12,55,12,55,12 | S=(0,0);(0,1);(4,2) | I=(2,0);(4,1) | sp=882,1,1 | ip=1,1
0,1,0,1,0 | 12,55,12,55,12 | S=(0,0);(0,1);(4,2) | I=(2,0);(4,1) | sp=882,1,1 | ip=1,882
0,1,0,1,0 | 12,55,12,55,12 | S=(0,0);(0,1);(4,2) | I=(2,0);(4,1) | sp=882,1,1 | ip=1,883
0,1,0,1,0 | 12,55,12,55,12 | S=(0,0);(0,1);(4,2) | I=(2,0);(4,1) | sp=882,1,882 | ip=1,1
0,1,0,1,0 | 12,55,12,55,12 | S=(0,0);(0,1);(4,2) | I=(2,0);(4,1) | sp=882,1,882 | ip=1,882
0,1,0,1,0 | 12,55,12,55,12 | S=(0,0);(0,1);(4,2) | I=(2,0);(4,1) | sp=882,1,882 | ip=1,883
0,1,0,1,0 | 12,55,12,55,12 | S=(0,0);(0,1);(4,2) | I=(2,0);(4,1) | sp=882,1,883 | ip=1,1
0,1,0,1,0 | 12,55,12,55,12 | S=(0,0);(0,1);(4,2) | I=(2,0);(4,1) | sp=882,1,883 | ip=1,882
0,1,0,1,0 | 12,55,12,55,12 | S=(0,0);(0,1);(4,2) | I=(2,0);(4,1) | sp=882,1,884 | ip=1,1
0,1,0,1,0 | 12,55,12,55,12 | S=(0,0);(0,1);(4,2) | I=(2,0);(4,1) | sp=882,1,24 | ip=1,1
0,1,0,1,0 | 12,55,12,55,12 | S=(0,0);(0,1);(4,2) | I=(2,0);(4,1) | sp=882,1,93 | ip=1,1
0,1,0,1,0 | 12,55,12,55,12 | S=(0,0);(0,1);(4,2) | I=(2,0);(4,1) | sp=882,1,93 | ip=1,882
0,1,0,1,0 | 12,55,12,55,12 | S=(0,0);(0,1);(4,2) | I=(2,0);(4,1) | sp=882,1,9912 | ip=1,1
0,1,0,1,0 | 12,55,12,55,12 | S=(0,0);(0,1);(4,2) | I=(2,0);(4,1) | sp=882,1,918 | ip=1,1
0,1,0,1,0 | 12,55,12,55,12 | S=(0,0);(0,1);(4,2) | I=(2,0);(4,1) | sp=882,882,1 | ip=1,1
0,1,0,1,0 | 12,55,12,55,12 | S=(0,0);(0,1);(4,2) | I=(2,0);(4,1) | sp=882,882,1 | ip=1,882
0,1,0,1,0 | 12,55,12,55,12 | S=(0,0);(0,1);(4,2) | I=(2,0);(4,1) | sp=882,882,1 | ip=1,883
0,1,0,1,0 | 12,55,12,55,12 | S=(0,0);(0,1);(4,2) | I=(2,0);(4,1) | sp=882,882,882 | ip=1,1
0,1,0,1,0 | 12,55,12,55,12 | S=(0,0);(0,1);(4,2) | I=(2,0);(4,1) | sp=882,882,882 | ip=1,882
0,1,0,1,0 | 12,55,12,55,12 | S=(0,0);(0,1);(4,2) | I=(2,0);(4,1) | sp=882,882,882 | ip=1,883
0,1,0,1,0 | 12,55,12,55,12 | S=(0,0);(0,1);(4,2) | I=(2,0);(4,1) | sp=882,882,883 | ip=1,1
0,1,0,1,0 | 12,55,12,55,12 | S=(0,0);(0,1);(4,2) | I=(2,0);(4,1) | sp=882,882,883 | ip=1,882
0,1,0,1,0 | 12,55,12,55,12 | S=(0,0);(0,1);(4,2) | I=(2,0);(4,1) | sp=882,882,884 | ip=1,1
0,1,0,1,0 | 12,55,12,55,12 | S=(0,0);(0,1);(4,2) | I=(2,0);(4,1) | sp=882,882,24 | ip=1,1
0,1,0,1,0 | 12,55,12,55,12 | S=(0,0);(0,1);(4,2) | I=(2,0);(4,1) | sp=882,882,93 | ip=1,1
0,1,0,1,0 | 12,55,12,55,12 | S=(0,0);(0,1);(4,2) | I=(2,0);(4,1) | sp=882,882,918 | ip=1,1
0,1,0,1,0 | 12,55,12,55,12 | S=(0,0);(0,1);(4,2) | I=(2,0);(4,1) | sp=882,883,1 | ip=1,1
0,1,0,1,0 | 12,55,12,55,12 | S=(0,0);(0,1);(4,2) | I=(2,0);(4,1) | sp=882,883,1 | ip=1,882
0,1,0,1,0 | 12,55,12,55,12 | S=(0,0);(0,1);(4,2) | I=(2,0);(4,1) | sp=882,883,1 | ip=1,883
0,1,0,1,0 | 12,55,12,55,12 | S=(0,0);(0,1);(4,2) | I=(2,0);(4,1) | sp=882,883,882 | ip=1,1
0,1,0,1,0 | 12,55,12,55,12 | S=(0,0);(0,1);(4,2) | I=(2,0);(4,1) | sp=882,883,882 | ip=1,882
0,1,0,1,0 | 12,55,12,55,12 | S=(0,0);(0,1);(4,2) | I=(2,0);(4,1) | sp=882,883,883 | ip=1,1
0,1,0,1,0 | 12,55,12,55,12 | S=(0,0);(0,1);(4,2) | I=(2,0);(4,1) | sp=882,883,93 | ip=1,1
0,1,0,1,0 | 12,55,12,55,12 | S=(0,0);(0,1);(4,2) | I=(2,0);(4,1) | sp=882,93,1 | ip=1,1
0,1,0,1,0 | 12,55,12,55,12 | S=(0,0);(0,1);(4,2) | I=(2,0);(4,1) | sp=882,93,1 | ip=1,882
0,1,0,1,0 | 12,55,12,55,12 | S=(0,0);(0,1);(4,2) | I=(2,0);(4,1) | sp=882,93,882 | ip=1,1
0,1,0,1,0 | 12,55,12,55,12 | S=(0,0);(0,1);(4,2) | I=(2,0);(4,1) | sp=883,1,1 | ip=1,1
0,1,0,1,0 | 12,55,12,55,12 | S=(0,0);(0,1);(4,2) | I=(2,0);(4,1) | sp=883,1,1 | ip=1,882
0,1,0,1,0 | 12,55,12,55,12 | S=(0,0);(0,1);(4,2) | I=(2,0);(4,1) | sp=883,1,1 | ip=1,883
0,1,0,1,0 | 12,55,12,55,12 | S=(0,0);(0,1);(4,2) | I=(2,0);(4,1) | sp=883,1,882 | ip=1,1
0,1,0,1,0 | 12,55,12,55,12 | S=(0,0);(0,1);(4,2) | I=(2,0);(4,1) | sp=883,1,882 | ip=1,882
0,1,0,1,0 | 12,55,12,55,12 | S=(0,0);(0,1);(4,2) | I=(2,0);(4,1) | sp=883,1,882 | ip=1,883
0,1,0,1,0 | 12,55,12,55,12 | S=(0,0);(0,1);(4,2) | I=(2,0);(4,1) | sp=883,1,883 | ip=1,1
0,1,0,1,0 | 12,55,12,55,12 | S=(0,0);(0,1);(4,2) | I=(2,0);(4,1) | sp=883,1,883 | ip=1,882
0,1,0,1,0 | 12,55,12,55,12 | S=(0,0);(0,1);(4,2) | I=(2,0);(4,1) | sp=883,1,884 | ip=1,1
0,1,0,1,0 | 12,55,12,55,12 | S=(0,0);(0,1);(4,2) | I=(2,0);(4,1) | sp=883,1,24 | ip=1,1
0,1,0,1,0 | 12,55,12,55,12 | S=(0,0);(0,1);(4,2) | I=(2,0);(4,1) | sp=883,1,93 | ip=1,1
0,1,0,1,0 | 12,55,12,55,12 | S=(0,0);(0,1);(4,2) | I=(2,0);(4,1) | sp=883,1,918 | ip=1,1
0,1,0,1,0 | 12,55,12,55,12 | S=(0,0);(0,1);(4,2) | I=(2,0);(4,1) | sp=883,882,1 | ip=1,1
0,1,0,1,0 | 12,55,12,55,12 | S=(0,0);(0,1);(4,2) | I=(2,0);(4,1) | sp=883,882,1 | ip=1,882
0,1,0,1,0 | 12,55,12,55,12 | S=(0,0);(0,1);(4,2) | I=(2,0);(4,1) | sp=883,882,1 | ip=1,883
0,1,0,1,0 | 12,55,12,55,12 | S=(0,0);(0,1);(4,2) | I=(2,0);(4,1) | sp=883,882,882 | ip=1,1
0,1,0,1,0 | 12,55,12,55,12 | S=(0,0);(0,1);(4,2) | I=(2,0);(4,1) | sp=883,882,882 | ip=1,882
0,1,0,1,0 | 12,55,12,55,12 | S=(0,0);(0,1);(4,2) | I=(2,0);(4,1) | sp=883,882,883 | ip=1,1
0,1,0,1,0 | 12,55,12,55,12 | S=(0,0);(0,1);(4,2) | I=(2,0);(4,1) | sp=883,882,93 | ip=1,1
0,1,0,1,0 | 12,55,12,55,12 | S=(0,0);(0,1);(4,2) | I=(2,0);(4,1) | sp=884,1,1 | ip=1,1
0,1,0,1,0 | 12,55,12,55,12 | S=(0,0);(0,1);(4,2) | I=(2,0);(4,1) | sp=884,1,1 | ip=1,882
0,1,0,1,0 | 12,55,12,55,12 | S=(0,0);(0,1);(4,2) | I=(2,0);(4,1) | sp=884,1,1 | ip=1,883
0,1,0,1,0 | 12,55,12,55,12 | S=(0,0);(0,1);(4,2) | I=(2,0);(4,1) | sp=884,1,882 | ip=1,1
0,1,0,1,0 | 12,55,12,55,12 | S=(0,0);(0,1);(4,2) | I=(2,0);(4,1) | sp=884,1,882 | ip=1,882
0,1,0,1,0 | 12,55,12,55,12 | S=(0,0);(0,1);(4,2) | I=(2,0);(4,1) | sp=884,1,883 | ip=1,1
0,1,0,1,0 | 12,55,12,55,12 | S=(0,0);(0,1);(4,2) | I=(2,0);(4,1) | sp=884,1,93 | ip=1,1
0,1,0,1,0 | 12,55,12,55,12 | S=(0,0);(0,1);(4,2) | I=(2,0);(4,1) | sp=24,1,1 | ip=1,1
0,1,0,1,0 | 12,55,12,55,12 | S=(0,0);(0,1);(4,2) | I=(2,0);(4,1) | sp=24,1,1 | ip=1,882
0,1,0,1,0 | 12,55,12,55,12 | S=(0,0);(0,1);(4,2) | I=(2,0);(4,1) | sp=24,1,1 | ip=1,883
0,1,0,1,0 | 12,55,12,55,12 | S=(0,0);(0,1);(4,2) | I=(2,0);(4,1) | sp=24,1,882 | ip=1,1
0,1,0,1,0 | 12,55,12,55,12 | S=(0,0);(0,1);(4,2) | I=(2,0);(4,1) | sp=24,1,882 | ip=1,882
0,1,0,1,0 | 12,55,12,55,12 | S=(0,0);(0,1);(4,2) | I=(2,0);(4,1) | sp=24,1,883 | ip=1,1
0,1,0,1,0 | 12,55,12,55,12 | S=(0,0);(0,1);(4,2) | I=(2,0);(4,1) | sp=24,1,93 | ip=1,1
0,1,0,1,0 | 12,55,12,55,12 | S=(0,0);(0,1);(4,2) | I=(2,0);(4,1) | sp=93,1,1 | ip=1,1
0,1,0,1,0 | 12,55,12,55,12 | S=(0,0);(0,1);(4,2) | I=(2,0);(4,1) | sp=93,1,1 | ip=1,882
0,1,0,1,0 | 12,55,12,55,12 | S=(0,0);(0,1);(4,2) | I=(2,0);(4,1) | sp=93,1,1 | ip=1,883
0,1,0,1,0 | 12,55,12,55,12 | S=(0,0);(0,1);(4,2) | I=(2,0);(4,1) | sp=93,1,882 | ip=1,1
0,1,0,1,0 | 12,55,12,55,12 | S=(0,0);(0,1);(4,2) | I=(2,0);(4,1) | sp=93,1,882 | ip=1,882
0,1,0,1,0 | 12,55,12,55,12 | S=(0,0);(0,1);(4,2) | I=(2,0);(4,1) | sp=93,1,882 | ip=1,883
0,1,0,1,0 | 12,55,12,55,12 | S=(0,0);(0,1);(4,2) | I=(2,0);(4,1) | sp=93,1,883 | ip=1,1
0,1,0,1,0 | 12,55,12,55,12 | S=(0,0);(0,1);(4,2) | I=(2,0);(4,1) | sp=93,1,883 | ip=1,882
0,1,0,1,0 | 12,55,12,55,12 | S=(0,0);(0,1);(4,2) | I=(2,0);(4,1) | sp=93,1,884 | ip=1,1
0,1,0,1,0 | 12,55,12,55,12 | S=(0,0);(0,1);(4,2) | I=(2,0);(4,1) | sp=93,1,24 | ip=1,1
0,1,0,1,0 | 12,55,12,55,12 | S=(0,0);(0,1);(4,2) | I=(2,0);(4,1) | sp=93,1,93 | ip=1,1
0,1,0,1,0 | 12,55,12,55,12 | S=(0,0);(0,1);(4,2) | I=(2,0);(4,1) | sp=93,882,1 | ip=1,1
0,1,0,1,0 | 12,55,12,55,12 | S=(0,0);(0,1);(4,2) | I=(2,0);(4,1) | sp=93,882,1 | ip=1,882
0,1,0,1,0 | 12,55,12,55,12 | S=(0,0);(0,1);(4,2) | I=(2,0);(4,1) | sp=93,882,882 | ip=1,1
0,1,0,1,0 | 12,55,12,55,12 | S=(0,0);(0,1);(4,2) | I=(2,0);(4,1) | sp=9912,1,1 | ip=1,1
0,1,0,1,0 | 12,55,12,55,12 | S=(0,0);(0,1);(4,2) | I=(2,0);(4,1) | sp=9912,1,1 | ip=1,882
0,1,0,1,0 | 12,55,12,55,12 | S=(0,0);(0,1);(4,2) | I=(2,0);(4,1) | sp=9912,1,882 | ip=1,1
0,1,0,1,0 | 12,55,12,55,12 | S=(0,0);(0,1);(4,2) | I=(2,0);(4,1) | sp=918,1,1 | ip=1,1
0,1,0,1,0 | 12,55,12,55,12 | S=(0,0);(0,1);(4,2) | I=(2,0);(4,1) | sp=918,1,1 | ip=1,882
0,1,0,1,0 | 12,55,12,55,12 | S=(0,0);(0,1);(4,2) | I=(2,0);(4,1) | sp=918,1,1 | ip=1,883
0,1,0,1,0 | 12,55,12,55,12 | S=(0,0);(0,1);(4,2) | I=(2,0);(4,1) | sp=918,1,882 | ip=1,1
0,1,0,1,0 | 12,55,12,55,12 | S=(0,0);(0,1);(4,2) | I=(2,0);(4,1) | sp=918,1,882 | ip=1,882
0,1,0,1,0 | 12,55,12,55,12 | S=(0,0);(0,1);(4,2) | I=(2,0);(4,1) | sp=918,1,883 | ip=1,1
0,1,0,1,0 | 12,55,12,55,12 | S=(0,0);(0,1);(4,2) | I=(2,0);(4,1) | sp=922,1,1 | ip=1,1
