0,1,0,1,0,1,0,1,0,1,0 | 4,24,12,55,12,55,12,42,4,11,4 | S=(0,0);(10,1) | I=(2,0) | sp=1,1 | ip=1
0,1,0,1,0,1,0,1,0,1,0 | 4,24,12,55,12,55,12,55,12,42,4 | S=(0,0);(10,1) | I=(2,0) | sp=1,912 | ip=1
0,1,0,1,0,1,0,1,0,1,0 | 4,24,12,55,12,55,12,55,12,53,6 | S=(0,0);(10,1) | I=(2,0) | sp=1,882 | ip=1
0,1,0,1,0,1,0,1,0,1,0 | 4,24,12,55,12,55,12,55,12,53,6 | S=(0,0);(10,1) | I=(2,0) | sp=1,22 | ip=1
0,1,0,1,0,1,0,1,0,1,0 | 4,24,12,55,12,55,12,55,12,54,6 | S=(0,0);(10,1) | I=(2,0) | sp=1,1 | ip=1
0,1,0,1,0,1,0,1,0,1,0 | 4,24,12,55,12,55,12,55,12,54,7 | S=(0,0);(10,1) | I=(2,0) | sp=1,882 | ip=1
0,1,0,1,0,1,0,1,0,1,0 | 4,24,12,55,12,55,12,55,12,54,8 | S=(0,0);(10,1) | I=(2,0) | sp=1,883 | ip=1
0,1,0,1,0,1,0,1,0,1,0 | 4,24,12,55,12,55,12,55,12,54,8 | S=(0,0);(10,1) | I=(2,0) | sp=1,23 | ip=1
0,1,0,1,0,1,0,1,0,1,0 | 4,24,12,55,12,55,12,55,12,54,8 | S=(0,0);(10,1) | I=(2,0) | sp=1,33 | ip=1
0,1,0,1,0,1,0,1,0,1,0 | 4,24,12,55,12,55,12,55,12,55,7 | S=(0,0);(10,1) | I=(2,0) | sp=1,1 | ip=1
0,1,0,1,0,1,0,1,0,1,0 | 4,24,12,55,12,55,12,55,12,55,8 | S=(0,0);(10,1) | I=(2,0) | sp=1,882 | ip=1
0,1,0,1,0,1,0,1,0,1,0 | 4,24,12,55,12,55,12,55,12,55,12 | S=(0,0);(10,1) | I=(2,0) | sp=1,886 | ip=1
0,1,0,1,0,1,0,1,0,1,0 | 4,24,12,55,12,55,12,55,12,55,12 | S=(0,0);(10,1) | I=(2,0) | sp=1,94 | ip=1
0,1,0,1,0,1,0,1,0,1,0 | 4,24,12,55,12,55,12,55,12,55,12 | S=(0,0);(10,1) | I=(2,0) | sp=1,996 | ip=1
0,1,0,1,0,1,0,1,0,1,0 | 4,24,12,55,12,55,12,55,12,55,12 | S=(0,0);(10,1) | I=(2,0) | sp=1,919 | ip=1
0,1,0,1,0,1,0,1,0,1,0 | 4,24,12,55,12,55,12,55,12,55,12 | S=(0,0);(10,1) | I=(2,0) | sp=1,9915 | ip=1
0,1,0,1,0,1,0,1,0,1,0 | 4,24,12,55,12,55,12,55,12,55,12 | S=(0,0);(10,1) | I=(2,0) | sp=1,946 | ip=1
0,1,0,1,0,1,0,1,0,1,0 | 12,55,12,55,12,55,12,55,12,42,4 | S=(0,0);(10,1) | I=(2,0) | sp=883,1 | ip=1
0,1,0,1,0,1,0,1,0,1,0 | 12,55,12,55,12,55,12,55,12,53,6 | S=(0,0);(10,1) | I=(2,0) | sp=1,912 | ip=1
0,1,0,1,0,1,0,1,0,1,0 | 12,55,12,55,12,55,12,55,12,53,6 | S=(0,0);(10,1) | I=(2,0) | sp=882,1 | ip=1
0,1,0,1,0,1,0,1,0,1,0 | 12,55,12,55,12,55,12,55,12,54,7 | S=(0,0);(10,1) | I=(2,0) | sp=882,1 | ip=1
0,1,0,1,0,1,0,1,0,1,0 | 12,55,12,55,12,55,12,55,12,54,8 | S=(0,0);(10,1) | I=(2,0) | sp=1,97 | ip=1
0,1,0,1,0,1,0,1,0,1,0 | 12,55,12,55,12,55,12,55,12,54,8 | S=(0,0);(10,1) | I=(2,0) | sp=882,882 | ip=1
0,1,0,1,0,1,0,1,0,1,0 | 12,55,12,55,12,55,12,55,12,55,8 | S=(0,0);(10,1) | I=(2,0) | sp=882,1 | ip=1
0,1,0,1,0,1,0,1,0,1,0 | 12,55,12,55,12,55,12,55,12,55,12 | S=(0,0);(10,1) | I=(2,0) | sp=1,947 | ip=1
0,1,0,1,0,1,0,1,0,1,0 | 12,55,12,55,12,55,12,55,12,55,12 | S=(0,0);(10,1) | I=(2,0) | sp=882,885 | ip=1
0,1,0,1,0,1,0,1,0,1,0 | 12,55,12,55,12,55,12,55,12,55,12 | S=(0,0);(10,1) | I=(2,0) | sp=882,96 | ip=1
0,1,0,1,0,1,0,1,0,1,0 | 12,55,12,55,12,55,12,55,12,55,12 | S=(0,0);(10,1) | I=(2,0) | sp=882,35 | ip=1
0,1,0,1,0,1,0,1,0,1,0 | 12,55,12,55,12,55,12,55,12,55,12 | S=(0,0);(10,1) | I=(2,0) | sp=882,45 | ip=1
0,1,0,1,0,1,0,1,0,1,0 | 12,55,12,55,12,55,12,55,12,55,12 | S=(0,0);(10,1) | I=(2,0) | sp=882,55 | ip=1
0,1,0,1,0,1,0,1,0,1,0 | 12,55,12,55,12,55,12,55,12,55,12 | S=(0,0);(10,1) | I=(2,0) | sp=882,99930 | ip=1
0,1,0,1,0,1,0,1,0,1,0 | 12,55,12,55,12,55,12,55,12,55,12 | S=(0,0);(10,1) | I=(2,0) | sp=882,945 | ip=1
