0,1,0,1,0,1,0,1,0 | 4,24,12,55,12,55,12,42,4 | S=(0,0);(8,1) | I=(2,0) | sp=1,1 | ip=1
0,1,0,1,0,1,0,1,0 | 4,24,12,55,12,55,12,53,6 | S=(0,0);(8,1) | I=(2,0) | sp=1,1 | ip=1
0,1,0,1,0,1,0,1,0 | 4,24,12,55,12,55,12,53,6 | S=(0,0);(8,1) | I=(2,0) | sp=1,912 | ip=1
0,1,0,1,0,1,0,1,0 | 4,24,12,55,12,55,12,54,7 | S=(0,0);(8,1) | I=(2,0) | sp=1,1 | ip=1
0,1,0,1,0,1,0,1,0 | 4,24,12,55,12,55,12,54,8 | S=(0,0);(8,1) | I=(2,0) | sp=1,1 | ip=1
0,1,0,1,0,1,0,1,0 | 4,24,12,55,12,55,12,54,8 | S=(0,0);(8,1) | I=(2,0) | sp=1,882 | ip=1
0,1,0,1,0,1,0,1,0 | 4,24,12,55,12,55,12,54,8 | S=(0,0);(8,1) | I=(2,0) | sp=1,97 | ip=1
0,1,0,1,0,1,0,1,0 | 4,24,12,55,12,55,12,54,8 | S=(0,0);(8,1) | I=(2,0) | sp=1,98 | ip=1
0,1,0,1,0,1,0,1,0 | 4,24,12,55,12,55,12,55,8 | S=(0,0);(8,1) | I=(2,0) | sp=1,1 | ip=1
0,1,0,1,0,1,0,1,0 | 4,24,12,55,12,55,12,55,12 | S=(0,0);(8,1) | I=(2,0) | sp=1,1 | ip=1
0,1,0,1,0,1,0,1,0 | 4,24,12,55,12,55,12,55,12 | S=(0,0);(8,1) | I=(2,0) | sp=1,882 | ip=1
0,1,0,1,0,1,0,1,0 | 4,24,12,55,12,55,12,55,12 | S=(0,0);(8,1) | I=(2,0) | sp=1,883 | ip=1
0,1,0,1,0,1,0,1,0 | 4,24,12,55,12,55,12,55,12 | S=(0,0);(8,1) | I=(2,0) | sp=1,884 | ip=1
0,1,0,1,0,1,0,1,0 | 4,24,12,55,12,55,12,55,12 | S=(0,0);(8,1) | I=(2,0) | sp=1,885 | ip=1
0,1,0,1,0,1,0,1,0 | 4,24,12,55,12,55,12,55,12 | S=(0,0);(8,1) | I=(2,0) | sp=1,24 | ip=1
0,1,0,1,0,1,0,1,0 | 4,24,12,55,12,55,12,55,12 | S=(0,0);(8,1) | I=(2,0) | sp=1,93 | ip=1
0,1,0,1,0,1,0,1,0 | 4,24,12,55,12,55,12,55,12 | S=(0,0);(8,1) | I=(2,0) | sp=1,96 | ip=1
0,1,0,1,0,1,0,1,0 | 4,24,12,55,12,55,12,55,12 | S=(0,0);(8,1) | I=(2,0) | sp=1,35 | ip=1
0,1,0,1,0,1,0,1,0 | 4,24,12,55,12,55,12,55,12 | S=(0,0);(8,1) | I=(2,0) | sp=1,45 | ip=1
0,1,0,1,0,1,0,1,0 | 4,24,12,55,12,55,12,55,12 | S=(0,0);(8,1) | I=(2,0) | sp=1,55 | ip=1
0,1,0,1,0,1,0,1,0 | 4,24,12,55,12,55,12,55,12 | S=(0,0);(8,1) | I=(2,0) | sp=1,99930 | ip=1
0,1,0,1,0,1,0,1,0 | 4,24,12,55,12,55,12,55,12 | S=(0,0);(8,1) | I=(2,0) | sp=1,9912 | ip=1
0,1,0,1,0,1,0,1,0 | 4,24,12,55,12,55,12,55,12 | S=(0,0);(8,1) | I=(2,0) | sp=1,918 | ip=1
0,1,0,1,0,1,0,1,0 | 4,24,12,55,12,55,12,55,12 | S=(0,0);(8,1) | I=(2,0) | sp=1,920 | ip=1
0,1,0,1,0,1,0,1,0 | 4,24,12,55,12,55,12,55,12 | S=(0,0);(8,1) | I=(2,0) | sp=1,921 | ip=1
0,1,0,1,0,1,0,1,0 | 4,24,12,55,12,55,12,55,12 | S=(0,0);(8,1) | I=(2,0) | sp=1,922 | ip=1
0,1,0,1,0,1,0,1,0 | 4,24,12,55,12,55,12,55,12 | S=(0,0);(8,1) | I=(2,0) | sp=1,945 | ip=1
0,1,0,1,0,1,0,1,0 | 4,24,12,55,12,55,12,55,12 | S=(0,0);(8,1) | I=(2,0) | sp=1,947 | ip=1
0,1,0,1,0,1,0,1,0 | 8,33,8,33,8,33,8,33,7 | S=(0,0);(8,1) | I=(2,0) | sp=1,1 | ip=1
0,1,0,1,0,1,0,1,0 | 8,33,8,33,8,33,8,33,8 | S=(0,0);(8,1) | I=(2,0) | sp=1,1 | ip=1
0,1,0,1,0,1,0,1,0 | 8,33,8,33,8,33,8,33,8 | S=(0,0);(8,1) | I=(2,0) | sp=1,882 | ip=1
0,1,0,1,0,1,0,1,0 | 8,33,8,33,8,33,8,33,8 | S=(0,0);(8,1) | I=(2,0) | sp=1,97 | ip=1
0,1,0,1,0,1,0,1,0 | 8,33,8,33,8,33,8,33,8 | S=(0,0);(8,1) | I=(2,0) | sp=1,98 | ip=1
0,1,0,1,0,1,0,1,0 | 12,55,12,55,12,55,12,42,4 | S=(0,0);(8,1) | I=(2,0) | sp=1,1 | ip=1
0,1,0,1,0,1,0,1,0 | 12,55,12,55,12,55,12,42,4 | S=(0,0);(8,1) | I=(2,0) | sp=882,1 | ip=1
0,1,0,1,0,1,0,1,0 | 12,55,12,55,12,55,12,42,4 | S=(0,0);(8,1) | I=(2,0) | sp=883,1 | ip=1
0,1,0,1,0,1,0,1,0 | 12,55,12,55,12,55,12,42,4 | S=(0,0);(8,1) | I=(2,0) | sp=93,1 | ip=1
0,1,0,1,0,1,0,1,0 | 12,55,12,55,12,55,12,53,6 | S=(0,0);(8,1) | I=(2,0) | sp=1,1 | ip=1
0,1,0,1,0,1,0,1,0 | 12,55,12,55,12,55,12,53,6 | S=(0,0);(8,1) | I=(2,0) | sp=1,912 | ip=1
0,1,0,1,0,1,0,1,0 | 12,55,12,55,12,55,12,53,6 | S=(0,0);(8,1) | I=(2,0) | sp=882,1 | ip=1
0,1,0,1,0,1,0,1,0 | 12,55,12,55,12,55,12,54,7 | S=(0,0);(8,1) | I=(2,0) | sp=1,1 | ip=1
0,1,0,1,0,1,0,1,0 | 12,55,12,55,12,55,12,54,7 | S=(0,0);(8,1) | I=(2,0) | sp=882,1 | ip=1
0,1,0,1,0,1,0,1,0 | 12,55,12,55,12,55,12,54,8 | S=(0,0);(8,1) | I=(2,0) | sp=1,1 | ip=1
0,1,0,1,0,1,0,1,0 | 12,55,12,55,12,55,12,54,8 | S=(0,0);(8,1) | I=(2,0) | sp=1,882 | ip=1
0,1,0,1,0,1,0,1,0 | 12,55,12,55,12,55,12,54,8 | S=(0,0);(8,1) | I=(2,0) | sp=1,97 | ip=1
0,1,0,1,0,1,0,1,0 | 12,55,12,55,12,55,12,54,8 | S=(0,0);(8,1) | I=(2,0) | sp=882,1 | ip=1
0,1,0,1,0,1,0,1,0 | 12,55,12,55,12,55,12,54,8 | S=(0,0);(8,1) | I=(2,0) | sp=882,882 | ip=1
0,1,0,1,0,1,0,1,0 | 12,55,12,55,12,55,12,54,8 | S=(0,0);(8,1) | I=(2,0) | sp=883,1 | ip=1
0,1,0,1,0,1,0,1,0 | 12,55,12,55,12,55,12,55,8 | S=(0,0);(8,1) | I=(2,0) | sp=1,1 | ip=1
0,1,0,1,0,1,0,1,0 | 12,55,12,55,12,55,12,55,8 | S=(0,0);(8,1) | I=(2,0) | sp=882,1 | ip=1
0,1,0,1,0,1,0,1,0 | 12,55,12,55,12,55,12,55,12 | S=(0,0);(8,1) | I=(2,0) | sp=1,1 | ip=1
0,1,0,1,0,1,0,1,0 | 12,55,12,55,12,55,12,55,12 | S=(0,0);(8,1) | I=(2,0) | sp=1,882 | ip=1
0,1,0,1,0,1,0,1,0 | 12,55,12,55,12,55,12,55,12 | S=(0,0);(8,1) | I=(2,0) | sp=1,883 | ip=1
0,1,0,1,0,1,0,1,0 | 12,55,12,55,12,55,12,55,12 | S=(0,0);(8,1) | I=(2,0) | sp=1,884 | ip=1
0,1,0,1,0,1,0,1,0 | 12,55,12,55,12,55,12,55,12 | S=(0,0);(8,1) | I=(2,0) | sp=1,885 | ip=1
0,1,0,1,0,1,0,1,0 | 12,55,12,55,12,55,12,55,12 | S=(0,0);(8,1) | I=(2,0) | sp=1,24 | ip=1
0,1,0,1,0,1,0,1,0 | 12,55,12,55,12,55,12,55,12 | S=(0,0);(8,1) | I=(2,0) | sp=1,93 | ip=1
0,1,0,1,0,1,0,1,0 | 12,55,12,55,12,55,12,55,12 | S=(0,0);(8,1) | I=(2,0) | sp=1,96 | ip=1
0,1,0,1,0,1,0,1,0 | 12,55,12,55,12,55,12,55,12 | S=(0,0);(8,1) | I=(2,0) | sp=1,35 | ip=1
0,1,0,1,0,1,0,1,0 | 12,55,12,55,12,55,12,55,12 | S=(0,0);(8,1) | I=(2,0) | sp=1,45 | ip=1
0,1,0,1,0,1,0,1,0 | 12,55,12,55,12,55,12,55,12 | S=(0,0);(8,1) | I=(2,0) | sp=1,55 | ip=1
0,1,0,1,0,1,0,1,0 | 12,55,12,55,12,55,12,55,12 | S=(0,0);(8,1) | I=(2,0) | sp=1,99930 | ip=1
0,1,0,1,0,1,0,1,0 | 12,55,12,55,12,55,12,55,12 | S=(0,0);(8,1) | I=(2,0) | sp=1,9912 | ip=1
0,1,0,1,0,1,0,1,0 | 12,55,12,55,12,55,12,55,12 | S=(0,0);(8,1) | I=(2,0) | sp=1,918 | ip=1
0,1,0,1,0,1,0,1,0 | 12,55,12,55,12,55,12,55,12 | S=(0,0);(8,1) | I=(2,0) | sp=1,920 | ip=1
0,1,0,1,0,1,0,1,0 | 12,55,12,55,12,55,12,55,12 | S=(0,0);(8,1) | I=(2,0) | sp=1,921 | ip=1
0,1,0,1,0,1,0,1,0 | 12,55,12,55,12,55,12,55,12 | S=(0,0);(8,1) | I=(2,0) | sp=1,922 | ip=1
0,1,0,1,0,1,0,1,0 | 12,55,12,55,12,55,12,55,12 | S=(0,0);(8,1) | I=(2,0) | sp=1,945 | ip=1
0,1,0,1,0,1,0,1,0 | 12,55,12,55,12,55,12,55,12 | S=(0,0);(8,1) | I=(2,0) | sp=1,947 | ip=1
0,1,0,1,0,1,0,1,0 | 12,55,12,55,12,55,12,55,12 | S=(0,0);(8,1) | I=(2,0) | sp=882,1 | ip=1
0,1,0,1,0,1,0,1,0 | 12,55,12,55,12,55,12,55,12 | S=(0,0);(8,1) | I=(2,0) | sp=882,882 | ip=1
0,1,0,1,0,1,0,1,0 | 12,55,12,55,12,55,12,55,12 | S=(0,0);(8,1) | I=(2,0) | sp=882,883 | ip=1
0,1,0,1,0,1,0,1,0 | 12,55,12,55,12,55,12,55,12 | S=(0,0);(8,1) | I=(2,0) | sp=882,884 | ip=1
0,1,0,1,0,1,0,1,0 | 12,55,12,55,12,55,12,55,12 | S=(0,0);(8,1) | I=(2,0) | sp=882,885 | ip=1
0,1,0,1,0,1,0,1,0 | 12,55,12,55,12,55,12,55,12 | S=(0,0);(8,1) | I=(2,0) | sp=882,24 | ip=1
0,1,0,1,0,1,0,1,0 | 12,55,12,55,12,55,12,55,12 | S=(0,0);(8,1) | I=(2,0) | sp=882,93 | ip=1
0,1,0,1,0,1,0,1,0 | 12,55,12,55,12,55,12,55,12 | S=(0,0);(8,1) | I=(2,0) | sp=882,96 | ip=1
0,1,0,1,0,1,0,1,0 | 12,55,12,55,12,55,12,55,12 | S=(0,0);(8,1) | I=(2,0) | sp=882,35 | ip=1
0,1,0,1,0,1,0,1,0 | 12,55,12,55,12,55,12,55,12 | S=(0,0);(8,1) | I=(2,0) | sp=882,45 | ip=1
0,1,0,1,0,1,0,1,0 | 12,55,12,55,12,55,12,55,12 | S=(0,0);(8,1) | I=(2,0) | sp=882,55 | ip=1
0,1,0,1,0,1,0,1,0 | 12,55,12,55,12,55,12,55,12 | S=(0,0);(8,1) | I=(2,0) | sp=882,99930 | ip=1
0,1,0,1,0,1,0,1,0 | 12,55,12,55,12,55,12,55,12 | S=(0,0);(8,1) | I=(2,0) | sp=882,9912 | ip=1
0,1,0,1,0,1,0,1,0 | 12,55,12,55,12,55,12,55,12 | S=(0,0);(8,1) | I=(2,0) | sp=882,918 | ip=1
0,1,0,1,0,1,0,1,0 | 12,55,12,55,12,55,12,55,12 | S=(0,0);(8,1) | I=(2,0) | sp=882,920 | ip=1
0,1,0,1,0,1,0,1,0 | 12,55,12,55,12,55,12,55,12 | S=(0,0);(8,1) | I=(2,0) | sp=882,921 | ip=1
0,1,0,1,0,1,0,1,0 | 12,55,12,55,12,55,12,55,12 | S=(0,0);(8,1) | I=(2,0) | sp=882,922 | ip=1
0,1,0,1,0,1,0,1,0 | 12,55,12,55,12,55,12,55,12 | S=(0,0);(8,1) | I=(2,0) | sp=882,945 | ip=1
0,1,0,1,0,1,0,1,0 | 12,55,12,55,12,55,12,55,12 | S=(0,0);(8,1) | I=(2,0) | sp=883,1 | ip=1
0,1,0,1,0,1,0,1,0 | 12,55,12,55,12,55,12,55,12 | S=(0,0);(8,1) | I=(2,0) | sp=883,882 | ip=1
0,1,0,1,0,1,0,1,0 | 12,55,12,55,12,55,12,55,12 | S=(0,0);(8,1) | I=(2,0) | sp=883,883 | ip=1
0,1,0,1,0,1,0,1,0 | 12,55,12,55,12,55,12,55,12 | S=(0,0);(8,1) | I=(2,0) | sp=883,884 | ip=1
0,1,0,1,0,1,0,1,0 | 12,55,12,55,12,55,12,55,12 | S=(0,0);(8,1) | I=(2,0) | sp=883,24 | ip=1
0,1,0,1,0,1,0,1,0 | 12,55,12,55,12,55,12,55,12 | S=(0,0);(8,1) | I=(2,0) | sp=883,93 | ip=1
0,1,0,1,0,1,0,1,0 | 12,55,12,55,12,55,12,55,12 | S=(0,0);(8,1) | I=(2,0) | sp=883,9912 | ip=1
0,1,0,1,0,1,0,1,0 | 12,55,12,55,12,55,12,55,12 | S=(0,0);(8,1) | I=(2,0) | sp=883,918 | ip=1
0,1,0,1,0,1,0,1,0 | 12,55,12,55,12,55,12,55,12 | S=(0,0);(8,1) | I=(2,0) | sp=883,920 | ip=1
0,1,0,1,0,1,0,1,0 | 12,55,12,55,12,55,12,55,12 | S=(0,0);(8,1) | I=(2,0) | sp=883,921 | ip=1
0,1,0,1,0,1,0,1,0 | 12,55,12,55,12,55,12,55,12 | S=(0,0);(8,1) | I=(2,0) | sp=883,922 | ip=1
0,1,0,1,0,1,0,1,0 | 12,55,12,55,12,55,12,55,12 | S=(0,0);(8,1) | I=(2,0) | sp=93,1 | ip=1
0,1,0,1,0,1,0,1,0 | 12,55,12,55,12,55,12,55,12 | S=(0,0);(8,1) | I=(2,0) | sp=93,882 | ip=1
0,1,0,1,0,1,0,1,0 | 12,55,12,55,12,55,12,55,12 | S=(0,0);(8,1) | I=(2,0) | sp=93,883 | ip=1
0,1,0,1,0,1,0,1,0 | 12,55,12,55,12,55,12,55,12 | S=(0,0);(8,1) | I=(2,0) | sp=93,93 | ip=1
