0,1,0,1,0 | 6,22,6,22,6 | S=(0,0);(0,1);(4,2) | I=(2,0) | sp=1,1,882 | ip=1
0,1,0,1,0 | 6,22,6,22,6 | S=(0,0);(0,1);(4,2) | I=(2,0) | sp=1,1,22 | ip=1
0,1,0,1,0 | 6,22,6,22,6 | S=(0,0);(0,1);(4,2) | I=(2,0) | sp=1,912,1 | ip=1
0,1,0,1,0 | 6,22,6,22,6 | S=(0,0);(0,1);(4,2) | I=(2,0) | sp=912,1,1 | ip=1
0,1,0,1,0 | 6,35,12,42,4 | S=(0,0);(0,1);(4,2) | I=(2,0) | sp=1,1,1 | ip=1
0,1,0,1,0 | 7,33,8,33,6 | S=(0,0);(0,1);(4,2) | I=(2,0) | sp=1,1,1 | ip=1
0,1,0,1,0 | 7,33,8,33,7 | S=(0,0);(0,1);(4,2) | I=(2,0) | sp=1,1,882 | ip=1
0,1,0,1,0 | 7,33,8,33,8 | S=(0,0);(0,1);(4,2) | I=(2,0) | sp=1,1,883 | ip=1
0,1,0,1,0 | 7,33,8,33,8 | S=(0,0);(0,1);(4,2) | I=(2,0) | sp=1,1,23 | ip=1
0,1,0,1,0 | 7,33,8,33,8 | S=(0,0);(0,1);(4,2) | I=(2,0) | sp=1,1,33 | ip=1
0,1,0,1,0 | 7,45,12,42,4 | S=(0,0);(0,1);(4,2) | I=(2,0) | sp=1,1,1 | ip=1
0,1,0,1,0 | 8,33,8,33,6 | S=(0,0);(0,1);(4,2) | I=(2,0) | sp=1,1,912 | ip=1
0,1,0,1,0 | 8,33,8,33,6 | S=(0,0);(0,1);(4,2) | I=(2,0) | sp=1,882,1 | ip=1
0,1,0,1,0 | 8,33,8,33,6 | S=(0,0);(0,1);(4,2) | I=(2,0) | sp=882,1,1 | ip=1
0,1,0,1,0 | 8,33,8,33,7 | S=(0,0);(0,1);(4,2) | I=(2,0) | sp=1,1,97 | ip=1
0,1,0,1,0 | 8,33,8,33,7 | S=(0,0);(0,1);(4,2) | I=(2,0) | sp=1,882,882 | ip=1
0,1,0,1,0 | 8,33,8,33,7 | S=(0,0);(0,1);(4,2) | I=(2,0) | sp=1,97,1 | ip=1
0,1,0,1,0 | 8,33,8,33,7 | S=(0,0);(0,1);(4,2) | I=(2,0) | sp=882,1,882 | ip=1
0,1,0,1,0 | 8,33,8,33,7 | S=(0,0);(0,1);(4,2) | I=(2,0) | sp=97,1,1 | ip=1
0,1,0,1,0 | 8,33,8,33,8 | S=(0,0);(0,1);(4,2) | I=(2,0) | sp=1,1,93 | ip=1
0,1,0,1,0 | 8,33,8,33,8 | S=(0,0);(0,1);(4,2) | I=(2,0) | sp=1,1,9913 | ip=1
0,1,0,1,0 | 8,33,8,33,8 | S=(0,0);(0,1);(4,2) | I=(2,0) | sp=1,1,925 | ip=1
0,1,0,1,0 | 8,33,8,33,8 | S=(0,0);(0,1);(4,2) | I=(2,0) | sp=1,882,883 | ip=1
0,1,0,1,0 | 8,33,8,33,8 | S=(0,0);(0,1);(4,2) | I=(2,0) | sp=1,882,23 | ip=1
0,1,0,1,0 | 8,33,8,33,8 | S=(0,0);(0,1);(4,2) | I=(2,0) | sp=1,882,33 | ip=1
0,1,0,1,0 | 8,33,8,33,8 | S=(0,0);(0,1);(4,2) | I=(2,0) | sp=1,97,882 | ip=1
0,1,0,1,0 | 8,33,8,33,8 | S=(0,0);(0,1);(4,2) | I=(2,0) | sp=1,98,1 | ip=1
0,1,0,1,0 | 8,33,8,33,8 | S=(0,0);(0,1);(4,2) | I=(2,0) | sp=882,1,883 | ip=1
0,1,0,1,0 | 8,33,8,33,8 | S=(0,0);(0,1);(4,2) | I=(2,0) | sp=882,1,23 | ip=1
0,1,0,1,0 | 8,33,8,33,8 | S=(0,0);(0,1);(4,2) | I=(2,0) | sp=882,1,33 | ip=1
0,1,0,1,0 | 8,33,8,33,8 | S=(0,0);(0,1);(4,2) | I=(2,0) | sp=97,1,882 | ip=1
0,1,0,1,0 | 8,33,8,33,8 | S=(0,0);(0,1);(4,2) | I=(2,0) | sp=98,1,1 | ip=1
0,1,0,1,0 | 8,45,12,42,4 | S=(0,0);(0,1);(4,2) | I=(2,0) | sp=1,882,1 | ip=1
0,1,0,1,0 | 8,45,12,42,4 | S=(0,0);(0,1);(4,2) | I=(2,0) | sp=882,1,1 | ip=1
0,1,0,1,0 | 8,45,12,53,6 | S=(0,0);(0,1);(4,2) | I=(2,0) | sp=1,1,1 | ip=1
0,1,0,1,0 | 8,45,12,54,7 | S=(0,0);(0,1);(4,2) | I=(2,0) | sp=1,1,1 | ip=1
0,1,0,1,0 | 8,45,12,54,8 | S=(0,0);(0,1);(4,2) | I=(2,0) | sp=1,1,882 | ip=1
0,1,0,1,0 | 8,45,12,55,8 | S=(0,0);(0,1);(4,2) | I=(2,0) | sp=1,1,1 | ip=1
0,1,0,1,0 | 8,45,12,55,12 | S=(0,0);(0,1);(4,2) | I=(2,0) | sp=1,1,885 | ip=1
0,1,0,1,0 | 8,45,12,55,12 | S=(0,0);(0,1);(4,2) | I=(2,0) | sp=1,1,96 | ip=1
0,1,0,1,0 | 8,45,12,55,12 | S=(0,0);(0,1);(4,2) | I=(2,0) | sp=1,1,35 | ip=1
0,1,0,1,0 | 8,45,12,55,12 | S=(0,0);(0,1);(4,2) | I=(2,0) | sp=1,1,45 | ip=1
0,1,0,1,0 | 8,45,12,55,12 | S=(0,0);(0,1);(4,2) | I=(2,0) | sp=1,1,55 | ip=1
0,1,0,1,0 | 8,45,12,55,12 | S=(0,0);(0,1);(4,2) | I=(2,0) | sp=1,1,99930 | ip=1
0,1,0,1,0 | 8,45,12,55,12 | S=(0,0);(0,1);(4,2) | I=(2,0) | sp=1,1,945 | ip=1
0,1,0,1,0 | 8,55,12,42,4 | S=(0,0);(0,1);(4,2) | I=(2,0) | sp=1,1,1 | ip=1
0,1,0,1,0 | 12,55,12,42,4 | S=(0,0);(0,1);(4,2) | I=(2,0) | sp=1,885,1 | ip=1
0,1,0,1,0 | 12,55,12,42,4 | S=(0,0);(0,1);(4,2) | I=(2,0) | sp=1,96,1 | ip=1
0,1,0,1,0 | 12,55,12,42,4 | S=(0,0);(0,1);(4,2) | I=(2,0) | sp=1,35,1 | ip=1
0,1,0,1,0 | 12,55,12,42,4 | S=(0,0);(0,1);(4,2) | I=(2,0) | sp=1,45,1 | ip=1
0,1,0,1,0 | 12,55,12,42,4 | S=(0,0);(0,1);(4,2) | I=(2,0) | sp=1,55,1 | ip=1
0,1,0,1,0 | 12,55,12,42,4 | S=(0,0);(0,1);(4,2) | I=(2,0) | sp=1,99930,1 | ip=1
0,1,0,1,0 | 12,55,12,42,4 | S=(0,0);(0,1);(4,2) | I=(2,0) | sp=1,945,1 | ip=1
0,1,0,1,0 | 12,55,12,42,4 | S=(0,0);(0,1);(4,2) | I=(2,0) | sp=882,884,1 | ip=1
0,1,0,1,0 | 12,55,12,42,4 | S=(0,0);(0,1);(4,2) | I=(2,0) | sp=882,24,1 | ip=1
0,1,0,1,0 | 12,55,12,42,4 | S=(0,0);(0,1);(4,2) | I=(2,0) | sp=883,883,1 | ip=1
0,1,0,1,0 | 12,55,12,42,4 | S=(0,0);(0,1);(4,2) | I=(2,0) | sp=884,882,1 | ip=1
0,1,0,1,0 | 12,55,12,42,4 | S=(0,0);(0,1);(4,2) | I=(2,0) | sp=885,1,1 | ip=1
0,1,0,1,0 | 12,55,12,42,4 | S=(0,0);(0,1);(4,2) | I=(2,0) | sp=24,882,1 | ip=1
0,1,0,1,0 | 12,55,12,42,4 | S=(0,0);(0,1);(4,2) | I=(2,0) | sp=96,1,1 | ip=1
0,1,0,1,0 | 12,55,12,42,4 | S=(0,0);(0,1);(4,2) | I=(2,0) | sp=35,1,1 | ip=1
0,1,0,1,0 | 12,55,12,42,4 | S=(0,0);(0,1);(4,2) | I=(2,0) | sp=45,1,1 | ip=1
0,1,0,1,0 | 12,55,12,42,4 | S=(0,0);(0,1);(4,2) | I=(2,0) | sp=55,1,1 | ip=1
0,1,0,1,0 | 12,55,12,42,4 | S=(0,0);(0,1);(4,2) | I=(2,0) | sp=99930,1,1 | ip=1
0,1,0,1,0 | 12,55,12,42,4 | S=(0,0);(0,1);(4,2) | I=(2,0) | sp=945,1,1 | ip=1
0,1,0,1,0 | 12,55,12,53,6 | S=(0,0);(0,1);(4,2) | I=(2,0) | sp=1,883,912 | ip=1
0,1,0,1,0 | 12,55,12,53,6 | S=(0,0);(0,1);(4,2) | I=(2,0) | sp=1,884,1 | ip=1
0,1,0,1,0 | 12,55,12,53,6 | S=(0,0);(0,1);(4,2) | I=(2,0) | sp=1,24,1 | ip=1
0,1,0,1,0 | 12,55,12,53,6 | S=(0,0);(0,1);(4,2) | I=(2,0) | sp=882,882,912 | ip=1
0,1,0,1,0 | 12,55,12,53,6 | S=(0,0);(0,1);(4,2) | I=(2,0) | sp=882,883,1 | ip=1
0,1,0,1,0 | 12,55,12,53,6 | S=(0,0);(0,1);(4,2) | I=(2,0) | sp=883,1,912 | ip=1
0,1,0,1,0 | 12,55,12,53,6 | S=(0,0);(0,1);(4,2) | I=(2,0) | sp=883,882,1 | ip=1
0,1,0,1,0 | 12,55,12,53,6 | S=(0,0);(0,1);(4,2) | I=(2,0) | sp=884,1,1 | ip=1
0,1,0,1,0 | 12,55,12,53,6 | S=(0,0);(0,1);(4,2) | I=(2,0) | sp=24,1,1 | ip=1
0,1,0,1,0 | 12,55,12,54,7 | S=(0,0);(0,1);(4,2) | I=(2,0) | sp=1,884,1 | ip=1
0,1,0,1,0 | 12,55,12,54,7 | S=(0,0);(0,1);(4,2) | I=(2,0) | sp=1,24,1 | ip=1
0,1,0,1,0 | 12,55,12,54,7 | S=(0,0);(0,1);(4,2) | I=(2,0) | sp=882,883,1 | ip=1
0,1,0,1,0 | 12,55,12,54,7 | S=(0,0);(0,1);(4,2) | I=(2,0) | sp=883,882,1 | ip=1
0,1,0,1,0 | 12,55,12,54,7 | S=(0,0);(0,1);(4,2) | I=(2,0) | sp=884,1,1 | ip=1
0,1,0,1,0 | 12,55,12,54,7 | S=(0,0);(0,1);(4,2) | I=(2,0) | sp=24,1,1 | ip=1
0,1,0,1,0 | 12,55,12,54,8 | S=(0,0);(0,1);(4,2) | I=(2,0) | sp=1,882,98 | ip=1
0,1,0,1,0 | 12,55,12,54,8 | S=(0,0);(0,1);(4,2) | I=(2,0) | sp=1,883,97 | ip=1
0,1,0,1,0 | 12,55,12,54,8 | S=(0,0);(0,1);(4,2) | I=(2,0) | sp=1,884,882 | ip=1
0,1,0,1,0 | 12,55,12,54,8 | S=(0,0);(0,1);(4,2) | I=(2,0) | sp=1,24,882 | ip=1
0,1,0,1,0 | 12,55,12,54,8 | S=(0,0);(0,1);(4,2) | I=(2,0) | sp=1,9912,1 | ip=1
0,1,0,1,0 | 12,55,12,54,8 | S=(0,0);(0,1);(4,2) | I=(2,0) | sp=882,1,98 | ip=1
0,1,0,1,0 | 12,55,12,54,8 | S=(0,0);(0,1);(4,2) | I=(2,0) | sp=882,882,97 | ip=1
0,1,0,1,0 | 12,55,12,54,8 | S=(0,0);(0,1);(4,2) | I=(2,0) | sp=882,883,882 | ip=1
0,1,0,1,0 | 12,55,12,54,8 | S=(0,0);(0,1);(4,2) | I=(2,0) | sp=882,93,1 | ip=1
0,1,0,1,0 | 12,55,12,54,8 | S=(0,0);(0,1);(4,2) | I=(2,0) | sp=883,1,97 | ip=1
0,1,0,1,0 | 12,55,12,54,8 | S=(0,0);(0,1);(4,2) | I=(2,0) | sp=883,882,882 | ip=1
0,1,0,1,0 | 12,55,12,54,8 | S=(0,0);(0,1);(4,2) | I=(2,0) | sp=884,1,882 | ip=1
0,1,0,1,0 | 12,55,12,54,8 | S=(0,0);(0,1);(4,2) | I=(2,0) | sp=24,1,882 | ip=1
0,1,0,1,0 | 12,55,12,54,8 | S=(0,0);(0,1);(4,2) | I=(2,0) | sp=93,882,1 | ip=1
0,1,0,1,0 | 12,55,12,54,8 | S=(0,0);(0,1);(4,2) | I=(2,0) | sp=9912,1,1 | ip=1
0,1,0,1,0 | 12,55,12,55,8 | S=(0,0);(0,1);(4,2) | I=(2,0) | sp=1,884,1 | ip=1
0,1,0,1,0 | 12,55,12,55,8 | S=(0,0);(0,1);(4,2) | I=(2,0) | sp=1,24,1 | ip=1
0,1,0,1,0 | 12,55,12,55,8 | S=(0,0);(0,1);(4,2) | I=(2,0) | sp=882,883,1 | ip=1
0,1,0,1,0 | 12,55,12,55,8 | S=(0,0);(0,1);(4,2) | I=(2,0) | sp=883,882,1 | ip=1
0,1,0,1,0 | 12,55,12,55,8 | S=(0,0);(0,1);(4,2) | I=(2,0) | sp=884,1,1 | ip=1
0,1,0,1,0 | 12,55,12,55,8 | S=(0,0);(0,1);(4,2) | I=(2,0) | sp=24,1,1 | ip=1
0,1,0,1,0 | 12,55,12,55,12 | S=(0,0);(0,1);(4,2) | I=(2,0) | sp=1,883,947 | ip=1
0,1,0,1,0 | 12,55,12,55,12 | S=(0,0);(0,1);(4,2) | I=(2,0) | sp=1,884,885 | ip=1
0,1,0,1,0 | 12,55,12,55,12 | S=(0,0);(0,1);(4,2) | I=(2,0) | sp=1,884,96 | ip=1
0,1,0,1,0 | 12,55,12,55,12 | S=(0,0);(0,1);(4,2) | I=(2,0) | sp=1,884,35 | ip=1
0,1,0,1,0 | 12,55,12,55,12 | S=(0,0);(0,1);(4,2) | I=(2,0) | sp=1,884,45 | ip=1
0,1,0,1,0 | 12,55,12,55,12 | S=(0,0);(0,1);(4,2) | I=(2,0) | sp=1,884,55 | ip=1
0,1,0,1,0 | 12,55,12,55,12 | S=(0,0);(0,1);(4,2) | I=(2,0) | sp=1,884,99930 | ip=1
0,1,0,1,0 | 12,55,12,55,12 | S=(0,0);(0,1);(4,2) | I=(2,0) | sp=1,884,945 | ip=1
0,1,0,1,0 | 12,55,12,55,12 | S=(0,0);(0,1);(4,2) | I=(2,0) | sp=1,24,885 | ip=1
0,1,0,1,0 | 12,55,12,55,12 | S=(0,0);(0,1);(4,2) | I=(2,0) | sp=1,24,96 | ip=1
0,1,0,1,0 | 12,55,12,55,12 | S=(0,0);(0,1);(4,2) | I=(2,0) | sp=1,24,35 | ip=1
0,1,0,1,0 | 12,55,12,55,12 | S=(0,0);(0,1);(4,2) | I=(2,0) | sp=1,24,45 | ip=1
0,1,0,1,0 | 12,55,12,55,12 | S=(0,0);(0,1);(4,2) | I=(2,0) | sp=1,24,55 | ip=1
0,1,0,1,0 | 12,55,12,55,12 | S=(0,0);(0,1);(4,2) | I=(2,0) | sp=1,24,99930 | ip=1
0,1,0,1,0 | 12,55,12,55,12 | S=(0,0);(0,1);(4,2) | I=(2,0) | sp=1,24,945 | ip=1
0,1,0,1,0 | 12,55,12,55,12 | S=(0,0);(0,1);(4,2) | I=(2,0) | sp=1,9912,884 | ip=1
0,1,0,1,0 | 12,55,12,55,12 | S=(0,0);(0,1);(4,2) | I=(2,0) | sp=1,9912,24 | ip=1
0,1,0,1,0 | 12,55,12,55,12 | S=(0,0);(0,1);(4,2) | I=(2,0) | sp=1,918,9912 | ip=1
0,1,0,1,0 | 12,55,12,55,12 | S=(0,0);(0,1);(4,2) | I=(2,0) | sp=1,920,882 | ip=1
0,1,0,1,0 | 12,55,12,55,12 | S=(0,0);(0,1);(4,2) | I=(2,0) | sp=1,921,1 | ip=1
0,1,0,1,0 | 12,55,12,55,12 | S=(0,0);(0,1);(4,2) | I=(2,0) | sp=1,922,883 | ip=1
0,1,0,1,0 | 12,55,12,55,12 | S=(0,0);(0,1);(4,2) | I=(2,0) | sp=882,882,947 | ip=1
0,1,0,1,0 | 12,55,12,55,12 | S=(0,0);(0,1);(4,2) | I=(2,0) | sp=882,883,885 | ip=1
0,1,0,1,0 | 12,55,12,55,12 | S=(0,0);(0,1);(4,2) | I=(2,0) | sp=882,883,96 | ip=1
0,1,0,1,0 | 12,55,12,55,12 | S=(0,0);(0,1);(4,2) | I=(2,0) | sp=882,883,35 | ip=1
0,1,0,1,0 | 12,55,12,55,12 | S=(0,0);(0,1);(4,2) | I=(2,0) | sp=882,883,45 | ip=1
0,1,0,1,0 | 12,55,12,55,12 | S=(0,0);(0,1);(4,2) | I=(2,0) | sp=882,883,55 | ip=1
0,1,0,1,0 | 12,55,12,55,12 | S=(0,0);(0,1);(4,2) | I=(2,0) | sp=882,883,99930 | ip=1
0,1,0,1,0 | 12,55,12,55,12 | S=(0,0);(0,1);(4,2) | I=(2,0) | sp=882,883,945 | ip=1
0,1,0,1,0 | 12,55,12,55,12 | S=(0,0);(0,1);(4,2) | I=(2,0) | sp=882,93,884 | ip=1
0,1,0,1,0 | 12,55,12,55,12 | S=(0,0);(0,1);(4,2) | I=(2,0) | sp=882,93,24 | ip=1
0,1,0,1,0 | 12,55,12,55,12 | S=(0,0);(0,1);(4,2) | I=(2,0) | sp=883,1,947 | ip=1
0,1,0,1,0 | 12,55,12,55,12 | S=(0,0);(0,1);(4,2) | I=(2,0) | sp=883,882,885 | ip=1
0,1,0,1,0 | 12,55,12,55,12 | S=(0,0);(0,1);(4,2) | I=(2,0) | sp=883,882,96 | ip=1
0,1,0,1,0 | 12,55,12,55,12 | S=(0,0);(0,1);(4,2) | I=(2,0) | sp=883,882,35 | ip=1
0,1,0,1,0 | 12,55,12,55,12 | S=(0,0);(0,1);(4,2) | I=(2,0) | sp=883,882,45 | ip=1
0,1,0,1,0 | 12,55,12,55,12 | S=(0,0);(0,1);(4,2) | I=(2,0) | sp=883,882,55 | ip=1
0,1,0,1,0 | 12,55,12,55,12 | S=(0,0);(0,1);(4,2) | I=(2,0) | sp=883,882,99930 | ip=1
0,1,0,1,0 | 12,55,12,55,12 | S=(0,0);(0,1);(4,2) | I=(2,0) | sp=883,882,945 | ip=1
0,1,0,1,0 | 12,55,12,55,12 | S=(0,0);(0,1);(4,2) | I=(2,0) | sp=884,1,885 | ip=1
0,1,0,1,0 | 12,55,12,55,12 | S=(0,0);(0,1);(4,2) | I=(2,0) | sp=884,1,96 | ip=1
0,1,0,1,0 | 12,55,12,55,12 | S=(0,0);(0,1);(4,2) | I=(2,0) | sp=884,1,35 | ip=1
0,1,0,1,0 | 12,55,12,55,12 | S=(0,0);(0,1);(4,2) | I=(2,0) | sp=884,1,45 | ip=1
0,1,0,1,0 | 12,55,12,55,12 | S=(0,0);(0,1);(4,2) | I=(2,0) | sp=884,1,55 | ip=1
0,1,0,1,0 | 12,55,12,55,12 | S=(0,0);(0,1);(4,2) | I=(2,0) | sp=884,1,99930 | ip=1
0,1,0,1,0 | 12,55,12,55,12 | S=(0,0);(0,1);(4,2) | I=(2,0) | sp=884,1,945 | ip=1
0,1,0,1,0 | 12,55,12,55,12 | S=(0,0);(0,1);(4,2) | I=(2,0) | sp=24,1,885 | ip=1
0,1,0,1,0 | 12,55,12,55,12 | S=(0,0);(0,1);(4,2) | I=(2,0) | sp=24,1,96 | ip=1
0,1,0,1,0 | 12,55,12,55,12 | S=(0,0);(0,1);(4,2) | I=(2,0) | sp=24,1,35 | ip=1
0,1,0,1,0 | 12,55,12,55,12 | S=(0,0);(0,1);(4,2) | I=(2,0) | sp=24,1,45 | ip=1
0,1,0,1,0 | 12,55,12,55,12 | S=(0,0);(0,1);(4,2) | I=(2,0) | sp=24,1,55 | ip=1
0,1,0,1,0 | 12,55,12,55,12 | S=(0,0);(0,1);(4,2) | I=(2,0) | sp=24,1,99930 | ip=1
0,1,0,1,0 | 12,55,12,55,12 | S=(0,0);(0,1);(4,2) | I=(2,0) | sp=24,1,945 | ip=1
0,1,0,1,0 | 12,55,12,55,12 | S=(0,0);(0,1);(4,2) | I=(2,0) | sp=93,882,884 | ip=1
0,1,0,1,0 | 12,55,12,55,12 | S=(0,0);(0,1);(4,2) | I=(2,0) | sp=93,882,24 | ip=1
0,1,0,1,0 | 12,55,12,55,12 | S=(0,0);(0,1);(4,2) | I=(2,0) | sp=9912,1,884 | ip=1
0,1,0,1,0 | 12,55,12,55,12 | S=(0,0);(0,1);(4,2) | I=(2,0) | sp=9912,1,24 | ip=1
0,1,0,1,0 | 12,55,12,55,12 | S=(0,0);(0,1);(4,2) | I=(2,0) | sp=918,1,9912 | ip=1
0,1,0,1,0 | 12,55,12,55,12 | S=(0,0);(0,1);(4,2) | I=(2,0) | sp=920,1,882 | ip=1
0,1,0,1,0 | 12,55,12,55,12 | S=(0,0);(0,1);(4,2) | I=(2,0) | sp=921,1,1 | ip=1
0,1,0,1,0 | 12,55,12,55,12 | S=(0,0);(0,1);(4,2) | I=(2,0) | sp=922,1,883 | ip=1
