0,1,0,1,0 | 4,11,4,11,4 | S=(0,0) | I=(2,0) | sp=912 | ip=1
0,1,0,1,0 | 4,24,12,53,4 | S=(0,0) | I=(2,0) | sp=1 | ip=1
0,1,0,1,0 | 4,24,12,55,6 | S=(0,0) | I=(2,0) | sp=1 | ip=1
0,1,0,1,0 | 6,22,6,22,4 | S=(0,0) | I=(2,0) | sp=882 | ip=1
0,1,0,1,0 | 6,22,6,22,4 | S=(0,0) | I=(2,0) | sp=22 | ip=1
0,1,0,1,0 | 6,22,6,22,6 | S=(0,0) | I=(2,0) | sp=98 | ip=1
0,1,0,1,0 | 6,22,6,22,6 | S=(0,0) | I=(2,0) | sp=938 | ip=1
0,1,0,1,0 | 6,33,8,32,4 | S=(0,0) | I=(2,0) | sp=1 | ip=1
0,1,0,1,0 | 6,33,8,33,6 | S=(0,0) | I=(2,0) | sp=912 | ip=1
0,1,0,1,0 | 6,35,12,42,4 | S=(0,0) | I=(2,0) | sp=1 | ip=882
0,1,0,1,0 | 6,35,12,42,4 | S=(0,0) | I=(2,0) | sp=934 | ip=1
0,1,0,1,0 | 6,35,12,53,6 | S=(0,0) | I=(2,0) | sp=912 | ip=1
0,1,0,1,0 | 6,35,12,54,6 | S=(0,0) | I=(2,0) | sp=1 | ip=1
0,1,0,1,0 | 6,35,12,54,7 | S=(0,0) | I=(2,0) | sp=912 | ip=1
0,1,0,1,0 | 6,35,12,55,7 | S=(0,0) | I=(2,0) | sp=1 | ip=1
0,1,0,1,0 | 6,35,12,55,8 | S=(0,0) | I=(2,0) | sp=912 | ip=1
0,1,0,1,0 | 7,33,8,32,4 | S=(0,0) | I=(2,0) | sp=882 | ip=1
0,1,0,1,0 | 7,33,8,33,6 | S=(0,0) | I=(2,0) | sp=97 | ip=1
0,1,0,1,0 | 7,33,8,33,7 | S=(0,0) | I=(2,0) | sp=98 | ip=1
0,1,0,1,0 | 7,45,12,42,4 | S=(0,0) | I=(2,0) | sp=1 | ip=882
0,1,0,1,0 | 7,45,12,54,6 | S=(0,0) | I=(2,0) | sp=1 | ip=1
0,1,0,1,0 | 7,45,12,55,7 | S=(0,0) | I=(2,0) | sp=1 | ip=1
0,1,0,1,0 | 8,33,8,32,4 | S=(0,0) | I=(2,0) | sp=883 | ip=1
0,1,0,1,0 | 8,33,8,32,4 | S=(0,0) | I=(2,0) | sp=23 | ip=1
0,1,0,1,0 | 8,33,8,32,4 | S=(0,0) | I=(2,0) | sp=33 | ip=1
0,1,0,1,0 | 8,33,8,33,6 | S=(0,0) | I=(2,0) | sp=93 | ip=1
0,1,0,1,0 | 8,33,8,33,6 | S=(0,0) | I=(2,0) | sp=9913 | ip=1
0,1,0,1,0 | 8,33,8,33,6 | S=(0,0) | I=(2,0) | sp=925 | ip=1
0,1,0,1,0 | 8,33,8,33,7 | S=(0,0) | I=(2,0) | sp=929 | ip=1
0,1,0,1,0 | 8,33,8,33,8 | S=(0,0) | I=(2,0) | sp=927 | ip=1
0,1,0,1,0 | 8,45,12,42,4 | S=(0,0) | I=(2,0) | sp=882 | ip=882
0,1,0,1,0 | 8,45,12,42,4 | S=(0,0) | I=(2,0) | sp=924 | ip=1
0,1,0,1,0 | 8,45,12,53,6 | S=(0,0) | I=(2,0) | sp=97 | ip=1
0,1,0,1,0 | 8,45,12,54,6 | S=(0,0) | I=(2,0) | sp=882 | ip=1
0,1,0,1,0 | 8,45,12,54,7 | S=(0,0) | I=(2,0) | sp=97 | ip=1
0,1,0,1,0 | 8,45,12,54,8 | S=(0,0) | I=(2,0) | sp=98 | ip=1
0,1,0,1,0 | 8,45,12,55,7 | S=(0,0) | I=(2,0) | sp=882 | ip=1
0,1,0,1,0 | 8,45,12,55,8 | S=(0,0) | I=(2,0) | sp=97 | ip=1
0,1,0,1,0 | 8,55,12,42,4 | S=(0,0) | I=(2,0) | sp=1 | ip=882
0,1,0,1,0 | 8,55,12,54,6 | S=(0,0) | I=(2,0) | sp=1 | ip=1
0,1,0,1,0 | 8,55,12,55,7 | S=(0,0) | I=(2,0) | sp=1 | ip=1
0,1,0,1,0 | 12,55,12,42,4 | S=(0,0) | I=(2,0) | sp=885 | ip=882
0,1,0,1,0 | 12,55,12,42,4 | S=(0,0) | I=(2,0) | sp=96 | ip=882
0,1,0,1,0 | 12,55,12,42,4 | S=(0,0) | I=(2,0) | sp=35 | ip=882
0,1,0,1,0 | 12,55,12,42,4 | S=(0,0) | I=(2,0) | sp=45 | ip=882
0,1,0,1,0 | 12,55,12,42,4 | S=(0,0) | I=(2,0) | sp=55 | ip=882
0,1,0,1,0 | 12,55,12,42,4 | S=(0,0) | I=(2,0) | sp=99930 | ip=882
0,1,0,1,0 | 12,55,12,42,4 | S=(0,0) | I=(2,0) | sp=945 | ip=882
0,1,0,1,0 | 12,55,12,53,6 | S=(0,0) | I=(2,0) | sp=947 | ip=1
0,1,0,1,0 | 12,55,12,54,6 | S=(0,0) | I=(2,0) | sp=885 | ip=1
0,1,0,1,0 | 12,55,12,54,6 | S=(0,0) | I=(2,0) | sp=96 | ip=1
0,1,0,1,0 | 12,55,12,54,6 | S=(0,0) | I=(2,0) | sp=35 | ip=1
0,1,0,1,0 | 12,55,12,54,6 | S=(0,0) | I=(2,0) | sp=45 | ip=1
0,1,0,1,0 | 12,55,12,54,6 | S=(0,0) | I=(2,0) | sp=55 | ip=1
0,1,0,1,0 | 12,55,12,54,6 | S=(0,0) | I=(2,0) | sp=99930 | ip=1
0,1,0,1,0 | 12,55,12,54,6 | S=(0,0) | I=(2,0) | sp=945 | ip=1
0,1,0,1,0 | 12,55,12,54,7 | S=(0,0) | I=(2,0) | sp=947 | ip=1
0,1,0,1,0 | 12,55,12,55,7 | S=(0,0) | I=(2,0) | sp=885 | ip=1
0,1,0,1,0 | 12,55,12,55,7 | S=(0,0) | I=(2,0) | sp=96 | ip=1
0,1,0,1,0 | 12,55,12,55,7 | S=(0,0) | I=(2,0) | sp=35 | ip=1
0,1,0,1,0 | 12,55,12,55,7 | S=(0,0) | I=(2,0) | sp=45 | ip=1
0,1,0,1,0 | 12,55,12,55,7 | S=(0,0) | I=(2,0) | sp=55 | ip=1
0,1,0,1,0 | 12,55,12,55,7 | S=(0,0) | I=(2,0) | sp=99930 | ip=1
0,1,0,1,0 | 12,55,12,55,7 | S=(0,0) | I=(2,0) | sp=945 | ip=1
0,1,0,1,0 | 12,55,12,55,8 | S=(0,0) | I=(2,0) | sp=947 | ip=1
