0,1,0,1,0 | 4,11,4,11,4 | S=(0,0);(4,1) | I=(2,0) | sp=1,1 | ip=1
0,1,0,1,0 | 4,24,12,42,4 | S=(0,0);(4,1) | I=(2,0) | sp=1,912 | ip=1
0,1,0,1,0 | 4,24,12,42,4 | S=(0,0);(4,1) | I=(2,0) | sp=1,1 | ip=882
0,1,0,1,0 | 4,24,12,42,4 | S=(0,0);(4,1) | I=(2,0) | sp=912,1 | ip=1
0,1,0,1,0 | 4,24,12,53,6 | S=(0,0);(4,1) | I=(2,0) | sp=1,882 | ip=1
0,1,0,1,0 | 4,24,12,53,6 | S=(0,0);(4,1) | I=(2,0) | sp=1,22 | ip=1
0,1,0,1,0 | 4,24,12,54,6 | S=(0,0);(4,1) | I=(2,0) | sp=1,1 | ip=1
0,1,0,1,0 | 4,24,12,54,7 | S=(0,0);(4,1) | I=(2,0) | sp=1,882 | ip=1
0,1,0,1,0 | 4,24,12,54,8 | S=(0,0);(4,1) | I=(2,0) | sp=1,883 | ip=1
0,1,0,1,0 | 4,24,12,54,8 | S=(0,0);(4,1) | I=(2,0) | sp=1,23 | ip=1
0,1,0,1,0 | 4,24,12,54,8 | S=(0,0);(4,1) | I=(2,0) | sp=1,33 | ip=1
0,1,0,1,0 | 4,24,12,55,7 | S=(0,0);(4,1) | I=(2,0) | sp=1,1 | ip=1
0,1,0,1,0 | 4,24,12,55,8 | S=(0,0);(4,1) | I=(2,0) | sp=1,882 | ip=1
0,1,0,1,0 | 4,24,12,55,12 | S=(0,0);(4,1) | I=(2,0) | sp=1,886 | ip=1
0,1,0,1,0 | 4,24,12,55,12 | S=(0,0);(4,1) | I=(2,0) | sp=1,94 | ip=1
0,1,0,1,0 | 4,24,12,55,12 | S=(0,0);(4,1) | I=(2,0) | sp=1,996 | ip=1
0,1,0,1,0 | 4,24,12,55,12 | S=(0,0);(4,1) | I=(2,0) | sp=1,919 | ip=1
0,1,0,1,0 | 4,24,12,55,12 | S=(0,0);(4,1) | I=(2,0) | sp=1,9915 | ip=1
0,1,0,1,0 | 4,24,12,55,12 | S=(0,0);(4,1) | I=(2,0) | sp=1,946 | ip=1
0,1,0,1,0 | 6,22,6,22,6 | S=(0,0);(4,1) | I=(2,0) | sp=1,97 | ip=1
0,1,0,1,0 | 6,22,6,22,6 | S=(0,0);(4,1) | I=(2,0) | sp=882,882 | ip=1
0,1,0,1,0 | 6,22,6,22,6 | S=(0,0);(4,1) | I=(2,0) | sp=882,22 | ip=1
0,1,0,1,0 | 6,22,6,22,6 | S=(0,0);(4,1) | I=(2,0) | sp=22,882 | ip=1
0,1,0,1,0 | 6,22,6,22,6 | S=(0,0);(4,1) | I=(2,0) | sp=22,22 | ip=1
0,1,0,1,0 | 6,22,6,22,6 | S=(0,0);(4,1) | I=(2,0) | sp=97,1 | ip=1
0,1,0,1,0 | 6,22,6,22,6 | S=(0,0);(4,1) | I=(2,0) | sp=912,934 | ip=1
0,1,0,1,0 | 6,22,6,22,6 | S=(0,0);(4,1) | I=(2,0) | sp=934,912 | ip=1
0,1,0,1,0 | 6,33,8,33,6 | S=(0,0);(4,1) | I=(2,0) | sp=1,1 | ip=1
0,1,0,1,0 | 6,33,8,33,7 | S=(0,0);(4,1) | I=(2,0) | sp=1,882 | ip=1
0,1,0,1,0 | 6,33,8,33,7 | S=(0,0);(4,1) | I=(2,0) | sp=912,1 | ip=1
0,1,0,1,0 | 6,33,8,33,8 | S=(0,0);(4,1) | I=(2,0) | sp=1,883 | ip=1
0,1,0,1,0 | 6,33,8,33,8 | S=(0,0);(4,1) | I=(2,0) | sp=1,23 | ip=1
0,1,0,1,0 | 6,33,8,33,8 | S=(0,0);(4,1) | I=(2,0) | sp=1,33 | ip=1
0,1,0,1,0 | 6,33,8,33,8 | S=(0,0);(4,1) | I=(2,0) | sp=912,882 | ip=1
0,1,0,1,0 | 6,35,12,42,4 | S=(0,0);(4,1) | I=(2,0) | sp=882,1 | ip=1
0,1,0,1,0 | 6,35,12,42,4 | S=(0,0);(4,1) | I=(2,0) | sp=22,1 | ip=1
0,1,0,1,0 | 6,35,12,53,6 | S=(0,0);(4,1) | I=(2,0) | sp=1,1 | ip=1
0,1,0,1,0 | 6,35,12,54,7 | S=(0,0);(4,1) | I=(2,0) | sp=1,1 | ip=1
0,1,0,1,0 | 6,35,12,54,8 | S=(0,0);(4,1) | I=(2,0) | sp=1,882 | ip=1
0,1,0,1,0 | 6,35,12,54,8 | S=(0,0);(4,1) | I=(2,0) | sp=912,1 | ip=1
0,1,0,1,0 | 6,35,12,55,8 | S=(0,0);(4,1) | I=(2,0) | sp=1,1 | ip=1
0,1,0,1,0 | 6,35,12,55,12 | S=(0,0);(4,1) | I=(2,0) | sp=1,885 | ip=1
0,1,0,1,0 | 6,35,12,55,12 | S=(0,0);(4,1) | I=(2,0) | sp=1,96 | ip=1
0,1,0,1,0 | 6,35,12,55,12 | S=(0,0);(4,1) | I=(2,0) | sp=1,35 | ip=1
0,1,0,1,0 | 6,35,12,55,12 | S=(0,0);(4,1) | I=(2,0) | sp=1,45 | ip=1
0,1,0,1,0 | 6,35,12,55,12 | S=(0,0);(4,1) | I=(2,0) | sp=1,55 | ip=1
0,1,0,1,0 | 6,35,12,55,12 | S=(0,0);(4,1) | I=(2,0) | sp=1,99930 | ip=1
0,1,0,1,0 | 6,35,12,55,12 | S=(0,0);(4,1) | I=(2,0) | sp=1,945 | ip=1
0,1,0,1,0 | 6,35,12,55,12 | S=(0,0);(4,1) | I=(2,0) | sp=912,884 | ip=1
0,1,0,1,0 | 6,35,12,55,12 | S=(0,0);(4,1) | I=(2,0) | sp=912,24 | ip=1
0,1,0,1,0 | 6,45,12,42,4 | S=(0,0);(4,1) | I=(2,0) | sp=1,1 | ip=1
0,1,0,1,0 | 7,33,8,33,6 | S=(0,0);(4,1) | I=(2,0) | sp=1,912 | ip=1
0,1,0,1,0 | 7,33,8,33,6 | S=(0,0);(4,1) | I=(2,0) | sp=882,1 | ip=1
0,1,0,1,0 | 7,33,8,33,7 | S=(0,0);(4,1) | I=(2,0) | sp=1,97 | ip=1
0,1,0,1,0 | 7,33,8,33,7 | S=(0,0);(4,1) | I=(2,0) | sp=882,882 | ip=1
0,1,0,1,0 | 7,33,8,33,7 | S=(0,0);(4,1) | I=(2,0) | sp=97,1 | ip=1
0,1,0,1,0 | 7,33,8,33,8 | S=(0,0);(4,1) | I=(2,0) | sp=1,93 | ip=1
0,1,0,1,0 | 7,33,8,33,8 | S=(0,0);(4,1) | I=(2,0) | sp=1,9913 | ip=1
0,1,0,1,0 | 7,33,8,33,8 | S=(0,0);(4,1) | I=(2,0) | sp=1,925 | ip=1
0,1,0,1,0 | 7,33,8,33,8 | S=(0,0);(4,1) | I=(2,0) | sp=882,883 | ip=1
0,1,0,1,0 | 7,33,8,33,8 | S=(0,0);(4,1) | I=(2,0) | sp=882,23 | ip=1
0,1,0,1,0 | 7,33,8,33,8 | S=(0,0);(4,1) | I=(2,0) | sp=882,33 | ip=1
0,1,0,1,0 | 7,33,8,33,8 | S=(0,0);(4,1) | I=(2,0) | sp=97,882 | ip=1
0,1,0,1,0 | 7,33,8,33,8 | S=(0,0);(4,1) | I=(2,0) | sp=98,1 | ip=1
0,1,0,1,0 | 7,45,12,42,4 | S=(0,0);(4,1) | I=(2,0) | sp=882,1 | ip=1
0,1,0,1,0 | 7,45,12,53,6 | S=(0,0);(4,1) | I=(2,0) | sp=1,1 | ip=1
0,1,0,1,0 | 7,45,12,54,7 | S=(0,0);(4,1) | I=(2,0) | sp=1,1 | ip=1
0,1,0,1,0 | 7,45,12,54,8 | S=(0,0);(4,1) | I=(2,0) | sp=1,882 | ip=1
0,1,0,1,0 | 7,45,12,55,8 | S=(0,0);(4,1) | I=(2,0) | sp=1,1 | ip=1
0,1,0,1,0 | 7,45,12,55,12 | S=(0,0);(4,1) | I=(2,0) | sp=1,885 | ip=1
0,1,0,1,0 | 7,45,12,55,12 | S=(0,0);(4,1) | I=(2,0) | sp=1,96 | ip=1
0,1,0,1,0 | 7,45,12,55,12 | S=(0,0);(4,1) | I=(2,0) | sp=1,35 | ip=1
0,1,0,1,0 | 7,45,12,55,12 | S=(0,0);(4,1) | I=(2,0) | sp=1,45 | ip=1
0,1,0,1,0 | 7,45,12,55,12 | S=(0,0);(4,1) | I=(2,0) | sp=1,55 | ip=1
0,1,0,1,0 | 7,45,12,55,12 | S=(0,0);(4,1) | I=(2,0) | sp=1,99930 | ip=1
0,1,0,1,0 | 7,45,12,55,12 | S=(0,0);(4,1) | I=(2,0) | sp=1,945 | ip=1
0,1,0,1,0 | 7,55,12,42,4 | S=(0,0);(4,1) | I=(2,0) | sp=1,1 | ip=1
0,1,0,1,0 | 8,33,8,33,6 | S=(0,0);(4,1) | I=(2,0) | sp=882,912 | ip=1
0,1,0,1,0 | 8,33,8,33,6 | S=(0,0);(4,1) | I=(2,0) | sp=883,1 | ip=1
0,1,0,1,0 | 8,33,8,33,6 | S=(0,0);(4,1) | I=(2,0) | sp=23,1 | ip=1
0,1,0,1,0 | 8,33,8,33,6 | S=(0,0);(4,1) | I=(2,0) | sp=33,1 | ip=1
0,1,0,1,0 | 8,33,8,33,7 | S=(0,0);(4,1) | I=(2,0) | sp=1,98 | ip=1
0,1,0,1,0 | 8,33,8,33,7 | S=(0,0);(4,1) | I=(2,0) | sp=882,97 | ip=1
0,1,0,1,0 | 8,33,8,33,7 | S=(0,0);(4,1) | I=(2,0) | sp=883,882 | ip=1
0,1,0,1,0 | 8,33,8,33,7 | S=(0,0);(4,1) | I=(2,0) | sp=23,882 | ip=1
0,1,0,1,0 | 8,33,8,33,7 | S=(0,0);(4,1) | I=(2,0) | sp=33,882 | ip=1
0,1,0,1,0 | 8,33,8,33,7 | S=(0,0);(4,1) | I=(2,0) | sp=93,1 | ip=1
0,1,0,1,0 | 8,33,8,33,7 | S=(0,0);(4,1) | I=(2,0) | sp=9913,1 | ip=1
0,1,0,1,0 | 8,33,8,33,7 | S=(0,0);(4,1) | I=(2,0) | sp=925,1 | ip=1
0,1,0,1,0 | 8,33,8,33,8 | S=(0,0);(4,1) | I=(2,0) | sp=1,929 | ip=1
0,1,0,1,0 | 8,33,8,33,8 | S=(0,0);(4,1) | I=(2,0) | sp=882,93 | ip=1
0,1,0,1,0 | 8,33,8,33,8 | S=(0,0);(4,1) | I=(2,0) | sp=882,9913 | ip=1
0,1,0,1,0 | 8,33,8,33,8 | S=(0,0);(4,1) | I=(2,0) | sp=882,925 | ip=1
0,1,0,1,0 | 8,33,8,33,8 | S=(0,0);(4,1) | I=(2,0) | sp=883,883 | ip=1
0,1,0,1,0 | 8,33,8,33,8 | S=(0,0);(4,1) | I=(2,0) | sp=883,23 | ip=1
0,1,0,1,0 | 8,33,8,33,8 | S=(0,0);(4,1) | I=(2,0) | sp=883,33 | ip=1
0,1,0,1,0 | 8,33,8,33,8 | S=(0,0);(4,1) | I=(2,0) | sp=23,883 | ip=1
0,1,0,1,0 | 8,33,8,33,8 | S=(0,0);(4,1) | I=(2,0) | sp=23,23 | ip=1
0,1,0,1,0 | 8,33,8,33,8 | S=(0,0);(4,1) | I=(2,0) | sp=23,33 | ip=1
0,1,0,1,0 | 8,33,8,33,8 | S=(0,0);(4,1) | I=(2,0) | sp=33,883 | ip=1
0,1,0,1,0 | 8,33,8,33,8 | S=(0,0);(4,1) | I=(2,0) | sp=33,23 | ip=1
0,1,0,1,0 | 8,33,8,33,8 | S=(0,0);(4,1) | I=(2,0) | sp=33,33 | ip=1
0,1,0,1,0 | 8,33,8,33,8 | S=(0,0);(4,1) | I=(2,0) | sp=93,882 | ip=1
0,1,0,1,0 | 8,33,8,33,8 | S=(0,0);(4,1) | I=(2,0) | sp=97,924 | ip=1
0,1,0,1,0 | 8,33,8,33,8 | S=(0,0);(4,1) | I=(2,0) | sp=9913,882 | ip=1
0,1,0,1,0 | 8,33,8,33,8 | S=(0,0);(4,1) | I=(2,0) | sp=924,97 | ip=1
0,1,0,1,0 | 8,33,8,33,8 | S=(0,0);(4,1) | I=(2,0) | sp=925,882 | ip=1
0,1,0,1,0 | 8,33,8,33,8 | S=(0,0);(4,1) | I=(2,0) | sp=929,1 | ip=1
0,1,0,1,0 | 8,45,12,42,4 | S=(0,0);(4,1) | I=(2,0) | sp=883,1 | ip=1
0,1,0,1,0 | 8,45,12,42,4 | S=(0,0);(4,1) | I=(2,0) | sp=23,1 | ip=1
0,1,0,1,0 | 8,45,12,42,4 | S=(0,0);(4,1) | I=(2,0) | sp=33,1 | ip=1
0,1,0,1,0 | 8,45,12,53,6 | S=(0,0);(4,1) | I=(2,0) | sp=1,912 | ip=1
0,1,0,1,0 | 8,45,12,53,6 | S=(0,0);(4,1) | I=(2,0) | sp=882,1 | ip=1
0,1,0,1,0 | 8,45,12,54,7 | S=(0,0);(4,1) | I=(2,0) | sp=882,1 | ip=1
0,1,0,1,0 | 8,45,12,54,8 | S=(0,0);(4,1) | I=(2,0) | sp=1,97 | ip=1
0,1,0,1,0 | 8,45,12,54,8 | S=(0,0);(4,1) | I=(2,0) | sp=882,882 | ip=1
0,1,0,1,0 | 8,45,12,54,8 | S=(0,0);(4,1) | I=(2,0) | sp=97,1 | ip=1
0,1,0,1,0 | 8,45,12,55,8 | S=(0,0);(4,1) | I=(2,0) | sp=882,1 | ip=1
0,1,0,1,0 | 8,45,12,55,12 | S=(0,0);(4,1) | I=(2,0) | sp=1,947 | ip=1
0,1,0,1,0 | 8,45,12,55,12 | S=(0,0);(4,1) | I=(2,0) | sp=882,885 | ip=1
0,1,0,1,0 | 8,45,12,55,12 | S=(0,0);(4,1) | I=(2,0) | sp=882,96 | ip=1
0,1,0,1,0 | 8,45,12,55,12 | S=(0,0);(4,1) | I=(2,0) | sp=882,35 | ip=1
0,1,0,1,0 | 8,45,12,55,12 | S=(0,0);(4,1) | I=(2,0) | sp=882,45 | ip=1
0,1,0,1,0 | 8,45,12,55,12 | S=(0,0);(4,1) | I=(2,0) | sp=882,55 | ip=1
0,1,0,1,0 | 8,45,12,55,12 | S=(0,0);(4,1) | I=(2,0) | sp=882,99930 | ip=1
0,1,0,1,0 | 8,45,12,55,12 | S=(0,0);(4,1) | I=(2,0) | sp=882,945 | ip=1
0,1,0,1,0 | 8,45,12,55,12 | S=(0,0);(4,1) | I=(2,0) | sp=97,884 | ip=1
0,1,0,1,0 | 8,45,12,55,12 | S=(0,0);(4,1) | I=(2,0) | sp=97,24 | ip=1
0,1,0,1,0 | 8,45,12,55,12 | S=(0,0);(4,1) | I=(2,0) | sp=98,883 | ip=1
0,1,0,1,0 | 8,55,12,42,4 | S=(0,0);(4,1) | I=(2,0) | sp=882,1 | ip=1
0,1,0,1,0 | 8,55,12,53,6 | S=(0,0);(4,1) | I=(2,0) | sp=1,1 | ip=1
0,1,0,1,0 | 8,55,12,54,7 | S=(0,0);(4,1) | I=(2,0) | sp=1,1 | ip=1
0,1,0,1,0 | 8,55,12,54,8 | S=(0,0);(4,1) | I=(2,0) | sp=1,882 | ip=1
0,1,0,1,0 | 8,55,12,55,8 | S=(0,0);(4,1) | I=(2,0) | sp=1,1 | ip=1
0,1,0,1,0 | 8,55,12,55,12 | S=(0,0);(4,1) | I=(2,0) | sp=1,885 | ip=1
0,1,0,1,0 | 8,55,12,55,12 | S=(0,0);(4,1) | I=(2,0) | sp=1,96 | ip=1
0,1,0,1,0 | 8,55,12,55,12 | S=(0,0);(4,1) | I=(2,0) | sp=1,35 | ip=1
0,1,0,1,0 | 8,55,12,55,12 | S=(0,0);(4,1) | I=(2,0) | sp=1,45 | ip=1
0,1,0,1,0 | 8,55,12,55,12 | S=(0,0);(4,1) | I=(2,0) | sp=1,55 | ip=1
0,1,0,1,0 | 8,55,12,55,12 | S=(0,0);(4,1) | I=(2,0) | sp=1,99930 | ip=1
0,1,0,1,0 | 8,55,12,55,12 | S=(0,0);(4,1) | I=(2,0) | sp=1,945 | ip=1
0,1,0,1,0 | 12,55,12,42,4 | S=(0,0);(4,1) | I=(2,0) | sp=886,1 | ip=1
0,1,0,1,0 | 12,55,12,42,4 | S=(0,0);(4,1) | I=(2,0) | sp=94,1 | ip=1
0,1,0,1,0 | 12,55,12,42,4 | S=(0,0);(4,1) | I=(2,0) | sp=996,1 | ip=1
0,1,0,1,0 | 12,55,12,42,4 | S=(0,0);(4,1) | I=(2,0) | sp=919,1 | ip=1
0,1,0,1,0 | 12,55,12,42,4 | S=(0,0);(4,1) | I=(2,0) | sp=9915,1 | ip=1
0,1,0,1,0 | 12,55,12,42,4 | S=(0,0);(4,1) | I=(2,0) | sp=946,1 | ip=1
0,1,0,1,0 | 12,55,12,53,6 | S=(0,0);(4,1) | I=(2,0) | sp=884,912 | ip=1
0,1,0,1,0 | 12,55,12,53,6 | S=(0,0);(4,1) | I=(2,0) | sp=885,1 | ip=1
0,1,0,1,0 | 12,55,12,53,6 | S=(0,0);(4,1) | I=(2,0) | sp=24,912 | ip=1
0,1,0,1,0 | 12,55,12,53,6 | S=(0,0);(4,1) | I=(2,0) | sp=96,1 | ip=1
0,1,0,1,0 | 12,55,12,53,6 | S=(0,0);(4,1) | I=(2,0) | sp=35,1 | ip=1
0,1,0,1,0 | 12,55,12,53,6 | S=(0,0);(4,1) | I=(2,0) | sp=45,1 | ip=1
0,1,0,1,0 | 12,55,12,53,6 | S=(0,0);(4,1) | I=(2,0) | sp=55,1 | ip=1
0,1,0,1,0 | 12,55,12,53,6 | S=(0,0);(4,1) | I=(2,0) | sp=99930,1 | ip=1
0,1,0,1,0 | 12,55,12,53,6 | S=(0,0);(4,1) | I=(2,0) | sp=945,1 | ip=1
0,1,0,1,0 | 12,55,12,54,7 | S=(0,0);(4,1) | I=(2,0) | sp=885,1 | ip=1
0,1,0,1,0 | 12,55,12,54,7 | S=(0,0);(4,1) | I=(2,0) | sp=96,1 | ip=1
0,1,0,1,0 | 12,55,12,54,7 | S=(0,0);(4,1) | I=(2,0) | sp=35,1 | ip=1
0,1,0,1,0 | 12,55,12,54,7 | S=(0,0);(4,1) | I=(2,0) | sp=45,1 | ip=1
0,1,0,1,0 | 12,55,12,54,7 | S=(0,0);(4,1) | I=(2,0) | sp=55,1 | ip=1
0,1,0,1,0 | 12,55,12,54,7 | S=(0,0);(4,1) | I=(2,0) | sp=99930,1 | ip=1
0,1,0,1,0 | 12,55,12,54,7 | S=(0,0);(4,1) | I=(2,0) | sp=945,1 | ip=1
0,1,0,1,0 | 12,55,12,54,8 | S=(0,0);(4,1) | I=(2,0) | sp=883,98 | ip=1
0,1,0,1,0 | 12,55,12,54,8 | S=(0,0);(4,1) | I=(2,0) | sp=884,97 | ip=1
0,1,0,1,0 | 12,55,12,54,8 | S=(0,0);(4,1) | I=(2,0) | sp=885,882 | ip=1
0,1,0,1,0 | 12,55,12,54,8 | S=(0,0);(4,1) | I=(2,0) | sp=24,97 | ip=1
0,1,0,1,0 | 12,55,12,54,8 | S=(0,0);(4,1) | I=(2,0) | sp=96,882 | ip=1
0,1,0,1,0 | 12,55,12,54,8 | S=(0,0);(4,1) | I=(2,0) | sp=35,882 | ip=1
0,1,0,1,0 | 12,55,12,54,8 | S=(0,0);(4,1) | I=(2,0) | sp=45,882 | ip=1
0,1,0,1,0 | 12,55,12,54,8 | S=(0,0);(4,1) | I=(2,0) | sp=55,882 | ip=1
0,1,0,1,0 | 12,55,12,54,8 | S=(0,0);(4,1) | I=(2,0) | sp=99930,882 | ip=1
0,1,0,1,0 | 12,55,12,54,8 | S=(0,0);(4,1) | I=(2,0) | sp=945,882 | ip=1
0,1,0,1,0 | 12,55,12,54,8 | S=(0,0);(4,1) | I=(2,0) | sp=947,1 | ip=1
0,1,0,1,0 | 12,55,12,55,8 | S=(0,0);(4,1) | I=(2,0) | sp=885,1 | ip=1
0,1,0,1,0 | 12,55,12,55,8 | S=(0,0);(4,1) | I=(2,0) | sp=96,1 | ip=1
0,1,0,1,0 | 12,55,12,55,8 | S=(0,0);(4,1) | I=(2,0) | sp=35,1 | ip=1
0,1,0,1,0 | 12,55,12,55,8 | S=(0,0);(4,1) | I=(2,0) | sp=45,1 | ip=1
0,1,0,1,0 | 12,55,12,55,8 | S=(0,0);(4,1) | I=(2,0) | sp=55,1 | ip=1
0,1,0,1,0 | 12,55,12,55,8 | S=(0,0);(4,1) | I=(2,0) | sp=99930,1 | ip=1
0,1,0,1,0 | 12,55,12,55,8 | S=(0,0);(4,1) | I=(2,0) | sp=945,1 | ip=1
0,1,0,1,0 | 12,55,12,55,12 | S=(0,0);(4,1) | I=(2,0) | sp=884,947 | ip=1
0,1,0,1,0 | 12,55,12,55,12 | S=(0,0);(4,1) | I=(2,0) | sp=885,885 | ip=1
0,1,0,1,0 | 12,55,12,55,12 | S=(0,0);(4,1) | I=(2,0) | sp=885,96 | ip=1
0,1,0,1,0 | 12,55,12,55,12 | S=(0,0);(4,1) | I=(2,0) | sp=885,35 | ip=1
0,1,0,1,0 | 12,55,12,55,12 | S=(0,0);(4,1) | I=(2,0) | sp=885,45 | ip=1
0,1,0,1,0 | 12,55,12,55,12 | S=(0,0);(4,1) | I=(2,0) | sp=885,55 | ip=1
0,1,0,1,0 | 12,55,12,55,12 | S=(0,0);(4,1) | I=(2,0) | sp=885,99930 | ip=1
0,1,0,1,0 | 12,55,12,55,12 | S=(0,0);(4,1) | I=(2,0) | sp=885,945 | ip=1
0,1,0,1,0 | 12,55,12,55,12 | S=(0,0);(4,1) | I=(2,0) | sp=24,947 | ip=1
0,1,0,1,0 | 12,55,12,55,12 | S=(0,0);(4,1) | I=(2,0) | sp=96,885 | ip=1
0,1,0,1,0 | 12,55,12,55,12 | S=(0,0);(4,1) | I=(2,0) | sp=96,96 | ip=1
0,1,0,1,0 | 12,55,12,55,12 | S=(0,0);(4,1) | I=(2,0) | sp=96,35 | ip=1
0,1,0,1,0 | 12,55,12,55,12 | S=(0,0);(4,1) | I=(2,0) | sp=96,45 | ip=1
0,1,0,1,0 | 12,55,12,55,12 | S=(0,0);(4,1) | I=(2,0) | sp=96,55 | ip=1
0,1,0,1,0 | 12,55,12,55,12 | S=(0,0);(4,1) | I=(2,0) | sp=96,99930 | ip=1
0,1,0,1,0 | 12,55,12,55,12 | S=(0,0);(4,1) | I=(2,0) | sp=96,945 | ip=1
0,1,0,1,0 | 12,55,12,55,12 | S=(0,0);(4,1) | I=(2,0) | sp=35,885 | ip=1
0,1,0,1,0 | 12,55,12,55,12 | S=(0,0);(4,1) | I=(2,0) | sp=35,96 | ip=1
0,1,0,1,0 | 12,55,12,55,12 | S=(0,0);(4,1) | I=(2,0) | sp=35,35 | ip=1
0,1,0,1,0 | 12,55,12,55,12 | S=(0,0);(4,1) | I=(2,0) | sp=35,45 | ip=1
0,1,0,1,0 | 12,55,12,55,12 | S=(0,0);(4,1) | I=(2,0) | sp=35,55 | ip=1
0,1,0,1,0 | 12,55,12,55,12 | S=(0,0);(4,1) | I=(2,0) | sp=35,99930 | ip=1
0,1,0,1,0 | 12,55,12,55,12 | S=(0,0);(4,1) | I=(2,0) | sp=35,945 | ip=1
0,1,0,1,0 | 12,55,12,55,12 | S=(0,0);(4,1) | I=(2,0) | sp=45,885 | ip=1
0,1,0,1,0 | 12,55,12,55,12 | S=(0,0);(4,1) | I=(2,0) | sp=45,96 | ip=1
0,1,0,1,0 | 12,55,12,55,12 | S=(0,0);(4,1) | I=(2,0) | sp=45,35 | ip=1
0,1,0,1,0 | 12,55,12,55,12 | S=(0,0);(4,1) | I=(2,0) | sp=45,45 | ip=1
0,1,0,1,0 | 12,55,12,55,12 | S=(0,0);(4,1) | I=(2,0) | sp=45,55 | ip=1
0,1,0,1,0 | 12,55,12,55,12 | S=(0,0);(4,1) | I=(2,0) | sp=45,99930 | ip=1
0,1,0,1,0 | 12,55,12,55,12 | S=(0,0);(4,1) | I=(2,0) | sp=45,945 | ip=1
0,1,0,1,0 | 12,55,12,55,12 | S=(0,0);(4,1) | I=(2,0) | sp=55,885 | ip=1
0,1,0,1,0 | 12,55,12,55,12 | S=(0,0);(4,1) | I=(2,0) | sp=55,96 | ip=1
0,1,0,1,0 | 12,55,12,55,12 | S=(0,0);(4,1) | I=(2,0) | sp=55,35 | ip=1
0,1,0,1,0 | 12,55,12,55,12 | S=(0,0);(4,1) | I=(2,0) | sp=55,45 | ip=1
0,1,0,1,0 | 12,55,12,55,12 | S=(0,0);(4,1) | I=(2,0) | sp=55,55 | ip=1
0,1,0,1,0 | 12,55,12,55,12 | S=(0,0);(4,1) | I=(2,0) | sp=55,99930 | ip=1
0,1,0,1,0 | 12,55,12,55,12 | S=(0,0);(4,1) | I=(2,0) | sp=55,945 | ip=1
0,1,0,1,0 | 12,55,12,55,12 | S=(0,0);(4,1) | I=(2,0) | sp=99930,885 | ip=1
0,1,0,1,0 | 12,55,12,55,12 | S=(0,0);(4,1) | I=(2,0) | sp=99930,96 | ip=1
0,1,0,1,0 | 12,55,12,55,12 | S=(0,0);(4,1) | I=(2,0) | sp=99930,35 | ip=1
0,1,0,1,0 | 12,55,12,55,12 | S=(0,0);(4,1) | I=(2,0) | sp=99930,45 | ip=1
0,1,0,1,0 | 12,55,12,55,12 | S=(0,0);(4,1) | I=(2,0) | sp=99930,55 | ip=1
0,1,0,1,0 | 12,55,12,55,12 | S=(0,0);(4,1) | I=(2,0) | sp=99930,99930 | ip=1
0,1,0,1,0 | 12,55,12,55,12 | S=(0,0);(4,1) | I=(2,0) | sp=99930,945 | ip=1
0,1,0,1,0 | 12,55,12,55,12 | S=(0,0);(4,1) | I=(2,0) | sp=945,885 | ip=1
0,1,0,1,0 | 12,55,12,55,12 | S=(0,0);(4,1) | I=(2,0) | sp=945,96 | ip=1
0,1,0,1,0 | 12,55,12,55,12 | S=(0,0);(4,1) | I=(2,0) | sp=945,35 | ip=1
0,1,0,1,0 | 12,55,12,55,12 | S=(0,0);(4,1) | I=(2,0) | sp=945,45 | ip=1
0,1,0,1,0 | 12,55,12,55,12 | S=(0,0);(4,1) | I=(2,0) | sp=945,55 | ip=1
0,1,0,1,0 | 12,55,12,55,12 | S=(0,0);(4,1) | I=(2,0) | sp=945,99930 | ip=1
0,1,0,1,0 | 12,55,12,55,12 | S=(0,0);(4,1) | I=(2,0) | sp=945,945 | ip=1
0,1,0,1,0 | 12,55,12,55,12 | S=(0,0);(4,1) | I=(2,0) | sp=947,884 | ip=1
0,1,0,1,0 | 12,55,12,55,12 | S=(0,0);(4,1) | I=(2,0) | sp=947,24 | ip=1
