0,1,0,1,0,1,0 | 8,33,8,33,8,33,7 | S=(0,0);(0,1);(6,2) | I=(6,0);(2,1) | sp=1,1,1 | ip=1,1
0,1,0,1,0,1,0 | 8,33,8,33,8,33,8 | S=(0,0);(0,1);(6,2) | I=(6,0);(2,1) | sp=1,1,1 | ip=882,1
0,1,0,1,0,1,0 | 8,33,8,33,8,33,8 | S=(0,0);(0,1);(6,2) | I=(6,0);(2,1) | sp=1,1,882 | ip=1,1
0,1,0,1,0,1,0 | 12,55,12,55,12,54,8 | S=(0,0);(0,1);(6,2) | I=(6,0);(2,1) | sp=1,883,1 | ip=1,1
0,1,0,1,0,1,0 | 12,55,12,55,12,54,8 | S=(0,0);(0,1);(6,2) | I=(6,0);(2,1) | sp=882,882,1 | ip=1,1
0,1,0,1,0,1,0 | 12,55,12,55,12,54,8 | S=(0,0);(0,1);(6,2) | I=(6,0);(2,1) | sp=883,1,1 | ip=1,1
0,1,0,1,0,1,0 | 12,55,12,55,12,55,12 | S=(0,0);(0,1);(6,2) | I=(6,0);(2,1) | sp=1,1,922 | ip=1,1
0,1,0,1,0,1,0 | 12,55,12,55,12,55,12 | S=(0,0);(0,1);(6,2) | I=(6,0);(2,1) | sp=1,882,93 | ip=882,1
0,1,0,1,0,1,0 | 12,55,12,55,12,55,12 | S=(0,0);(0,1);(6,2) | I=(6,0);(2,1) | sp=1,882,9912 | ip=1,1
0,1,0,1,0,1,0 | 12,55,12,55,12,55,12 | S=(0,0);(0,1);(6,2) | I=(6,0);(2,1) | sp=1,883,882 | ip=883,1
0,1,0,1,0,1,0 | 12,55,12,55,12,55,12 | S=(0,0);(0,1);(6,2) | I=(6,0);(2,1) | sp=1,883,883 | ip=882,1
0,1,0,1,0,1,0 | 12,55,12,55,12,55,12 | S=(0,0);(0,1);(6,2) | I=(6,0);(2,1) | sp=1,883,884 | ip=1,1
0,1,0,1,0,1,0 | 12,55,12,55,12,55,12 | S=(0,0);(0,1);(6,2) | I=(6,0);(2,1) | sp=1,883,24 | ip=1,1
0,1,0,1,0,1,0 | 12,55,12,55,12,55,12 | S=(0,0);(0,1);(6,2) | I=(6,0);(2,1) | sp=1,93,1 | ip=883,1
0,1,0,1,0,1,0 | 12,55,12,55,12,55,12 | S=(0,0);(0,1);(6,2) | I=(6,0);(2,1) | sp=1,93,882 | ip=882,1
0,1,0,1,0,1,0 | 12,55,12,55,12,55,12 | S=(0,0);(0,1);(6,2) | I=(6,0);(2,1) | sp=1,93,883 | ip=1,1
0,1,0,1,0,1,0 | 12,55,12,55,12,55,12 | S=(0,0);(0,1);(6,2) | I=(6,0);(2,1) | sp=882,1,93 | ip=882,1
0,1,0,1,0,1,0 | 12,55,12,55,12,55,12 | S=(0,0);(0,1);(6,2) | I=(6,0);(2,1) | sp=882,1,9912 | ip=1,1
0,1,0,1,0,1,0 | 12,55,12,55,12,55,12 | S=(0,0);(0,1);(6,2) | I=(6,0);(2,1) | sp=882,882,882 | ip=883,1
0,1,0,1,0,1,0 | 12,55,12,55,12,55,12 | S=(0,0);(0,1);(6,2) | I=(6,0);(2,1) | sp=882,882,883 | ip=882,1
0,1,0,1,0,1,0 | 12,55,12,55,12,55,12 | S=(0,0);(0,1);(6,2) | I=(6,0);(2,1) | sp=882,882,884 | ip=1,1
0,1,0,1,0,1,0 | 12,55,12,55,12,55,12 | S=(0,0);(0,1);(6,2) | I=(6,0);(2,1) | sp=882,882,24 | ip=1,1
0,1,0,1,0,1,0 | 12,55,12,55,12,55,12 | S=(0,0);(0,1);(6,2) | I=(6,0);(2,1) | sp=883,1,882 | ip=883,1
0,1,0,1,0,1,0 | 12,55,12,55,12,55,12 | S=(0,0);(0,1);(6,2) | I=(6,0);(2,1) | sp=883,1,883 | ip=882,1
0,1,0,1,0,1,0 | 12,55,12,55,12,55,12 | S=(0,0);(0,1);(6,2) | I=(6,0);(2,1) | sp=883,1,884 | ip=1,1
0,1,0,1,0,1,0 | 12,55,12,55,12,55,12 | S=(0,0);(0,1);(6,2) | I=(6,0);(2,1) | sp=883,1,24 | ip=1,1
0,1,0,1,0,1,0 | 12,55,12,55,12,55,12 | S=(0,0);(0,1);(6,2) | I=(6,0);(2,1) | sp=93,1,1 | ip=883,1
0,1,0,1,0,1,0 | 12,55,12,55,12,55,12 | S=(0,0);(0,1);(6,2) | I=(6,0);(2,1) | sp=93,1,882 | ip=882,1
0,1,0,1,0,1,0 | 12,55,12,55,12,55,12 | S=(0,0);(0,1);(6,2) | I=(6,0);(2,1) | sp=93,1,883 | ip=1,1
