0,1,0,1,0,1,0,1,0,1,0,1,0,1,0,1,0,1,0,1,0,1,0,1,0 | 4,24,12,55,12,55,12,55,12,55,12,55,12,55,12,55,12,55,12,55,12,42,4,11,4 | S=(0,0);(24,1) | I=(2,0) | sp=1,1 | ip=1
0,1,0,1,0,1,0,1,0,1,0,1,0,1,0,1,0,1,0,1,0,1,0,1,0 | 4,24,12,55,12,55,12,55,12,55,12,55,12,55,12,55,12,55,12,55,12,55,12,42,4 | S=(0,0);(24,1) | I=(2,0) | sp=1,912 | ip=1
0,1,0,1,0,1,0,1,0,1,0,1,0,1,0,1,0,1,0,1,0,1,0,1,0 | 4,24,12,55,12,55,12,55,12,55,12,55,12,55,12,55,12,55,12,55,12,55,12,53,6 | S=(0,0);(24,1) | I=(2,0) | sp=1,882 | ip=1
0,1,0,1,0,1,0,1,0,1,0,1,0,1,0,1,0,1,0,1,0,1,0,1,0 | 4,24,12,55,12,55,12,55,12,55,12,55,12,55,12,55,12,55,12,55,12,55,12,53,6 | S=(0,0);(24,1) | I=(2,0) | sp=1,22 | ip=1
0,1,0,1,0,1,0,1,0,1,0,1,0,1,0,1,0,1,0,1,0,1,0,1,0 | 4,24,12,55,12,55,12,55,12,55,12,55,12,55,12,55,12,55,12,55,12,55,12,54,6 | S=(0,0);(24,1) | I=(2,0) | sp=1,1 | ip=1
0,1,0,1,0,1,0,1,0,1,0,1,0,1,0,1,0,1,0,1,0,1,0,1,0 | 4,24,12,55,12,55,12,55,12,55,12,55,12,55,12,55,12,55,12,55,12,55,12,54,7 | S=(0,0);(24,1) | I=(2,0) | sp=1,882 | ip=1
0,1,0,1,0,1,0,1,0,1,0,1,0,1,0,1,0,1,0,1,0,1,0,1,0 | 4,24,12,55,12,55,12,55,12,55,12,55,12,55,12,55,12,55,12,55,12,55,12,54,8 | S=(0,0);(24,1) | I=(2,0) | sp=1,883 | ip=1
0,1,0,1,0,1,0,1,0,1,0,1,0,1,0,1,0,1,0,1,0,1,0,1,0 | 4,24,12,55,12,55,12,55,12,55,12,55,12,55,12,55,12,55,12,55,12,55,12,54,8 | S=(0,0);(24,1) | I=(2,0) | sp=1,23 | ip=1
0,1,0,1,0,1,0,1,0,1,0,1,0,1,0,1,0,1,0,1,0,1,0,1,0 | 4,24,12,55,12,55,12,55,12,55,12,55,12,55,12,55,12,55,12,55,12,55,12,54,8 | S=(0,0);(24,1) | I=(2,0) | sp=1,33 | ip=1
0,1,0,1,0,1,0,1,0,1,0,1,0,1,0,1,0,1,0,1,0,1,0,1,0 | 4,24,12,55,12,55,12,55,12,55,12,55,12,55,12,55,12,55,12,55,12,55,12,55,7 | S=(0,0);(24,1) | I=(2,0) | sp=1,1 | ip=1
0,1,0,1,0,1,0,1,0,1,0,1,0,1,0,1,0,1,0,1,0,1,0,1,0 | 4,24,12,55,12,55,12,55,12,55,12,55,12,55,12,55,12,55,12,55,12,55,12,55,8 | S=(0,0);(24,1) | I=(2,0) | sp=1,882 | ip=1
0,1,0,1,0,1,0,1,0,1,0,1,0,1,0,1,0,1,0,1,0,1,0,1,0 | 4,24,12,55,12,55,12,55,12,55,12,55,12,55,12,55,12,55,12,55,12,55,12,55,12 | S=(0,0);(24,1) | I=(2,0) | sp=1,886 | ip=1
0,1,0,1,0,1,0,1,0,1,0,1,0,1,0,1,0,1,0,1,0,1,0,1,0 | 4,24,12,55,12,55,12,55,12,55,12,55,12,55,12,55,12,55,12,55,12,55,12,55,12 | S=(0,0);(24,1) | I=(2,0) | sp=1,94 | ip=1
0,1,0,1,0,1,0,1,0,1,0,1,0,1,0,1,0,1,0,1,0,1,0,1,0 | 4,24,12,55,12,55,12,55,12,55,12,55,12,55,12,55,12,55,12,55,12,55,12,55,12 | S=(0,0);(24,1) | I=(2,0) | sp=1,996 | ip=1
0,1,0,1,0,1,0,1,0,1,0,1,0,1,0,1,0,1,0,1,0,1,0,1,0 | 4,24,12,55,12,55,12,55,12,55,12,55,12,55,12,55,12,55,12,55,12,55,12,55,12 | S=(0,0);(24,1) | I=(2,0) | sp=1,919 | ip=1
0,1,0,1,0,1,0,1,0,1,0,1,0,1,0,1,0,1,0,1,0,1,0,1,0 | 4,24,12,55,12,55,12,55,12,55,12,55,12,55,12,55,12,55,12,55,12,55,12,55,12 | S=(0,0);(24,1) | I=(2,0) | sp=1,9915 | ip=1
0,1,0,1,0,1,0,1,0,1,0,1,0,1,0,1,0,1,0,1,0,1,0,1,0 | 4,24,12,55,12,55,12,55,12,55,12,55,12,55,12,55,12,55,12,55,12,55,12,55,12 | S=(0,0);(24,1) | I=(2,0) | sp=1,946 | ip=1
