0,1,0,1,0,1,0,1,0 | 12,55,12,55,12,55,12,42,4 | S=(0,0);(0,1);(8,2) | I=(2,0) | sp=1,883,1 | ip=1
0,1,0,1,0,1,0,1,0 | 12,55,12,55,12,55,12,42,4 | S=(0,0);(0,1);(8,2) | I=(2,0) | sp=882,882,1 | ip=1
0,1,0,1,0,1,0,1,0 | 12,55,12,55,12,55,12,42,4 | S=(0,0);(0,1);(8,2) | I=(2,0) | sp=883,1,1 | ip=1
0,1,0,1,0,1,0,1,0 | 12,55,12,55,12,55,12,53,6 | S=(0,0);(0,1);(8,2) | I=(2,0) | sp=1,1,912 | ip=1
0,1,0,1,0,1,0,1,0 | 12,55,12,55,12,55,12,53,6 | S=(0,0);(0,1);(8,2) | I=(2,0) | sp=1,882,1 | ip=1
0,1,0,1,0,1,0,1,0 | 12,55,12,55,12,55,12,53,6 | S=(0,0);(0,1);(8,2) | I=(2,0) | sp=882,1,1 | ip=1
0,1,0,1,0,1,0,1,0 | 12,55,12,55,12,55,12,54,7 | S=(0,0);(0,1);(8,2) | I=(2,0) | sp=1,882,1 | ip=1
0,1,0,1,0,1,0,1,0 | 12,55,12,55,12,55,12,54,7 | S=(0,0);(0,1);(8,2) | I=(2,0) | sp=882,1,1 | ip=1
0,1,0,1,0,1,0,1,0 | 12,55,12,55,12,55,12,54,8 | S=(0,0);(0,1);(8,2) | I=(2,0) | sp=1,1,97 | ip=1
0,1,0,1,0,1,0,1,0 | 12,55,12,55,12,55,12,54,8 | S=(0,0);(0,1);(8,2) | I=(2,0) | sp=1,882,882 | ip=1
0,1,0,1,0,1,0,1,0 | 12,55,12,55,12,55,12,54,8 | S=(0,0);(0,1);(8,2) | I=(2,0) | sp=882,1,882 | ip=1
0,1,0,1,0,1,0,1,0 | 12,55,12,55,12,55,12,55,8 | S=(0,0);(0,1);(8,2) | I=(2,0) | sp=1,882,1 | ip=1
0,1,0,1,0,1,0,1,0 | 12,55,12,55,12,55,12,55,8 | S=(0,0);(0,1);(8,2) | I=(2,0) | sp=882,1,1 | ip=1
0,1,0,1,0,1,0,1,0 | 12,55,12,55,12,55,12,55,12 | S=(0,0);(0,1);(8,2) | I=(2,0) | sp=1,1,947 | ip=1
0,1,0,1,0,1,0,1,0 | 12,55,12,55,12,55,12,55,12 | S=(0,0);(0,1);(8,2) | I=(2,0) | sp=1,882,885 | ip=1
0,1,0,1,0,1,0,1,0 | 12,55,12,55,12,55,12,55,12 | S=(0,0);(0,1);(8,2) | I=(2,0) | sp=1,882,96 | ip=1
0,1,0,1,0,1,0,1,0 | 12,55,12,55,12,55,12,55,12 | S=(0,0);(0,1);(8,2) | I=(2,0) | sp=1,882,35 | ip=1
0,1,0,1,0,1,0,1,0 | 12,55,12,55,12,55,12,55,12 | S=(0,0);(0,1);(8,2) | I=(2,0) | sp=1,882,45 | ip=1
0,1,0,1,0,1,0,1,0 | 12,55,12,55,12,55,12,55,12 | S=(0,0);(0,1);(8,2) | I=(2,0) | sp=1,882,55 | ip=1
0,1,0,1,0,1,0,1,0 | 12,55,12,55,12,55,12,55,12 | S=(0,0);(0,1);(8,2) | I=(2,0) | sp=1,882,99930 | ip=1
0,1,0,1,0,1,0,1,0 | 12,55,12,55,12,55,12,55,12 | S=(0,0);(0,1);(8,2) | I=(2,0) | sp=1,882,945 | ip=1
0,1,0,1,0,1,0,1,0 | 12,55,12,55,12,55,12,55,12 | S=(0,0);(0,1);(8,2) | I=(2,0) | sp=882,1,885 | ip=1
0,1,0,1,0,1,0,1,0 | 12,55,12,55,12,55,12,55,12 | S=(0,0);(0,1);(8,2) | I=(2,0) | sp=882,1,96 | ip=1
0,1,0,1,0,1,0,1,0 | 12,55,12,55,12,55,12,55,12 | S=(0,0);(0,1);(8,2) | I=(2,0) | sp=882,1,35 | ip=1
0,1,0,1,0,1,0,1,0 | 12,55,12,55,12,55,12,55,12 | S=(0,0);(0,1);(8,2) | I=(2,0) | sp=882,1,45 | ip=1
0,1,0,1,0,1,0,1,0 | 12,55,12,55,12,55,12,55,12 | S=(0,0);(0,1);(8,2) | I=(2,0) | sp=882,1,55 | ip=1
0,1,0,1,0,1,0,1,0 | 12,55,12,55,12,55,12,55,12 | S=(0,0);(0,1);(8,2) | I=(2,0) | sp=882,1,99930 | ip=1
0,1,0,1,0,1,0,1,0 | 12,55,12,55,12,55,12,55,12 | S=(0,0);(0,1);(8,2) | I=(2,0) | sp=882,1,945 | ip=1
