0,1,0 | 4,11,4 | S=(0,0);(0,1) | I= | sp=1,1 | ip=
0,1,0 | 4,11,4 | S=(0,0);(0,1) | I= | sp=1,912 | ip=
0,1,0 | 4,11,4 | S=(0,0);(0,1) | I= | sp=912,1 | ip=
0,1,0 | 6,22,4 | S=(0,0);(0,1) | I= | sp=1,1 | ip=
0,1,0 | 6,22,4 | S=(0,0);(0,1) | I= | sp=1,882 | ip=
0,1,0 | 6,22,4 | S=(0,0);(0,1) | I= | sp=1,22 | ip=
0,1,0 | 6,22,4 | S=(0,0);(0,1) | I= | sp=1,912 | ip=
0,1,0 | 6,22,4 | S=(0,0);(0,1) | I= | sp=1,934 | ip=
0,1,0 | 6,22,4 | S=(0,0);(0,1) | I= | sp=882,1 | ip=
0,1,0 | 6,22,4 | S=(0,0);(0,1) | I= | sp=22,1 | ip=
0,1,0 | 6,22,4 | S=(0,0);(0,1) | I= | sp=912,1 | ip=
0,1,0 | 6,22,4 | S=(0,0);(0,1) | I= | sp=912,912 | ip=
0,1,0 | 6,22,4 | S=(0,0);(0,1) | I= | sp=934,1 | ip=
0,1,0 | 6,22,6 | S=(0,0);(0,1) | I= | sp=1,1 | ip=
0,1,0 | 6,22,6 | S=(0,0);(0,1) | I= | sp=1,882 | ip=
0,1,0 | 6,22,6 | S=(0,0);(0,1) | I= | sp=1,22 | ip=
0,1,0 | 6,22,6 | S=(0,0);(0,1) | I= | sp=1,97 | ip=
0,1,0 | 6,22,6 | S=(0,0);(0,1) | I= | sp=1,98 | ip=
0,1,0 | 6,22,6 | S=(0,0);(0,1) | I= | sp=1,912 | ip=
0,1,0 | 6,22,6 | S=(0,0);(0,1) | I= | sp=1,934 | ip=
0,1,0 | 6,22,6 | S=(0,0);(0,1) | I= | sp=1,938 | ip=
0,1,0 | 6,22,6 | S=(0,0);(0,1) | I= | sp=882,1 | ip=
0,1,0 | 6,22,6 | S=(0,0);(0,1) | I= | sp=882,912 | ip=
0,1,0 | 6,22,6 | S=(0,0);(0,1) | I= | sp=22,1 | ip=
0,1,0 | 6,22,6 | S=(0,0);(0,1) | I= | sp=22,912 | ip=
0,1,0 | 6,22,6 | S=(0,0);(0,1) | I= | sp=97,1 | ip=
0,1,0 | 6,22,6 | S=(0,0);(0,1) | I= | sp=98,1 | ip=
0,1,0 | 6,22,6 | S=(0,0);(0,1) | I= | sp=912,1 | ip=
0,1,0 | 6,22,6 | S=(0,0);(0,1) | I= | sp=912,882 | ip=
0,1,0 | 6,22,6 | S=(0,0);(0,1) | I= | sp=912,22 | ip=
0,1,0 | 6,22,6 | S=(0,0);(0,1) | I= | sp=912,912 | ip=
0,1,0 | 6,22,6 | S=(0,0);(0,1) | I= | sp=934,1 | ip=
0,1,0 | 6,22,6 | S=(0,0);(0,1) | I= | sp=938,1 | ip=
0,1,0 | 6,32,4 | S=(0,0);(0,1) | I= | sp=1,1 | ip=
0,1,0 | 6,33,6 | S=(0,0);(0,1) | I= | sp=1,1 | ip=
0,1,0 | 6,33,6 | S=(0,0);(0,1) | I= | sp=1,912 | ip=
0,1,0 | 6,33,6 | S=(0,0);(0,1) | I= | sp=912,1 | ip=
0,1,0 | 6,33,7 | S=(0,0);(0,1) | I= | sp=1,1 | ip=
0,1,0 | 6,33,7 | S=(0,0);(0,1) | I= | sp=1,912 | ip=
0,1,0 | 6,33,7 | S=(0,0);(0,1) | I= | sp=912,1 | ip=
0,1,0 | 6,33,8 | S=(0,0);(0,1) | I= | sp=1,1 | ip=
0,1,0 | 6,33,8 | S=(0,0);(0,1) | I= | sp=1,912 | ip=
0,1,0 | 6,33,8 | S=(0,0);(0,1) | I= | sp=912,1 | ip=
0,1,0 | 6,331,6 | S=(0,0);(0,1) | I= | sp=1,1 | ip=
0,1,0 | 6,331,6 | S=(0,0);(0,1) | I= | sp=1,912 | ip=
0,1,0 | 6,331,6 | S=(0,0);(0,1) | I= | sp=912,1 | ip=
0,1,0 | 6,34,6 | S=(0,0);(0,1) | I= | sp=1,1 | ip=
0,1,0 | 6,34,7 | S=(0,0);(0,1) | I= | sp=1,1 | ip=
0,1,0 | 6,34,7 | S=(0,0);(0,1) | I= | sp=1,912 | ip=
0,1,0 | 6,34,7 | S=(0,0);(0,1) | I= | sp=912,1 | ip=
0,1,0 | 6,34,8 | S=(0,0);(0,1) | I= | sp=1,1 | ip=
0,1,0 | 6,34,8 | S=(0,0);(0,1) | I= | sp=1,912 | ip=
0,1,0 | 6,34,8 | S=(0,0);(0,1) | I= | sp=912,1 | ip=
0,1,0 | 6,35,7 | S=(0,0);(0,1) | I= | sp=1,1 | ip=
0,1,0 | 6,35,8 | S=(0,0);(0,1) | I= | sp=1,1 | ip=
0,1,0 | 6,35,8 | S=(0,0);(0,1) | I= | sp=1,912 | ip=
0,1,0 | 6,35,8 | S=(0,0);(0,1) | I= | sp=912,1 | ip=
0,1,0 | 6,35,12 | S=(0,0);(0,1) | I= | sp=1,1 | ip=
0,1,0 | 6,35,12 | S=(0,0);(0,1) | I= | sp=1,912 | ip=
0,1,0 | 6,35,12 | S=(0,0);(0,1) | I= | sp=912,1 | ip=
0,1,0 | 7,32,4 | S=(0,0);(0,1) | I= | sp=1,1 | ip=
0,1,0 | 7,32,4 | S=(0,0);(0,1) | I= | sp=1,882 | ip=
0,1,0 | 7,32,4 | S=(0,0);(0,1) | I= | sp=882,1 | ip=
0,1,0 | 7,33,4 | S=(0,0);(0,1) | I= | sp=1,1 | ip=
0,1,0 | 7,33,6 | S=(0,0);(0,1) | I= | sp=1,1 | ip=
0,1,0 | 7,33,6 | S=(0,0);(0,1) | I= | sp=1,882 | ip=
0,1,0 | 7,33,6 | S=(0,0);(0,1) | I= | sp=1,97 | ip=
0,1,0 | 7,33,6 | S=(0,0);(0,1) | I= | sp=882,1 | ip=
0,1,0 | 7,33,6 | S=(0,0);(0,1) | I= | sp=97,1 | ip=
0,1,0 | 7,33,7 | S=(0,0);(0,1) | I= | sp=1,1 | ip=
0,1,0 | 7,33,7 | S=(0,0);(0,1) | I= | sp=1,882 | ip=
0,1,0 | 7,33,7 | S=(0,0);(0,1) | I= | sp=1,97 | ip=
0,1,0 | 7,33,7 | S=(0,0);(0,1) | I= | sp=1,98 | ip=
0,1,0 | 7,33,7 | S=(0,0);(0,1) | I= | sp=882,1 | ip=
0,1,0 | 7,33,7 | S=(0,0);(0,1) | I= | sp=97,1 | ip=
0,1,0 | 7,33,7 | S=(0,0);(0,1) | I= | sp=98,1 | ip=
0,1,0 | 7,33,8 | S=(0,0);(0,1) | I= | sp=1,1 | ip=
0,1,0 | 7,33,8 | S=(0,0);(0,1) | I= | sp=1,882 | ip=
0,1,0 | 7,33,8 | S=(0,0);(0,1) | I= | sp=1,97 | ip=
0,1,0 | 7,33,8 | S=(0,0);(0,1) | I= | sp=1,98 | ip=
0,1,0 | 7,33,8 | S=(0,0);(0,1) | I= | sp=882,1 | ip=
0,1,0 | 7,33,8 | S=(0,0);(0,1) | I= | sp=97,1 | ip=
0,1,0 | 7,33,8 | S=(0,0);(0,1) | I= | sp=98,1 | ip=
0,1,0 | 7,42,4 | S=(0,0);(0,1) | I= | sp=1,1 | ip=
0,1,0 | 7,43,6 | S=(0,0);(0,1) | I= | sp=1,1 | ip=
0,1,0 | 7,44,6 | S=(0,0);(0,1) | I= | sp=1,1 | ip=
0,1,0 | 7,44,7 | S=(0,0);(0,1) | I= | sp=1,1 | ip=
0,1,0 | 7,44,8 | S=(0,0);(0,1) | I= | sp=1,1 | ip=
0,1,0 | 7,45,7 | S=(0,0);(0,1) | I= | sp=1,1 | ip=
0,1,0 | 7,45,8 | S=(0,0);(0,1) | I= | sp=1,1 | ip=
0,1,0 | 7,45,12 | S=(0,0);(0,1) | I= | sp=1,1 | ip=
0,1,0 | 8,32,4 | S=(0,0);(0,1) | I= | sp=1,1 | ip=
0,1,0 | 8,32,4 | S=(0,0);(0,1) | I= | sp=1,882 | ip=
0,1,0 | 8,32,4 | S=(0,0);(0,1) | I= | sp=1,883 | ip=
0,1,0 | 8,32,4 | S=(0,0);(0,1) | I= | sp=1,23 | ip=
0,1,0 | 8,32,4 | S=(0,0);(0,1) | I= | sp=1,33 | ip=
0,1,0 | 8,32,4 | S=(0,0);(0,1) | I= | sp=1,97 | ip=
0,1,0 | 8,32,4 | S=(0,0);(0,1) | I= | sp=1,98 | ip=
0,1,0 | 8,32,4 | S=(0,0);(0,1) | I= | sp=1,924 | ip=
0,1,0 | 8,32,4 | S=(0,0);(0,1) | I= | sp=882,1 | ip=
0,1,0 | 8,32,4 | S=(0,0);(0,1) | I= | sp=882,882 | ip=
0,1,0 | 8,32,4 | S=(0,0);(0,1) | I= | sp=883,1 | ip=
0,1,0 | 8,32,4 | S=(0,0);(0,1) | I= | sp=23,1 | ip=
0,1,0 | 8,32,4 | S=(0,0);(0,1) | I= | sp=33,1 | ip=
0,1,0 | 8,32,4 | S=(0,0);(0,1) | I= | sp=97,1 | ip=
0,1,0 | 8,32,4 | S=(0,0);(0,1) | I= | sp=98,1 | ip=
0,1,0 | 8,32,4 | S=(0,0);(0,1) | I= | sp=924,1 | ip=
0,1,0 | 8,33,4 | S=(0,0);(0,1) | I= | sp=1,1 | ip=
0,1,0 | 8,33,4 | S=(0,0);(0,1) | I= | sp=1,882 | ip=
0,1,0 | 8,33,4 | S=(0,0);(0,1) | I= | sp=1,97 | ip=
0,1,0 | 8,33,4 | S=(0,0);(0,1) | I= | sp=1,98 | ip=
0,1,0 | 8,33,4 | S=(0,0);(0,1) | I= | sp=882,1 | ip=
0,1,0 | 8,33,4 | S=(0,0);(0,1) | I= | sp=97,1 | ip=
0,1,0 | 8,33,4 | S=(0,0);(0,1) | I= | sp=98,1 | ip=
0,1,0 | 8,33,6 | S=(0,0);(0,1) | I= | sp=1,1 | ip=
0,1,0 | 8,33,6 | S=(0,0);(0,1) | I= | sp=1,882 | ip=
0,1,0 | 8,33,6 | S=(0,0);(0,1) | I= | sp=1,883 | ip=
0,1,0 | 8,33,6 | S=(0,0);(0,1) | I= | sp=1,23 | ip=
0,1,0 | 8,33,6 | S=(0,0);(0,1) | I= | sp=1,33 | ip=
0,1,0 | 8,33,6 | S=(0,0);(0,1) | I= | sp=1,93 | ip=
0,1,0 | 8,33,6 | S=(0,0);(0,1) | I= | sp=1,97 | ip=
0,1,0 | 8,33,6 | S=(0,0);(0,1) | I= | sp=1,98 | ip=
0,1,0 | 8,33,6 | S=(0,0);(0,1) | I= | sp=1,9913 | ip=
0,1,0 | 8,33,6 | S=(0,0);(0,1) | I= | sp=1,924 | ip=
0,1,0 | 8,33,6 | S=(0,0);(0,1) | I= | sp=1,925 | ip=
0,1,0 | 8,33,6 | S=(0,0);(0,1) | I= | sp=882,1 | ip=
0,1,0 | 8,33,6 | S=(0,0);(0,1) | I= | sp=882,882 | ip=
0,1,0 | 8,33,6 | S=(0,0);(0,1) | I= | sp=882,97 | ip=
0,1,0 | 8,33,6 | S=(0,0);(0,1) | I= | sp=883,1 | ip=
0,1,0 | 8,33,6 | S=(0,0);(0,1) | I= | sp=23,1 | ip=
0,1,0 | 8,33,6 | S=(0,0);(0,1) | I= | sp=33,1 | ip=
0,1,0 | 8,33,6 | S=(0,0);(0,1) | I= | sp=93,1 | ip=
0,1,0 | 8,33,6 | S=(0,0);(0,1) | I= | sp=97,1 | ip=
0,1,0 | 8,33,6 | S=(0,0);(0,1) | I= | sp=97,882 | ip=
0,1,0 | 8,33,6 | S=(0,0);(0,1) | I= | sp=98,1 | ip=
0,1,0 | 8,33,6 | S=(0,0);(0,1) | I= | sp=9913,1 | ip=
0,1,0 | 8,33,6 | S=(0,0);(0,1) | I= | sp=924,1 | ip=
0,1,0 | 8,33,6 | S=(0,0);(0,1) | I= | sp=925,1 | ip=
0,1,0 | 8,33,7 | S=(0,0);(0,1) | I= | sp=1,1 | ip=
0,1,0 | 8,33,7 | S=(0,0);(0,1) | I= | sp=1,882 | ip=
0,1,0 | 8,33,7 | S=(0,0);(0,1) | I= | sp=1,883 | ip=
0,1,0 | 8,33,7 | S=(0,0);(0,1) | I= | sp=1,23 | ip=
0,1,0 | 8,33,7 | S=(0,0);(0,1) | I= | sp=1,33 | ip=
0,1,0 | 8,33,7 | S=(0,0);(0,1) | I= | sp=1,93 | ip=
0,1,0 | 8,33,7 | S=(0,0);(0,1) | I= | sp=1,97 | ip=
0,1,0 | 8,33,7 | S=(0,0);(0,1) | I= | sp=1,98 | ip=
0,1,0 | 8,33,7 | S=(0,0);(0,1) | I= | sp=1,9913 | ip=
0,1,0 | 8,33,7 | S=(0,0);(0,1) | I= | sp=1,924 | ip=
0,1,0 | 8,33,7 | S=(0,0);(0,1) | I= | sp=1,925 | ip=
0,1,0 | 8,33,7 | S=(0,0);(0,1) | I= | sp=1,929 | ip=
0,1,0 | 8,33,7 | S=(0,0);(0,1) | I= | sp=882,1 | ip=
0,1,0 | 8,33,7 | S=(0,0);(0,1) | I= | sp=882,882 | ip=
0,1,0 | 8,33,7 | S=(0,0);(0,1) | I= | sp=882,97 | ip=
0,1,0 | 8,33,7 | S=(0,0);(0,1) | I= | sp=882,98 | ip=
0,1,0 | 8,33,7 | S=(0,0);(0,1) | I= | sp=883,1 | ip=
0,1,0 | 8,33,7 | S=(0,0);(0,1) | I= | sp=23,1 | ip=
0,1,0 | 8,33,7 | S=(0,0);(0,1) | I= | sp=33,1 | ip=
0,1,0 | 8,33,7 | S=(0,0);(0,1) | I= | sp=93,1 | ip=
0,1,0 | 8,33,7 | S=(0,0);(0,1) | I= | sp=97,1 | ip=
0,1,0 | 8,33,7 | S=(0,0);(0,1) | I= | sp=97,882 | ip=
0,1,0 | 8,33,7 | S=(0,0);(0,1) | I= | sp=98,1 | ip=
0,1,0 | 8,33,7 | S=(0,0);(0,1) | I= | sp=98,882 | ip=
0,1,0 | 8,33,7 | S=(0,0);(0,1) | I= | sp=9913,1 | ip=
0,1,0 | 8,33,7 | S=(0,0);(0,1) | I= | sp=924,1 | ip=
0,1,0 | 8,33,7 | S=(0,0);(0,1) | I= | sp=925,1 | ip=
0,1,0 | 8,33,7 | S=(0,0);(0,1) | I= | sp=929,1 | ip=
0,1,0 | 8,33,8 | S=(0,0);(0,1) | I= | sp=1,1 | ip=
0,1,0 | 8,33,8 | S=(0,0);(0,1) | I= | sp=1,882 | ip=
0,1,0 | 8,33,8 | S=(0,0);(0,1) | I= | sp=1,883 | ip=
0,1,0 | 8,33,8 | S=(0,0);(0,1) | I= | sp=1,23 | ip=
0,1,0 | 8,33,8 | S=(0,0);(0,1) | I= | sp=1,33 | ip=
0,1,0 | 8,33,8 | S=(0,0);(0,1) | I= | sp=1,93 | ip=
0,1,0 | 8,33,8 | S=(0,0);(0,1) | I= | sp=1,97 | ip=
0,1,0 | 8,33,8 | S=(0,0);(0,1) | I= | sp=1,98 | ip=
0,1,0 | 8,33,8 | S=(0,0);(0,1) | I= | sp=1,9913 | ip=
0,1,0 | 8,33,8 | S=(0,0);(0,1) | I= | sp=1,924 | ip=
0,1,0 | 8,33,8 | S=(0,0);(0,1) | I= | sp=1,925 | ip=
0,1,0 | 8,33,8 | S=(0,0);(0,1) | I= | sp=1,927 | ip=
0,1,0 | 8,33,8 | S=(0,0);(0,1) | I= | sp=1,929 | ip=
0,1,0 | 8,33,8 | S=(0,0);(0,1) | I= | sp=882,1 | ip=
0,1,0 | 8,33,8 | S=(0,0);(0,1) | I= | sp=882,882 | ip=
0,1,0 | 8,33,8 | S=(0,0);(0,1) | I= | sp=882,97 | ip=
0,1,0 | 8,33,8 | S=(0,0);(0,1) | I= | sp=882,98 | ip=
0,1,0 | 8,33,8 | S=(0,0);(0,1) | I= | sp=883,1 | ip=
0,1,0 | 8,33,8 | S=(0,0);(0,1) | I= | sp=23,1 | ip=
0,1,0 | 8,33,8 | S=(0,0);(0,1) | I= | sp=33,1 | ip=
0,1,0 | 8,33,8 | S=(0,0);(0,1) | I= | sp=93,1 | ip=
0,1,0 | 8,33,8 | S=(0,0);(0,1) | I= | sp=97,1 | ip=
0,1,0 | 8,33,8 | S=(0,0);(0,1) | I= | sp=97,882 | ip=
0,1,0 | 8,33,8 | S=(0,0);(0,1) | I= | sp=98,1 | ip=
0,1,0 | 8,33,8 | S=(0,0);(0,1) | I= | sp=98,882 | ip=
0,1,0 | 8,33,8 | S=(0,0);(0,1) | I= | sp=9913,1 | ip=
0,1,0 | 8,33,8 | S=(0,0);(0,1) | I= | sp=924,1 | ip=
0,1,0 | 8,33,8 | S=(0,0);(0,1) | I= | sp=925,1 | ip=
0,1,0 | 8,33,8 | S=(0,0);(0,1) | I= | sp=927,1 | ip=
0,1,0 | 8,33,8 | S=(0,0);(0,1) | I= | sp=929,1 | ip=
0,1,0 | 8,42,4 | S=(0,0);(0,1) | I= | sp=1,1 | ip=
0,1,0 | 8,42,4 | S=(0,0);(0,1) | I= | sp=1,882 | ip=
0,1,0 | 8,42,4 | S=(0,0);(0,1) | I= | sp=882,1 | ip=
0,1,0 | 8,43,4 | S=(0,0);(0,1) | I= | sp=1,1 | ip=
0,1,0 | 8,43,6 | S=(0,0);(0,1) | I= | sp=1,1 | ip=
0,1,0 | 8,43,6 | S=(0,0);(0,1) | I= | sp=1,882 | ip=
0,1,0 | 8,43,6 | S=(0,0);(0,1) | I= | sp=1,97 | ip=
0,1,0 | 8,43,6 | S=(0,0);(0,1) | I= | sp=882,1 | ip=
0,1,0 | 8,43,6 | S=(0,0);(0,1) | I= | sp=97,1 | ip=
0,1,0 | 8,44,6 | S=(0,0);(0,1) | I= | sp=1,1 | ip=
0,1,0 | 8,44,6 | S=(0,0);(0,1) | I= | sp=1,882 | ip=
0,1,0 | 8,44,6 | S=(0,0);(0,1) | I= | sp=882,1 | ip=
0,1,0 | 8,44,7 | S=(0,0);(0,1) | I= | sp=1,1 | ip=
0,1,0 | 8,44,7 | S=(0,0);(0,1) | I= | sp=1,882 | ip=
0,1,0 | 8,44,7 | S=(0,0);(0,1) | I= | sp=1,97 | ip=
0,1,0 | 8,44,7 | S=(0,0);(0,1) | I= | sp=882,1 | ip=
0,1,0 | 8,44,7 | S=(0,0);(0,1) | I= | sp=97,1 | ip=
0,1,0 | 8,44,8 | S=(0,0);(0,1) | I= | sp=1,1 | ip=
0,1,0 | 8,44,8 | S=(0,0);(0,1) | I= | sp=1,882 | ip=
0,1,0 | 8,44,8 | S=(0,0);(0,1) | I= | sp=1,97 | ip=
0,1,0 | 8,44,8 | S=(0,0);(0,1) | I= | sp=1,98 | ip=
0,1,0 | 8,44,8 | S=(0,0);(0,1) | I= | sp=882,1 | ip=
0,1,0 | 8,44,8 | S=(0,0);(0,1) | I= | sp=97,1 | ip=
0,1,0 | 8,44,8 | S=(0,0);(0,1) | I= | sp=98,1 | ip=
0,1,0 | 8,53,6 | S=(0,0);(0,1) | I= | sp=1,1 | ip=
0,1,0 | 8,54,6 | S=(0,0);(0,1) | I= | sp=1,1 | ip=
0,1,0 | 8,54,7 | S=(0,0);(0,1) | I= | sp=1,1 | ip=
0,1,0 | 8,54,8 | S=(0,0);(0,1) | I= | sp=1,1 | ip=
0,1,0 | 8,45,6 | S=(0,0);(0,1) | I= | sp=1,1 | ip=
0,1,0 | 8,45,7 | S=(0,0);(0,1) | I= | sp=1,1 | ip=
0,1,0 | 8,45,7 | S=(0,0);(0,1) | I= | sp=1,882 | ip=
0,1,0 | 8,45,7 | S=(0,0);(0,1) | I= | sp=882,1 | ip=
0,1,0 | 8,45,8 | S=(0,0);(0,1) | I= | sp=1,1 | ip=
0,1,0 | 8,45,8 | S=(0,0);(0,1) | I= | sp=1,882 | ip=
0,1,0 | 8,45,8 | S=(0,0);(0,1) | I= | sp=1,97 | ip=
0,1,0 | 8,45,8 | S=(0,0);(0,1) | I= | sp=882,1 | ip=
0,1,0 | 8,45,8 | S=(0,0);(0,1) | I= | sp=97,1 | ip=
0,1,0 | 8,45,12 | S=(0,0);(0,1) | I= | sp=1,1 | ip=
0,1,0 | 8,45,12 | S=(0,0);(0,1) | I= | sp=1,882 | ip=
0,1,0 | 8,45,12 | S=(0,0);(0,1) | I= | sp=1,97 | ip=
0,1,0 | 8,45,12 | S=(0,0);(0,1) | I= | sp=1,98 | ip=
0,1,0 | 8,45,12 | S=(0,0);(0,1) | I= | sp=882,1 | ip=
0,1,0 | 8,45,12 | S=(0,0);(0,1) | I= | sp=97,1 | ip=
0,1,0 | 8,45,12 | S=(0,0);(0,1) | I= | sp=98,1 | ip=
0,1,0 | 8,55,7 | S=(0,0);(0,1) | I= | sp=1,1 | ip=
0,1,0 | 8,55,8 | S=(0,0);(0,1) | I= | sp=1,1 | ip=
0,1,0 | 8,55,12 | S=(0,0);(0,1) | I= | sp=1,1 | ip=
0,1,0 | 12,42,4 | S=(0,0);(0,1) | I= | sp=1,1 | ip=
0,1,0 | 12,42,4 | S=(0,0);(0,1) | I= | sp=1,882 | ip=
0,1,0 | 12,42,4 | S=(0,0);(0,1) | I= | sp=1,883 | ip=
0,1,0 | 12,42,4 | S=(0,0);(0,1) | I= | sp=1,884 | ip=
0,1,0 | 12,42,4 | S=(0,0);(0,1) | I= | sp=1,885 | ip=
0,1,0 | 12,42,4 | S=(0,0);(0,1) | I= | sp=1,886 | ip=
0,1,0 | 12,42,4 | S=(0,0);(0,1) | I= | sp=1,24 | ip=
0,1,0 | 12,42,4 | S=(0,0);(0,1) | I= | sp=1,93 | ip=
0,1,0 | 12,42,4 | S=(0,0);(0,1) | I= | sp=1,94 | ip=
0,1,0 | 12,42,4 | S=(0,0);(0,1) | I= | sp=1,96 | ip=
0,1,0 | 12,42,4 | S=(0,0);(0,1) | I= | sp=1,35 | ip=
0,1,0 | 12,42,4 | S=(0,0);(0,1) | I= | sp=1,45 | ip=
0,1,0 | 12,42,4 | S=(0,0);(0,1) | I= | sp=1,55 | ip=
0,1,0 | 12,42,4 | S=(0,0);(0,1) | I= | sp=1,99930 | ip=
0,1,0 | 12,42,4 | S=(0,0);(0,1) | I= | sp=1,996 | ip=
0,1,0 | 12,42,4 | S=(0,0);(0,1) | I= | sp=1,9912 | ip=
0,1,0 | 12,42,4 | S=(0,0);(0,1) | I= | sp=1,918 | ip=
0,1,0 | 12,42,4 | S=(0,0);(0,1) | I= | sp=1,919 | ip=
0,1,0 | 12,42,4 | S=(0,0);(0,1) | I= | sp=1,920 | ip=
0,1,0 | 12,42,4 | S=(0,0);(0,1) | I= | sp=1,921 | ip=
0,1,0 | 12,42,4 | S=(0,0);(0,1) | I= | sp=1,922 | ip=
0,1,0 | 12,42,4 | S=(0,0);(0,1) | I= | sp=1,945 | ip=
0,1,0 | 12,42,4 | S=(0,0);(0,1) | I= | sp=1,9915 | ip=
0,1,0 | 12,42,4 | S=(0,0);(0,1) | I= | sp=1,946 | ip=
0,1,0 | 12,42,4 | S=(0,0);(0,1) | I= | sp=1,947 | ip=
0,1,0 | 12,42,4 | S=(0,0);(0,1) | I= | sp=882,1 | ip=
0,1,0 | 12,42,4 | S=(0,0);(0,1) | I= | sp=882,882 | ip=
0,1,0 | 12,42,4 | S=(0,0);(0,1) | I= | sp=882,883 | ip=
0,1,0 | 12,42,4 | S=(0,0);(0,1) | I= | sp=882,884 | ip=
0,1,0 | 12,42,4 | S=(0,0);(0,1) | I= | sp=882,885 | ip=
0,1,0 | 12,42,4 | S=(0,0);(0,1) | I= | sp=882,24 | ip=
0,1,0 | 12,42,4 | S=(0,0);(0,1) | I= | sp=882,93 | ip=
0,1,0 | 12,42,4 | S=(0,0);(0,1) | I= | sp=882,96 | ip=
0,1,0 | 12,42,4 | S=(0,0);(0,1) | I= | sp=882,35 | ip=
0,1,0 | 12,42,4 | S=(0,0);(0,1) | I= | sp=882,45 | ip=
0,1,0 | 12,42,4 | S=(0,0);(0,1) | I= | sp=882,55 | ip=
0,1,0 | 12,42,4 | S=(0,0);(0,1) | I= | sp=882,99930 | ip=
0,1,0 | 12,42,4 | S=(0,0);(0,1) | I= | sp=882,9912 | ip=
0,1,0 | 12,42,4 | S=(0,0);(0,1) | I= | sp=882,918 | ip=
0,1,0 | 12,42,4 | S=(0,0);(0,1) | I= | sp=882,920 | ip=
0,1,0 | 12,42,4 | S=(0,0);(0,1) | I= | sp=882,921 | ip=
0,1,0 | 12,42,4 | S=(0,0);(0,1) | I= | sp=882,922 | ip=
0,1,0 | 12,42,4 | S=(0,0);(0,1) | I= | sp=882,945 | ip=
0,1,0 | 12,42,4 | S=(0,0);(0,1) | I= | sp=883,1 | ip=
0,1,0 | 12,42,4 | S=(0,0);(0,1) | I= | sp=883,882 | ip=
0,1,0 | 12,42,4 | S=(0,0);(0,1) | I= | sp=883,883 | ip=
0,1,0 | 12,42,4 | S=(0,0);(0,1) | I= | sp=883,884 | ip=
0,1,0 | 12,42,4 | S=(0,0);(0,1) | I= | sp=883,24 | ip=
0,1,0 | 12,42,4 | S=(0,0);(0,1) | I= | sp=883,93 | ip=
0,1,0 | 12,42,4 | S=(0,0);(0,1) | I= | sp=883,918 | ip=
0,1,0 | 12,42,4 | S=(0,0);(0,1) | I= | sp=884,1 | ip=
0,1,0 | 12,42,4 | S=(0,0);(0,1) | I= | sp=884,882 | ip=
0,1,0 | 12,42,4 | S=(0,0);(0,1) | I= | sp=884,883 | ip=
0,1,0 | 12,42,4 | S=(0,0);(0,1) | I= | sp=885,1 | ip=
0,1,0 | 12,42,4 | S=(0,0);(0,1) | I= | sp=885,882 | ip=
0,1,0 | 12,42,4 | S=(0,0);(0,1) | I= | sp=886,1 | ip=
0,1,0 | 12,42,4 | S=(0,0);(0,1) | I= | sp=24,1 | ip=
0,1,0 | 12,42,4 | S=(0,0);(0,1) | I= | sp=24,882 | ip=
0,1,0 | 12,42,4 | S=(0,0);(0,1) | I= | sp=24,883 | ip=
0,1,0 | 12,42,4 | S=(0,0);(0,1) | I= | sp=93,1 | ip=
0,1,0 | 12,42,4 | S=(0,0);(0,1) | I= | sp=93,882 | ip=
0,1,0 | 12,42,4 | S=(0,0);(0,1) | I= | sp=93,883 | ip=
0,1,0 | 12,42,4 | S=(0,0);(0,1) | I= | sp=93,93 | ip=
0,1,0 | 12,42,4 | S=(0,0);(0,1) | I= | sp=94,1 | ip=
0,1,0 | 12,42,4 | S=(0,0);(0,1) | I= | sp=96,1 | ip=
0,1,0 | 12,42,4 | S=(0,0);(0,1) | I= | sp=96,882 | ip=
0,1,0 | 12,42,4 | S=(0,0);(0,1) | I= | sp=35,1 | ip=
0,1,0 | 12,42,4 | S=(0,0);(0,1) | I= | sp=35,882 | ip=
0,1,0 | 12,42,4 | S=(0,0);(0,1) | I= | sp=45,1 | ip=
0,1,0 | 12,42,4 | S=(0,0);(0,1) | I= | sp=45,882 | ip=
0,1,0 | 12,42,4 | S=(0,0);(0,1) | I= | sp=55,1 | ip=
0,1,0 | 12,42,4 | S=(0,0);(0,1) | I= | sp=55,882 | ip=
0,1,0 | 12,42,4 | S=(0,0);(0,1) | I= | sp=99930,1 | ip=
0,1,0 | 12,42,4 | S=(0,0);(0,1) | I= | sp=99930,882 | ip=
0,1,0 | 12,42,4 | S=(0,0);(0,1) | I= | sp=996,1 | ip=
0,1,0 | 12,42,4 | S=(0,0);(0,1) | I= | sp=9912,1 | ip=
0,1,0 | 12,42,4 | S=(0,0);(0,1) | I= | sp=9912,882 | ip=
0,1,0 | 12,42,4 | S=(0,0);(0,1) | I= | sp=918,1 | ip=
0,1,0 | 12,42,4 | S=(0,0);(0,1) | I= | sp=918,882 | ip=
0,1,0 | 12,42,4 | S=(0,0);(0,1) | I= | sp=918,883 | ip=
0,1,0 | 12,42,4 | S=(0,0);(0,1) | I= | sp=919,1 | ip=
0,1,0 | 12,42,4 | S=(0,0);(0,1) | I= | sp=920,1 | ip=
0,1,0 | 12,42,4 | S=(0,0);(0,1) | I= | sp=920,882 | ip=
0,1,0 | 12,42,4 | S=(0,0);(0,1) | I= | sp=921,1 | ip=
0,1,0 | 12,42,4 | S=(0,0);(0,1) | I= | sp=921,882 | ip=
0,1,0 | 12,42,4 | S=(0,0);(0,1) | I= | sp=922,1 | ip=
0,1,0 | 12,42,4 | S=(0,0);(0,1) | I= | sp=922,882 | ip=
0,1,0 | 12,42,4 | S=(0,0);(0,1) | I= | sp=945,1 | ip=
0,1,0 | 12,42,4 | S=(0,0);(0,1) | I= | sp=945,882 | ip=
0,1,0 | 12,42,4 | S=(0,0);(0,1) | I= | sp=9915,1 | ip=
0,1,0 | 12,42,4 | S=(0,0);(0,1) | I= | sp=946,1 | ip=
0,1,0 | 12,42,4 | S=(0,0);(0,1) | I= | sp=947,1 | ip=
0,1,0 | 12,53,4 | S=(0,0);(0,1) | I= | sp=1,1 | ip=
0,1,0 | 12,53,4 | S=(0,0);(0,1) | I= | sp=1,882 | ip=
0,1,0 | 12,53,4 | S=(0,0);(0,1) | I= | sp=1,883 | ip=
0,1,0 | 12,53,4 | S=(0,0);(0,1) | I= | sp=1,884 | ip=
0,1,0 | 12,53,4 | S=(0,0);(0,1) | I= | sp=1,24 | ip=
0,1,0 | 12,53,4 | S=(0,0);(0,1) | I= | sp=1,93 | ip=
0,1,0 | 12,53,4 | S=(0,0);(0,1) | I= | sp=1,9912 | ip=
0,1,0 | 12,53,4 | S=(0,0);(0,1) | I= | sp=1,918 | ip=
0,1,0 | 12,53,4 | S=(0,0);(0,1) | I= | sp=1,920 | ip=
0,1,0 | 12,53,4 | S=(0,0);(0,1) | I= | sp=1,921 | ip=
0,1,0 | 12,53,4 | S=(0,0);(0,1) | I= | sp=1,922 | ip=
0,1,0 | 12,53,4 | S=(0,0);(0,1) | I= | sp=882,1 | ip=
0,1,0 | 12,53,4 | S=(0,0);(0,1) | I= | sp=882,882 | ip=
0,1,0 | 12,53,4 | S=(0,0);(0,1) | I= | sp=882,883 | ip=
0,1,0 | 12,53,4 | S=(0,0);(0,1) | I= | sp=882,93 | ip=
0,1,0 | 12,53,4 | S=(0,0);(0,1) | I= | sp=883,1 | ip=
0,1,0 | 12,53,4 | S=(0,0);(0,1) | I= | sp=883,882 | ip=
0,1,0 | 12,53,4 | S=(0,0);(0,1) | I= | sp=884,1 | ip=
0,1,0 | 12,53,4 | S=(0,0);(0,1) | I= | sp=24,1 | ip=
0,1,0 | 12,53,4 | S=(0,0);(0,1) | I= | sp=93,1 | ip=
0,1,0 | 12,53,4 | S=(0,0);(0,1) | I= | sp=93,882 | ip=
0,1,0 | 12,53,4 | S=(0,0);(0,1) | I= | sp=9912,1 | ip=
0,1,0 | 12,53,4 | S=(0,0);(0,1) | I= | sp=918,1 | ip=
0,1,0 | 12,53,4 | S=(0,0);(0,1) | I= | sp=920,1 | ip=
0,1,0 | 12,53,4 | S=(0,0);(0,1) | I= | sp=921,1 | ip=
0,1,0 | 12,53,4 | S=(0,0);(0,1) | I= | sp=922,1 | ip=
0,1,0 | 12,53,6 | S=(0,0);(0,1) | I= | sp=1,1 | ip=
0,1,0 | 12,53,6 | S=(0,0);(0,1) | I= | sp=1,882 | ip=
0,1,0 | 12,53,6 | S=(0,0);(0,1) | I= | sp=1,883 | ip=
0,1,0 | 12,53,6 | S=(0,0);(0,1) | I= | sp=1,884 | ip=
0,1,0 | 12,53,6 | S=(0,0);(0,1) | I= | sp=1,885 | ip=
0,1,0 | 12,53,6 | S=(0,0);(0,1) | I= | sp=1,24 | ip=
0,1,0 | 12,53,6 | S=(0,0);(0,1) | I= | sp=1,93 | ip=
0,1,0 | 12,53,6 | S=(0,0);(0,1) | I= | sp=1,96 | ip=
0,1,0 | 12,53,6 | S=(0,0);(0,1) | I= | sp=1,35 | ip=
0,1,0 | 12,53,6 | S=(0,0);(0,1) | I= | sp=1,45 | ip=
0,1,0 | 12,53,6 | S=(0,0);(0,1) | I= | sp=1,55 | ip=
0,1,0 | 12,53,6 | S=(0,0);(0,1) | I= | sp=1,99930 | ip=
0,1,0 | 12,53,6 | S=(0,0);(0,1) | I= | sp=1,9912 | ip=
0,1,0 | 12,53,6 | S=(0,0);(0,1) | I= | sp=1,918 | ip=
0,1,0 | 12,53,6 | S=(0,0);(0,1) | I= | sp=1,920 | ip=
0,1,0 | 12,53,6 | S=(0,0);(0,1) | I= | sp=1,921 | ip=
0,1,0 | 12,53,6 | S=(0,0);(0,1) | I= | sp=1,922 | ip=
0,1,0 | 12,53,6 | S=(0,0);(0,1) | I= | sp=1,945 | ip=
0,1,0 | 12,53,6 | S=(0,0);(0,1) | I= | sp=1,947 | ip=
0,1,0 | 12,53,6 | S=(0,0);(0,1) | I= | sp=882,1 | ip=
0,1,0 | 12,53,6 | S=(0,0);(0,1) | I= | sp=882,882 | ip=
0,1,0 | 12,53,6 | S=(0,0);(0,1) | I= | sp=882,883 | ip=
0,1,0 | 12,53,6 | S=(0,0);(0,1) | I= | sp=882,884 | ip=
0,1,0 | 12,53,6 | S=(0,0);(0,1) | I= | sp=882,24 | ip=
0,1,0 | 12,53,6 | S=(0,0);(0,1) | I= | sp=882,93 | ip=
0,1,0 | 12,53,6 | S=(0,0);(0,1) | I= | sp=882,9912 | ip=
0,1,0 | 12,53,6 | S=(0,0);(0,1) | I= | sp=882,918 | ip=
0,1,0 | 12,53,6 | S=(0,0);(0,1) | I= | sp=883,1 | ip=
0,1,0 | 12,53,6 | S=(0,0);(0,1) | I= | sp=883,882 | ip=
0,1,0 | 12,53,6 | S=(0,0);(0,1) | I= | sp=883,883 | ip=
0,1,0 | 12,53,6 | S=(0,0);(0,1) | I= | sp=883,93 | ip=
0,1,0 | 12,53,6 | S=(0,0);(0,1) | I= | sp=884,1 | ip=
0,1,0 | 12,53,6 | S=(0,0);(0,1) | I= | sp=884,882 | ip=
0,1,0 | 12,53,6 | S=(0,0);(0,1) | I= | sp=885,1 | ip=
0,1,0 | 12,53,6 | S=(0,0);(0,1) | I= | sp=24,1 | ip=
0,1,0 | 12,53,6 | S=(0,0);(0,1) | I= | sp=24,882 | ip=
0,1,0 | 12,53,6 | S=(0,0);(0,1) | I= | sp=93,1 | ip=
0,1,0 | 12,53,6 | S=(0,0);(0,1) | I= | sp=93,882 | ip=
0,1,0 | 12,53,6 | S=(0,0);(0,1) | I= | sp=93,883 | ip=
0,1,0 | 12,53,6 | S=(0,0);(0,1) | I= | sp=96,1 | ip=
0,1,0 | 12,53,6 | S=(0,0);(0,1) | I= | sp=35,1 | ip=
0,1,0 | 12,53,6 | S=(0,0);(0,1) | I= | sp=45,1 | ip=
0,1,0 | 12,53,6 | S=(0,0);(0,1) | I= | sp=55,1 | ip=
0,1,0 | 12,53,6 | S=(0,0);(0,1) | I= | sp=99930,1 | ip=
0,1,0 | 12,53,6 | S=(0,0);(0,1) | I= | sp=9912,1 | ip=
0,1,0 | 12,53,6 | S=(0,0);(0,1) | I= | sp=9912,882 | ip=
0,1,0 | 12,53,6 | S=(0,0);(0,1) | I= | sp=918,1 | ip=
0,1,0 | 12,53,6 | S=(0,0);(0,1) | I= | sp=918,882 | ip=
0,1,0 | 12,53,6 | S=(0,0);(0,1) | I= | sp=920,1 | ip=
0,1,0 | 12,53,6 | S=(0,0);(0,1) | I= | sp=921,1 | ip=
0,1,0 | 12,53,6 | S=(0,0);(0,1) | I= | sp=922,1 | ip=
0,1,0 | 12,53,6 | S=(0,0);(0,1) | I= | sp=945,1 | ip=
0,1,0 | 12,53,6 | S=(0,0);(0,1) | I= | sp=947,1 | ip=
0,1,0 | 12,54,6 | S=(0,0);(0,1) | I= | sp=1,1 | ip=
0,1,0 | 12,54,6 | S=(0,0);(0,1) | I= | sp=1,882 | ip=
0,1,0 | 12,54,6 | S=(0,0);(0,1) | I= | sp=1,883 | ip=
0,1,0 | 12,54,6 | S=(0,0);(0,1) | I= | sp=1,884 | ip=
0,1,0 | 12,54,6 | S=(0,0);(0,1) | I= | sp=1,885 | ip=
0,1,0 | 12,54,6 | S=(0,0);(0,1) | I= | sp=1,24 | ip=
0,1,0 | 12,54,6 | S=(0,0);(0,1) | I= | sp=1,93 | ip=
0,1,0 | 12,54,6 | S=(0,0);(0,1) | I= | sp=1,96 | ip=
0,1,0 | 12,54,6 | S=(0,0);(0,1) | I= | sp=1,35 | ip=
0,1,0 | 12,54,6 | S=(0,0);(0,1) | I= | sp=1,45 | ip=
0,1,0 | 12,54,6 | S=(0,0);(0,1) | I= | sp=1,55 | ip=
0,1,0 | 12,54,6 | S=(0,0);(0,1) | I= | sp=1,99930 | ip=
0,1,0 | 12,54,6 | S=(0,0);(0,1) | I= | sp=1,9912 | ip=
0,1,0 | 12,54,6 | S=(0,0);(0,1) | I= | sp=1,918 | ip=
0,1,0 | 12,54,6 | S=(0,0);(0,1) | I= | sp=1,920 | ip=
0,1,0 | 12,54,6 | S=(0,0);(0,1) | I= | sp=1,921 | ip=
0,1,0 | 12,54,6 | S=(0,0);(0,1) | I= | sp=1,922 | ip=
0,1,0 | 12,54,6 | S=(0,0);(0,1) | I= | sp=1,945 | ip=
0,1,0 | 12,54,6 | S=(0,0);(0,1) | I= | sp=882,1 | ip=
0,1,0 | 12,54,6 | S=(0,0);(0,1) | I= | sp=882,882 | ip=
0,1,0 | 12,54,6 | S=(0,0);(0,1) | I= | sp=882,883 | ip=
0,1,0 | 12,54,6 | S=(0,0);(0,1) | I= | sp=882,884 | ip=
0,1,0 | 12,54,6 | S=(0,0);(0,1) | I= | sp=882,24 | ip=
0,1,0 | 12,54,6 | S=(0,0);(0,1) | I= | sp=882,93 | ip=
0,1,0 | 12,54,6 | S=(0,0);(0,1) | I= | sp=882,918 | ip=
0,1,0 | 12,54,6 | S=(0,0);(0,1) | I= | sp=883,1 | ip=
0,1,0 | 12,54,6 | S=(0,0);(0,1) | I= | sp=883,882 | ip=
0,1,0 | 12,54,6 | S=(0,0);(0,1) | I= | sp=883,883 | ip=
0,1,0 | 12,54,6 | S=(0,0);(0,1) | I= | sp=884,1 | ip=
0,1,0 | 12,54,6 | S=(0,0);(0,1) | I= | sp=884,882 | ip=
0,1,0 | 12,54,6 | S=(0,0);(0,1) | I= | sp=885,1 | ip=
0,1,0 | 12,54,6 | S=(0,0);(0,1) | I= | sp=24,1 | ip=
0,1,0 | 12,54,6 | S=(0,0);(0,1) | I= | sp=24,882 | ip=
0,1,0 | 12,54,6 | S=(0,0);(0,1) | I= | sp=93,1 | ip=
0,1,0 | 12,54,6 | S=(0,0);(0,1) | I= | sp=93,882 | ip=
0,1,0 | 12,54,6 | S=(0,0);(0,1) | I= | sp=96,1 | ip=
0,1,0 | 12,54,6 | S=(0,0);(0,1) | I= | sp=35,1 | ip=
0,1,0 | 12,54,6 | S=(0,0);(0,1) | I= | sp=45,1 | ip=
0,1,0 | 12,54,6 | S=(0,0);(0,1) | I= | sp=55,1 | ip=
0,1,0 | 12,54,6 | S=(0,0);(0,1) | I= | sp=99930,1 | ip=
0,1,0 | 12,54,6 | S=(0,0);(0,1) | I= | sp=9912,1 | ip=
0,1,0 | 12,54,6 | S=(0,0);(0,1) | I= | sp=918,1 | ip=
0,1,0 | 12,54,6 | S=(0,0);(0,1) | I= | sp=918,882 | ip=
0,1,0 | 12,54,6 | S=(0,0);(0,1) | I= | sp=920,1 | ip=
0,1,0 | 12,54,6 | S=(0,0);(0,1) | I= | sp=921,1 | ip=
0,1,0 | 12,54,6 | S=(0,0);(0,1) | I= | sp=922,1 | ip=
0,1,0 | 12,54,6 | S=(0,0);(0,1) | I= | sp=945,1 | ip=
0,1,0 | 12,54,7 | S=(0,0);(0,1) | I= | sp=1,1 | ip=
0,1,0 | 12,54,7 | S=(0,0);(0,1) | I= | sp=1,882 | ip=
0,1,0 | 12,54,7 | S=(0,0);(0,1) | I= | sp=1,883 | ip=
0,1,0 | 12,54,7 | S=(0,0);(0,1) | I= | sp=1,884 | ip=
0,1,0 | 12,54,7 | S=(0,0);(0,1) | I= | sp=1,885 | ip=
0,1,0 | 12,54,7 | S=(0,0);(0,1) | I= | sp=1,24 | ip=
0,1,0 | 12,54,7 | S=(0,0);(0,1) | I= | sp=1,93 | ip=
0,1,0 | 12,54,7 | S=(0,0);(0,1) | I= | sp=1,96 | ip=
0,1,0 | 12,54,7 | S=(0,0);(0,1) | I= | sp=1,35 | ip=
0,1,0 | 12,54,7 | S=(0,0);(0,1) | I= | sp=1,45 | ip=
0,1,0 | 12,54,7 | S=(0,0);(0,1) | I= | sp=1,55 | ip=
0,1,0 | 12,54,7 | S=(0,0);(0,1) | I= | sp=1,99930 | ip=
0,1,0 | 12,54,7 | S=(0,0);(0,1) | I= | sp=1,9912 | ip=
0,1,0 | 12,54,7 | S=(0,0);(0,1) | I= | sp=1,918 | ip=
0,1,0 | 12,54,7 | S=(0,0);(0,1) | I= | sp=1,920 | ip=
0,1,0 | 12,54,7 | S=(0,0);(0,1) | I= | sp=1,921 | ip=
0,1,0 | 12,54,7 | S=(0,0);(0,1) | I= | sp=1,922 | ip=
0,1,0 | 12,54,7 | S=(0,0);(0,1) | I= | sp=1,945 | ip=
0,1,0 | 12,54,7 | S=(0,0);(0,1) | I= | sp=1,947 | ip=
0,1,0 | 12,54,7 | S=(0,0);(0,1) | I= | sp=882,1 | ip=
0,1,0 | 12,54,7 | S=(0,0);(0,1) | I= | sp=882,882 | ip=
0,1,0 | 12,54,7 | S=(0,0);(0,1) | I= | sp=882,883 | ip=
0,1,0 | 12,54,7 | S=(0,0);(0,1) | I= | sp=882,884 | ip=
0,1,0 | 12,54,7 | S=(0,0);(0,1) | I= | sp=882,24 | ip=
0,1,0 | 12,54,7 | S=(0,0);(0,1) | I= | sp=882,93 | ip=
0,1,0 | 12,54,7 | S=(0,0);(0,1) | I= | sp=882,9912 | ip=
0,1,0 | 12,54,7 | S=(0,0);(0,1) | I= | sp=882,918 | ip=
0,1,0 | 12,54,7 | S=(0,0);(0,1) | I= | sp=883,1 | ip=
0,1,0 | 12,54,7 | S=(0,0);(0,1) | I= | sp=883,882 | ip=
0,1,0 | 12,54,7 | S=(0,0);(0,1) | I= | sp=883,883 | ip=
0,1,0 | 12,54,7 | S=(0,0);(0,1) | I= | sp=883,93 | ip=
0,1,0 | 12,54,7 | S=(0,0);(0,1) | I= | sp=884,1 | ip=
0,1,0 | 12,54,7 | S=(0,0);(0,1) | I= | sp=884,882 | ip=
0,1,0 | 12,54,7 | S=(0,0);(0,1) | I= | sp=885,1 | ip=
0,1,0 | 12,54,7 | S=(0,0);(0,1) | I= | sp=24,1 | ip=
0,1,0 | 12,54,7 | S=(0,0);(0,1) | I= | sp=24,882 | ip=
0,1,0 | 12,54,7 | S=(0,0);(0,1) | I= | sp=93,1 | ip=
0,1,0 | 12,54,7 | S=(0,0);(0,1) | I= | sp=93,882 | ip=
0,1,0 | 12,54,7 | S=(0,0);(0,1) | I= | sp=93,883 | ip=
0,1,0 | 12,54,7 | S=(0,0);(0,1) | I= | sp=96,1 | ip=
0,1,0 | 12,54,7 | S=(0,0);(0,1) | I= | sp=35,1 | ip=
0,1,0 | 12,54,7 | S=(0,0);(0,1) | I= | sp=45,1 | ip=
0,1,0 | 12,54,7 | S=(0,0);(0,1) | I= | sp=55,1 | ip=
0,1,0 | 12,54,7 | S=(0,0);(0,1) | I= | sp=99930,1 | ip=
0,1,0 | 12,54,7 | S=(0,0);(0,1) | I= | sp=9912,1 | ip=
0,1,0 | 12,54,7 | S=(0,0);(0,1) | I= | sp=9912,882 | ip=
0,1,0 | 12,54,7 | S=(0,0);(0,1) | I= | sp=918,1 | ip=
0,1,0 | 12,54,7 | S=(0,0);(0,1) | I= | sp=918,882 | ip=
0,1,0 | 12,54,7 | S=(0,0);(0,1) | I= | sp=920,1 | ip=
0,1,0 | 12,54,7 | S=(0,0);(0,1) | I= | sp=921,1 | ip=
0,1,0 | 12,54,7 | S=(0,0);(0,1) | I= | sp=922,1 | ip=
0,1,0 | 12,54,7 | S=(0,0);(0,1) | I= | sp=945,1 | ip=
0,1,0 | 12,54,7 | S=(0,0);(0,1) | I= | sp=947,1 | ip=
0,1,0 | 12,54,8 | S=(0,0);(0,1) | I= | sp=1,1 | ip=
0,1,0 | 12,54,8 | S=(0,0);(0,1) | I= | sp=1,882 | ip=
0,1,0 | 12,54,8 | S=(0,0);(0,1) | I= | sp=1,883 | ip=
0,1,0 | 12,54,8 | S=(0,0);(0,1) | I= | sp=1,884 | ip=
0,1,0 | 12,54,8 | S=(0,0);(0,1) | I= | sp=1,885 | ip=
0,1,0 | 12,54,8 | S=(0,0);(0,1) | I= | sp=1,24 | ip=
0,1,0 | 12,54,8 | S=(0,0);(0,1) | I= | sp=1,93 | ip=
0,1,0 | 12,54,8 | S=(0,0);(0,1) | I= | sp=1,96 | ip=
0,1,0 | 12,54,8 | S=(0,0);(0,1) | I= | sp=1,35 | ip=
0,1,0 | 12,54,8 | S=(0,0);(0,1) | I= | sp=1,45 | ip=
0,1,0 | 12,54,8 | S=(0,0);(0,1) | I= | sp=1,55 | ip=
0,1,0 | 12,54,8 | S=(0,0);(0,1) | I= | sp=1,99930 | ip=
0,1,0 | 12,54,8 | S=(0,0);(0,1) | I= | sp=1,9912 | ip=
0,1,0 | 12,54,8 | S=(0,0);(0,1) | I= | sp=1,918 | ip=
0,1,0 | 12,54,8 | S=(0,0);(0,1) | I= | sp=1,920 | ip=
0,1,0 | 12,54,8 | S=(0,0);(0,1) | I= | sp=1,921 | ip=
0,1,0 | 12,54,8 | S=(0,0);(0,1) | I= | sp=1,922 | ip=
0,1,0 | 12,54,8 | S=(0,0);(0,1) | I= | sp=1,945 | ip=
0,1,0 | 12,54,8 | S=(0,0);(0,1) | I= | sp=1,947 | ip=
0,1,0 | 12,54,8 | S=(0,0);(0,1) | I= | sp=882,1 | ip=
0,1,0 | 12,54,8 | S=(0,0);(0,1) | I= | sp=882,882 | ip=
0,1,0 | 12,54,8 | S=(0,0);(0,1) | I= | sp=882,883 | ip=
0,1,0 | 12,54,8 | S=(0,0);(0,1) | I= | sp=882,884 | ip=
0,1,0 | 12,54,8 | S=(0,0);(0,1) | I= | sp=882,24 | ip=
0,1,0 | 12,54,8 | S=(0,0);(0,1) | I= | sp=882,93 | ip=
0,1,0 | 12,54,8 | S=(0,0);(0,1) | I= | sp=882,9912 | ip=
0,1,0 | 12,54,8 | S=(0,0);(0,1) | I= | sp=882,918 | ip=
0,1,0 | 12,54,8 | S=(0,0);(0,1) | I= | sp=882,922 | ip=
0,1,0 | 12,54,8 | S=(0,0);(0,1) | I= | sp=883,1 | ip=
0,1,0 | 12,54,8 | S=(0,0);(0,1) | I= | sp=883,882 | ip=
0,1,0 | 12,54,8 | S=(0,0);(0,1) | I= | sp=883,883 | ip=
0,1,0 | 12,54,8 | S=(0,0);(0,1) | I= | sp=883,93 | ip=
0,1,0 | 12,54,8 | S=(0,0);(0,1) | I= | sp=884,1 | ip=
0,1,0 | 12,54,8 | S=(0,0);(0,1) | I= | sp=884,882 | ip=
0,1,0 | 12,54,8 | S=(0,0);(0,1) | I= | sp=885,1 | ip=
0,1,0 | 12,54,8 | S=(0,0);(0,1) | I= | sp=24,1 | ip=
0,1,0 | 12,54,8 | S=(0,0);(0,1) | I= | sp=24,882 | ip=
0,1,0 | 12,54,8 | S=(0,0);(0,1) | I= | sp=93,1 | ip=
0,1,0 | 12,54,8 | S=(0,0);(0,1) | I= | sp=93,882 | ip=
0,1,0 | 12,54,8 | S=(0,0);(0,1) | I= | sp=93,883 | ip=
0,1,0 | 12,54,8 | S=(0,0);(0,1) | I= | sp=96,1 | ip=
0,1,0 | 12,54,8 | S=(0,0);(0,1) | I= | sp=35,1 | ip=
0,1,0 | 12,54,8 | S=(0,0);(0,1) | I= | sp=45,1 | ip=
0,1,0 | 12,54,8 | S=(0,0);(0,1) | I= | sp=55,1 | ip=
0,1,0 | 12,54,8 | S=(0,0);(0,1) | I= | sp=99930,1 | ip=
0,1,0 | 12,54,8 | S=(0,0);(0,1) | I= | sp=9912,1 | ip=
0,1,0 | 12,54,8 | S=(0,0);(0,1) | I= | sp=9912,882 | ip=
0,1,0 | 12,54,8 | S=(0,0);(0,1) | I= | sp=918,1 | ip=
0,1,0 | 12,54,8 | S=(0,0);(0,1) | I= | sp=918,882 | ip=
0,1,0 | 12,54,8 | S=(0,0);(0,1) | I= | sp=920,1 | ip=
0,1,0 | 12,54,8 | S=(0,0);(0,1) | I= | sp=921,1 | ip=
0,1,0 | 12,54,8 | S=(0,0);(0,1) | I= | sp=922,1 | ip=
0,1,0 | 12,54,8 | S=(0,0);(0,1) | I= | sp=922,882 | ip=
0,1,0 | 12,54,8 | S=(0,0);(0,1) | I= | sp=945,1 | ip=
0,1,0 | 12,54,8 | S=(0,0);(0,1) | I= | sp=947,1 | ip=
0,1,0 | 12,55,6 | S=(0,0);(0,1) | I= | sp=1,1 | ip=
0,1,0 | 12,55,6 | S=(0,0);(0,1) | I= | sp=1,882 | ip=
0,1,0 | 12,55,6 | S=(0,0);(0,1) | I= | sp=1,883 | ip=
0,1,0 | 12,55,6 | S=(0,0);(0,1) | I= | sp=1,884 | ip=
0,1,0 | 12,55,6 | S=(0,0);(0,1) | I= | sp=1,24 | ip=
0,1,0 | 12,55,6 | S=(0,0);(0,1) | I= | sp=1,93 | ip=
0,1,0 | 12,55,6 | S=(0,0);(0,1) | I= | sp=1,9912 | ip=
0,1,0 | 12,55,6 | S=(0,0);(0,1) | I= | sp=1,918 | ip=
0,1,0 | 12,55,6 | S=(0,0);(0,1) | I= | sp=1,920 | ip=
0,1,0 | 12,55,6 | S=(0,0);(0,1) | I= | sp=1,921 | ip=
0,1,0 | 12,55,6 | S=(0,0);(0,1) | I= | sp=1,922 | ip=
0,1,0 | 12,55,6 | S=(0,0);(0,1) | I= | sp=882,1 | ip=
0,1,0 | 12,55,6 | S=(0,0);(0,1) | I= | sp=882,882 | ip=
0,1,0 | 12,55,6 | S=(0,0);(0,1) | I= | sp=882,883 | ip=
0,1,0 | 12,55,6 | S=(0,0);(0,1) | I= | sp=882,93 | ip=
0,1,0 | 12,55,6 | S=(0,0);(0,1) | I= | sp=883,1 | ip=
0,1,0 | 12,55,6 | S=(0,0);(0,1) | I= | sp=883,882 | ip=
0,1,0 | 12,55,6 | S=(0,0);(0,1) | I= | sp=884,1 | ip=
0,1,0 | 12,55,6 | S=(0,0);(0,1) | I= | sp=24,1 | ip=
0,1,0 | 12,55,6 | S=(0,0);(0,1) | I= | sp=93,1 | ip=
0,1,0 | 12,55,6 | S=(0,0);(0,1) | I= | sp=93,882 | ip=
0,1,0 | 12,55,6 | S=(0,0);(0,1) | I= | sp=9912,1 | ip=
0,1,0 | 12,55,6 | S=(0,0);(0,1) | I= | sp=918,1 | ip=
0,1,0 | 12,55,6 | S=(0,0);(0,1) | I= | sp=920,1 | ip=
0,1,0 | 12,55,6 | S=(0,0);(0,1) | I= | sp=921,1 | ip=
0,1,0 | 12,55,6 | S=(0,0);(0,1) | I= | sp=922,1 | ip=
0,1,0 | 12,55,7 | S=(0,0);(0,1) | I= | sp=1,1 | ip=
0,1,0 | 12,55,7 | S=(0,0);(0,1) | I= | sp=1,882 | ip=
0,1,0 | 12,55,7 | S=(0,0);(0,1) | I= | sp=1,883 | ip=
0,1,0 | 12,55,7 | S=(0,0);(0,1) | I= | sp=1,884 | ip=
0,1,0 | 12,55,7 | S=(0,0);(0,1) | I= | sp=1,885 | ip=
0,1,0 | 12,55,7 | S=(0,0);(0,1) | I= | sp=1,24 | ip=
0,1,0 | 12,55,7 | S=(0,0);(0,1) | I= | sp=1,93 | ip=
0,1,0 | 12,55,7 | S=(0,0);(0,1) | I= | sp=1,96 | ip=
0,1,0 | 12,55,7 | S=(0,0);(0,1) | I= | sp=1,35 | ip=
0,1,0 | 12,55,7 | S=(0,0);(0,1) | I= | sp=1,45 | ip=
0,1,0 | 12,55,7 | S=(0,0);(0,1) | I= | sp=1,55 | ip=
0,1,0 | 12,55,7 | S=(0,0);(0,1) | I= | sp=1,99930 | ip=
0,1,0 | 12,55,7 | S=(0,0);(0,1) | I= | sp=1,9912 | ip=
0,1,0 | 12,55,7 | S=(0,0);(0,1) | I= | sp=1,918 | ip=
0,1,0 | 12,55,7 | S=(0,0);(0,1) | I= | sp=1,920 | ip=
0,1,0 | 12,55,7 | S=(0,0);(0,1) | I= | sp=1,921 | ip=
0,1,0 | 12,55,7 | S=(0,0);(0,1) | I= | sp=1,922 | ip=
0,1,0 | 12,55,7 | S=(0,0);(0,1) | I= | sp=1,945 | ip=
0,1,0 | 12,55,7 | S=(0,0);(0,1) | I= | sp=882,1 | ip=
0,1,0 | 12,55,7 | S=(0,0);(0,1) | I= | sp=882,882 | ip=
0,1,0 | 12,55,7 | S=(0,0);(0,1) | I= | sp=882,883 | ip=
0,1,0 | 12,55,7 | S=(0,0);(0,1) | I= | sp=882,884 | ip=
0,1,0 | 12,55,7 | S=(0,0);(0,1) | I= | sp=882,24 | ip=
0,1,0 | 12,55,7 | S=(0,0);(0,1) | I= | sp=882,93 | ip=
0,1,0 | 12,55,7 | S=(0,0);(0,1) | I= | sp=882,918 | ip=
0,1,0 | 12,55,7 | S=(0,0);(0,1) | I= | sp=883,1 | ip=
0,1,0 | 12,55,7 | S=(0,0);(0,1) | I= | sp=883,882 | ip=
0,1,0 | 12,55,7 | S=(0,0);(0,1) | I= | sp=883,883 | ip=
0,1,0 | 12,55,7 | S=(0,0);(0,1) | I= | sp=884,1 | ip=
0,1,0 | 12,55,7 | S=(0,0);(0,1) | I= | sp=884,882 | ip=
0,1,0 | 12,55,7 | S=(0,0);(0,1) | I= | sp=885,1 | ip=
0,1,0 | 12,55,7 | S=(0,0);(0,1) | I= | sp=24,1 | ip=
0,1,0 | 12,55,7 | S=(0,0);(0,1) | I= | sp=24,882 | ip=
0,1,0 | 12,55,7 | S=(0,0);(0,1) | I= | sp=93,1 | ip=
0,1,0 | 12,55,7 | S=(0,0);(0,1) | I= | sp=93,882 | ip=
0,1,0 | 12,55,7 | S=(0,0);(0,1) | I= | sp=96,1 | ip=
0,1,0 | 12,55,7 | S=(0,0);(0,1) | I= | sp=35,1 | ip=
0,1,0 | 12,55,7 | S=(0,0);(0,1) | I= | sp=45,1 | ip=
0,1,0 | 12,55,7 | S=(0,0);(0,1) | I= | sp=55,1 | ip=
0,1,0 | 12,55,7 | S=(0,0);(0,1) | I= | sp=99930,1 | ip=
0,1,0 | 12,55,7 | S=(0,0);(0,1) | I= | sp=9912,1 | ip=
0,1,0 | 12,55,7 | S=(0,0);(0,1) | I= | sp=918,1 | ip=
0,1,0 | 12,55,7 | S=(0,0);(0,1) | I= | sp=918,882 | ip=
0,1,0 | 12,55,7 | S=(0,0);(0,1) | I= | sp=920,1 | ip=
0,1,0 | 12,55,7 | S=(0,0);(0,1) | I= | sp=921,1 | ip=
0,1,0 | 12,55,7 | S=(0,0);(0,1) | I= | sp=922,1 | ip=
0,1,0 | 12,55,7 | S=(0,0);(0,1) | I= | sp=945,1 | ip=
0,1,0 | 12,55,8 | S=(0,0);(0,1) | I= | sp=1,1 | ip=
0,1,0 | 12,55,8 | S=(0,0);(0,1) | I= | sp=1,882 | ip=
0,1,0 | 12,55,8 | S=(0,0);(0,1) | I= | sp=1,883 | ip=
0,1,0 | 12,55,8 | S=(0,0);(0,1) | I= | sp=1,884 | ip=
0,1,0 | 12,55,8 | S=(0,0);(0,1) | I= | sp=1,885 | ip=
0,1,0 | 12,55,8 | S=(0,0);(0,1) | I= | sp=1,24 | ip=
0,1,0 | 12,55,8 | S=(0,0);(0,1) | I= | sp=1,93 | ip=
0,1,0 | 12,55,8 | S=(0,0);(0,1) | I= | sp=1,96 | ip=
0,1,0 | 12,55,8 | S=(0,0);(0,1) | I= | sp=1,35 | ip=
0,1,0 | 12,55,8 | S=(0,0);(0,1) | I= | sp=1,45 | ip=
0,1,0 | 12,55,8 | S=(0,0);(0,1) | I= | sp=1,55 | ip=
0,1,0 | 12,55,8 | S=(0,0);(0,1) | I= | sp=1,99930 | ip=
0,1,0 | 12,55,8 | S=(0,0);(0,1) | I= | sp=1,9912 | ip=
0,1,0 | 12,55,8 | S=(0,0);(0,1) | I= | sp=1,918 | ip=
0,1,0 | 12,55,8 | S=(0,0);(0,1) | I= | sp=1,920 | ip=
0,1,0 | 12,55,8 | S=(0,0);(0,1) | I= | sp=1,921 | ip=
0,1,0 | 12,55,8 | S=(0,0);(0,1) | I= | sp=1,922 | ip=
0,1,0 | 12,55,8 | S=(0,0);(0,1) | I= | sp=1,945 | ip=
0,1,0 | 12,55,8 | S=(0,0);(0,1) | I= | sp=1,947 | ip=
0,1,0 | 12,55,8 | S=(0,0);(0,1) | I= | sp=882,1 | ip=
0,1,0 | 12,55,8 | S=(0,0);(0,1) | I= | sp=882,882 | ip=
0,1,0 | 12,55,8 | S=(0,0);(0,1) | I= | sp=882,883 | ip=
0,1,0 | 12,55,8 | S=(0,0);(0,1) | I= | sp=882,884 | ip=
0,1,0 | 12,55,8 | S=(0,0);(0,1) | I= | sp=882,24 | ip=
0,1,0 | 12,55,8 | S=(0,0);(0,1) | I= | sp=882,93 | ip=
0,1,0 | 12,55,8 | S=(0,0);(0,1) | I= | sp=882,9912 | ip=
0,1,0 | 12,55,8 | S=(0,0);(0,1) | I= | sp=882,918 | ip=
0,1,0 | 12,55,8 | S=(0,0);(0,1) | I= | sp=883,1 | ip=
0,1,0 | 12,55,8 | S=(0,0);(0,1) | I= | sp=883,882 | ip=
0,1,0 | 12,55,8 | S=(0,0);(0,1) | I= | sp=883,883 | ip=
0,1,0 | 12,55,8 | S=(0,0);(0,1) | I= | sp=883,93 | ip=
0,1,0 | 12,55,8 | S=(0,0);(0,1) | I= | sp=884,1 | ip=
0,1,0 | 12,55,8 | S=(0,0);(0,1) | I= | sp=884,882 | ip=
0,1,0 | 12,55,8 | S=(0,0);(0,1) | I= | sp=885,1 | ip=
0,1,0 | 12,55,8 | S=(0,0);(0,1) | I= | sp=24,1 | ip=
0,1,0 | 12,55,8 | S=(0,0);(0,1) | I= | sp=24,882 | ip=
0,1,0 | 12,55,8 | S=(0,0);(0,1) | I= | sp=93,1 | ip=
0,1,0 | 12,55,8 | S=(0,0);(0,1) | I= | sp=93,882 | ip=
0,1,0 | 12,55,8 | S=(0,0);(0,1) | I= | sp=93,883 | ip=
0,1,0 | 12,55,8 | S=(0,0);(0,1) | I= | sp=96,1 | ip=
0,1,0 | 12,55,8 | S=(0,0);(0,1) | I= | sp=35,1 | ip=
0,1,0 | 12,55,8 | S=(0,0);(0,1) | I= | sp=45,1 | ip=
0,1,0 | 12,55,8 | S=(0,0);(0,1) | I= | sp=55,1 | ip=
0,1,0 | 12,55,8 | S=(0,0);(0,1) | I= | sp=99930,1 | ip=
0,1,0 | 12,55,8 | S=(0,0);(0,1) | I= | sp=9912,1 | ip=
0,1,0 | 12,55,8 | S=(0,0);(0,1) | I= | sp=9912,882 | ip=
0,1,0 | 12,55,8 | S=(0,0);(0,1) | I= | sp=918,1 | ip=
0,1,0 | 12,55,8 | S=(0,0);(0,1) | I= | sp=918,882 | ip=
0,1,0 | 12,55,8 | S=(0,0);(0,1) | I= | sp=920,1 | ip=
0,1,0 | 12,55,8 | S=(0,0);(0,1) | I= | sp=921,1 | ip=
0,1,0 | 12,55,8 | S=(0,0);(0,1) | I= | sp=922,1 | ip=
0,1,0 | 12,55,8 | S=(0,0);(0,1) | I= | sp=945,1 | ip=
0,1,0 | 12,55,8 | S=(0,0);(0,1) | I= | sp=947,1 | ip=
0,1,0 | 12,55,12 | S=(0,0);(0,1) | I= | sp=1,1 | ip=
0,1,0 | 12,55,12 | S=(0,0);(0,1) | I= | sp=1,882 | ip=
0,1,0 | 12,55,12 | S=(0,0);(0,1) | I= | sp=1,883 | ip=
0,1,0 | 12,55,12 | S=(0,0);(0,1) | I= | sp=1,884 | ip=
0,1,0 | 12,55,12 | S=(0,0);(0,1) | I= | sp=1,885 | ip=
0,1,0 | 12,55,12 | S=(0,0);(0,1) | I= | sp=1,24 | ip=
0,1,0 | 12,55,12 | S=(0,0);(0,1) | I= | sp=1,93 | ip=
0,1,0 | 12,55,12 | S=(0,0);(0,1) | I= | sp=1,96 | ip=
0,1,0 | 12,55,12 | S=(0,0);(0,1) | I= | sp=1,35 | ip=
0,1,0 | 12,55,12 | S=(0,0);(0,1) | I= | sp=1,45 | ip=
0,1,0 | 12,55,12 | S=(0,0);(0,1) | I= | sp=1,55 | ip=
0,1,0 | 12,55,12 | S=(0,0);(0,1) | I= | sp=1,99930 | ip=
0,1,0 | 12,55,12 | S=(0,0);(0,1) | I= | sp=1,9912 | ip=
0,1,0 | 12,55,12 | S=(0,0);(0,1) | I= | sp=1,918 | ip=
0,1,0 | 12,55,12 | S=(0,0);(0,1) | I= | sp=1,920 | ip=
0,1,0 | 12,55,12 | S=(0,0);(0,1) | I= | sp=1,921 | ip=
0,1,0 | 12,55,12 | S=(0,0);(0,1) | I= | sp=1,922 | ip=
0,1,0 | 12,55,12 | S=(0,0);(0,1) | I= | sp=1,945 | ip=
0,1,0 | 12,55,12 | S=(0,0);(0,1) | I= | sp=1,947 | ip=
0,1,0 | 12,55,12 | S=(0,0);(0,1) | I= | sp=882,1 | ip=
0,1,0 | 12,55,12 | S=(0,0);(0,1) | I= | sp=882,882 | ip=
0,1,0 | 12,55,12 | S=(0,0);(0,1) | I= | sp=882,883 | ip=
0,1,0 | 12,55,12 | S=(0,0);(0,1) | I= | sp=882,884 | ip=
0,1,0 | 12,55,12 | S=(0,0);(0,1) | I= | sp=882,24 | ip=
0,1,0 | 12,55,12 | S=(0,0);(0,1) | I= | sp=882,93 | ip=
0,1,0 | 12,55,12 | S=(0,0);(0,1) | I= | sp=882,9912 | ip=
0,1,0 | 12,55,12 | S=(0,0);(0,1) | I= | sp=882,918 | ip=
0,1,0 | 12,55,12 | S=(0,0);(0,1) | I= | sp=882,920 | ip=
0,1,0 | 12,55,12 | S=(0,0);(0,1) | I= | sp=882,921 | ip=
0,1,0 | 12,55,12 | S=(0,0);(0,1) | I= | sp=882,922 | ip=
0,1,0 | 12,55,12 | S=(0,0);(0,1) | I= | sp=883,1 | ip=
0,1,0 | 12,55,12 | S=(0,0);(0,1) | I= | sp=883,882 | ip=
0,1,0 | 12,55,12 | S=(0,0);(0,1) | I= | sp=883,883 | ip=
0,1,0 | 12,55,12 | S=(0,0);(0,1) | I= | sp=883,93 | ip=
0,1,0 | 12,55,12 | S=(0,0);(0,1) | I= | sp=884,1 | ip=
0,1,0 | 12,55,12 | S=(0,0);(0,1) | I= | sp=884,882 | ip=
0,1,0 | 12,55,12 | S=(0,0);(0,1) | I= | sp=885,1 | ip=
0,1,0 | 12,55,12 | S=(0,0);(0,1) | I= | sp=24,1 | ip=
0,1,0 | 12,55,12 | S=(0,0);(0,1) | I= | sp=24,882 | ip=
0,1,0 | 12,55,12 | S=(0,0);(0,1) | I= | sp=93,1 | ip=
0,1,0 | 12,55,12 | S=(0,0);(0,1) | I= | sp=93,882 | ip=
0,1,0 | 12,55,12 | S=(0,0);(0,1) | I= | sp=93,883 | ip=
0,1,0 | 12,55,12 | S=(0,0);(0,1) | I= | sp=96,1 | ip=
0,1,0 | 12,55,12 | S=(0,0);(0,1) | I= | sp=35,1 | ip=
0,1,0 | 12,55,12 | S=(0,0);(0,1) | I= | sp=45,1 | ip=
0,1,0 | 12,55,12 | S=(0,0);(0,1) | I= | sp=55,1 | ip=
0,1,0 | 12,55,12 | S=(0,0);(0,1) | I= | sp=99930,1 | ip=
0,1,0 | 12,55,12 | S=(0,0);(0,1) | I= | sp=9912,1 | ip=
0,1,0 | 12,55,12 | S=(0,0);(0,1) | I= | sp=9912,882 | ip=
0,1,0 | 12,55,12 | S=(0,0);(0,1) | I= | sp=918,1 | ip=
0,1,0 | 12,55,12 | S=(0,0);(0,1) | I= | sp=918,882 | ip=
0,1,0 | 12,55,12 | S=(0,0);(0,1) | I= | sp=920,1 | ip=
0,1,0 | 12,55,12 | S=(0,0);(0,1) | I= | sp=920,882 | ip=
0,1,0 | 12,55,12 | S=(0,0);(0,1) | I= | sp=921,1 | ip=
0,1,0 | 12,55,12 | S=(0,0);(0,1) | I= | sp=921,882 | ip=
0,1,0 | 12,55,12 | S=(0,0);(0,1) | I= | sp=922,1 | ip=
0,1,0 | 12,55,12 | S=(0,0);(0,1) | I= | sp=922,882 | ip=
0,1,0 | 12,55,12 | S=(0,0);(0,1) | I= | sp=945,1 | ip=
0,1,0 | 12,55,12 | S=(0,0);(0,1) | I= | sp=947,1 | ip=
