0,1,0 | 4,11,4 | S=(0,0);(0,1);(2,2) | I=(2,0) | sp=1,1,1 | ip=1
0,1,0 | 6,22,6 | S=(0,0);(0,1);(2,2) | I=(2,0) | sp=1,1,97 | ip=1
0,1,0 | 6,22,6 | S=(0,0);(0,1);(2,2) | I=(2,0) | sp=1,1,912 | ip=882
0,1,0 | 6,22,6 | S=(0,0);(0,1);(2,2) | I=(2,0) | sp=1,882,1 | ip=882
0,1,0 | 6,22,6 | S=(0,0);(0,1);(2,2) | I=(2,0) | sp=1,882,882 | ip=1
0,1,0 | 6,22,6 | S=(0,0);(0,1);(2,2) | I=(2,0) | sp=1,882,22 | ip=1
0,1,0 | 6,22,6 | S=(0,0);(0,1);(2,2) | I=(2,0) | sp=1,22,1 | ip=882
0,1,0 | 6,22,6 | S=(0,0);(0,1);(2,2) | I=(2,0) | sp=1,22,882 | ip=1
0,1,0 | 6,22,6 | S=(0,0);(0,1);(2,2) | I=(2,0) | sp=1,22,22 | ip=1
0,1,0 | 6,22,6 | S=(0,0);(0,1);(2,2) | I=(2,0) | sp=1,97,1 | ip=1
0,1,0 | 6,22,6 | S=(0,0);(0,1);(2,2) | I=(2,0) | sp=1,912,934 | ip=1
0,1,0 | 6,22,6 | S=(0,0);(0,1);(2,2) | I=(2,0) | sp=1,934,912 | ip=1
0,1,0 | 6,22,6 | S=(0,0);(0,1);(2,2) | I=(2,0) | sp=882,1,1 | ip=882
0,1,0 | 6,22,6 | S=(0,0);(0,1);(2,2) | I=(2,0) | sp=882,1,882 | ip=1
0,1,0 | 6,22,6 | S=(0,0);(0,1);(2,2) | I=(2,0) | sp=882,1,22 | ip=1
0,1,0 | 6,22,6 | S=(0,0);(0,1);(2,2) | I=(2,0) | sp=882,912,1 | ip=1
0,1,0 | 6,22,6 | S=(0,0);(0,1);(2,2) | I=(2,0) | sp=22,1,1 | ip=882
0,1,0 | 6,22,6 | S=(0,0);(0,1);(2,2) | I=(2,0) | sp=22,1,882 | ip=1
0,1,0 | 6,22,6 | S=(0,0);(0,1);(2,2) | I=(2,0) | sp=22,1,22 | ip=1
0,1,0 | 6,22,6 | S=(0,0);(0,1);(2,2) | I=(2,0) | sp=22,912,1 | ip=1
0,1,0 | 6,22,6 | S=(0,0);(0,1);(2,2) | I=(2,0) | sp=97,1,1 | ip=1
0,1,0 | 6,22,6 | S=(0,0);(0,1);(2,2) | I=(2,0) | sp=912,1,934 | ip=1
0,1,0 | 6,22,6 | S=(0,0);(0,1);(2,2) | I=(2,0) | sp=912,882,1 | ip=1
0,1,0 | 6,22,6 | S=(0,0);(0,1);(2,2) | I=(2,0) | sp=912,22,1 | ip=1
0,1,0 | 6,22,6 | S=(0,0);(0,1);(2,2) | I=(2,0) | sp=912,912,1 | ip=882
0,1,0 | 6,22,6 | S=(0,0);(0,1);(2,2) | I=(2,0) | sp=912,912,882 | ip=1
0,1,0 | 6,22,6 | S=(0,0);(0,1);(2,2) | I=(2,0) | sp=912,912,22 | ip=1
0,1,0 | 6,22,6 | S=(0,0);(0,1);(2,2) | I=(2,0) | sp=934,1,912 | ip=1
0,1,0 | 6,33,6 | S=(0,0);(0,1);(2,2) | I=(2,0) | sp=1,1,1 | ip=1
0,1,0 | 6,33,7 | S=(0,0);(0,1);(2,2) | I=(2,0) | sp=1,1,1 | ip=882
0,1,0 | 6,33,7 | S=(0,0);(0,1);(2,2) | I=(2,0) | sp=1,1,882 | ip=1
0,1,0 | 6,33,7 | S=(0,0);(0,1);(2,2) | I=(2,0) | sp=1,912,1 | ip=1
0,1,0 | 6,33,7 | S=(0,0);(0,1);(2,2) | I=(2,0) | sp=912,1,1 | ip=1
0,1,0 | 6,33,8 | S=(0,0);(0,1);(2,2) | I=(2,0) | sp=1,1,1 | ip=883
0,1,0 | 6,33,8 | S=(0,0);(0,1);(2,2) | I=(2,0) | sp=1,1,882 | ip=882
0,1,0 | 6,33,8 | S=(0,0);(0,1);(2,2) | I=(2,0) | sp=1,1,883 | ip=1
0,1,0 | 6,33,8 | S=(0,0);(0,1);(2,2) | I=(2,0) | sp=1,1,23 | ip=1
0,1,0 | 6,33,8 | S=(0,0);(0,1);(2,2) | I=(2,0) | sp=1,1,33 | ip=1
0,1,0 | 6,33,8 | S=(0,0);(0,1);(2,2) | I=(2,0) | sp=1,912,1 | ip=882
0,1,0 | 6,33,8 | S=(0,0);(0,1);(2,2) | I=(2,0) | sp=1,912,882 | ip=1
0,1,0 | 6,33,8 | S=(0,0);(0,1);(2,2) | I=(2,0) | sp=912,1,1 | ip=882
0,1,0 | 6,33,8 | S=(0,0);(0,1);(2,2) | I=(2,0) | sp=912,1,882 | ip=1
0,1,0 | 6,331,6 | S=(0,0);(0,1);(2,2) | I=(2,0) | sp=1,1,1 | ip=1
0,1,0 | 6,34,7 | S=(0,0);(0,1);(2,2) | I=(2,0) | sp=1,1,1 | ip=1
0,1,0 | 6,34,8 | S=(0,0);(0,1);(2,2) | I=(2,0) | sp=1,1,1 | ip=882
0,1,0 | 6,34,8 | S=(0,0);(0,1);(2,2) | I=(2,0) | sp=1,1,882 | ip=1
0,1,0 | 6,34,8 | S=(0,0);(0,1);(2,2) | I=(2,0) | sp=1,912,1 | ip=1
0,1,0 | 6,34,8 | S=(0,0);(0,1);(2,2) | I=(2,0) | sp=912,1,1 | ip=1
0,1,0 | 6,35,8 | S=(0,0);(0,1);(2,2) | I=(2,0) | sp=1,1,1 | ip=1
0,1,0 | 6,35,12 | S=(0,0);(0,1);(2,2) | I=(2,0) | sp=1,1,883 | ip=883
0,1,0 | 6,35,12 | S=(0,0);(0,1);(2,2) | I=(2,0) | sp=1,1,884 | ip=882
0,1,0 | 6,35,12 | S=(0,0);(0,1);(2,2) | I=(2,0) | sp=1,1,885 | ip=1
0,1,0 | 6,35,12 | S=(0,0);(0,1);(2,2) | I=(2,0) | sp=1,1,24 | ip=882
0,1,0 | 6,35,12 | S=(0,0);(0,1);(2,2) | I=(2,0) | sp=1,1,96 | ip=1
0,1,0 | 6,35,12 | S=(0,0);(0,1);(2,2) | I=(2,0) | sp=1,1,35 | ip=1
0,1,0 | 6,35,12 | S=(0,0);(0,1);(2,2) | I=(2,0) | sp=1,1,45 | ip=1
0,1,0 | 6,35,12 | S=(0,0);(0,1);(2,2) | I=(2,0) | sp=1,1,55 | ip=1
0,1,0 | 6,35,12 | S=(0,0);(0,1);(2,2) | I=(2,0) | sp=1,1,99930 | ip=1
0,1,0 | 6,35,12 | S=(0,0);(0,1);(2,2) | I=(2,0) | sp=1,1,945 | ip=1
0,1,0 | 6,35,12 | S=(0,0);(0,1);(2,2) | I=(2,0) | sp=1,912,882 | ip=883
0,1,0 | 6,35,12 | S=(0,0);(0,1);(2,2) | I=(2,0) | sp=1,912,883 | ip=882
0,1,0 | 6,35,12 | S=(0,0);(0,1);(2,2) | I=(2,0) | sp=1,912,884 | ip=1
0,1,0 | 6,35,12 | S=(0,0);(0,1);(2,2) | I=(2,0) | sp=1,912,24 | ip=1
0,1,0 | 6,35,12 | S=(0,0);(0,1);(2,2) | I=(2,0) | sp=912,1,882 | ip=883
0,1,0 | 6,35,12 | S=(0,0);(0,1);(2,2) | I=(2,0) | sp=912,1,883 | ip=882
0,1,0 | 6,35,12 | S=(0,0);(0,1);(2,2) | I=(2,0) | sp=912,1,884 | ip=1
0,1,0 | 6,35,12 | S=(0,0);(0,1);(2,2) | I=(2,0) | sp=912,1,24 | ip=1
0,1,0 | 7,33,6 | S=(0,0);(0,1);(2,2) | I=(2,0) | sp=1,1,912 | ip=1
0,1,0 | 7,33,6 | S=(0,0);(0,1);(2,2) | I=(2,0) | sp=1,882,1 | ip=1
0,1,0 | 7,33,6 | S=(0,0);(0,1);(2,2) | I=(2,0) | sp=882,1,1 | ip=1
0,1,0 | 7,33,7 | S=(0,0);(0,1);(2,2) | I=(2,0) | sp=1,1,97 | ip=1
0,1,0 | 7,33,7 | S=(0,0);(0,1);(2,2) | I=(2,0) | sp=1,882,1 | ip=882
0,1,0 | 7,33,7 | S=(0,0);(0,1);(2,2) | I=(2,0) | sp=1,882,882 | ip=1
0,1,0 | 7,33,7 | S=(0,0);(0,1);(2,2) | I=(2,0) | sp=1,97,1 | ip=1
0,1,0 | 7,33,7 | S=(0,0);(0,1);(2,2) | I=(2,0) | sp=882,1,1 | ip=882
0,1,0 | 7,33,7 | S=(0,0);(0,1);(2,2) | I=(2,0) | sp=882,1,882 | ip=1
0,1,0 | 7,33,7 | S=(0,0);(0,1);(2,2) | I=(2,0) | sp=97,1,1 | ip=1
0,1,0 | 7,33,8 | S=(0,0);(0,1);(2,2) | I=(2,0) | sp=1,1,93 | ip=1
0,1,0 | 7,33,8 | S=(0,0);(0,1);(2,2) | I=(2,0) | sp=1,1,97 | ip=882
0,1,0 | 7,33,8 | S=(0,0);(0,1);(2,2) | I=(2,0) | sp=1,1,9913 | ip=1
0,1,0 | 7,33,8 | S=(0,0);(0,1);(2,2) | I=(2,0) | sp=1,1,925 | ip=1
0,1,0 | 7,33,8 | S=(0,0);(0,1);(2,2) | I=(2,0) | sp=1,882,1 | ip=883
0,1,0 | 7,33,8 | S=(0,0);(0,1);(2,2) | I=(2,0) | sp=1,882,882 | ip=882
0,1,0 | 7,33,8 | S=(0,0);(0,1);(2,2) | I=(2,0) | sp=1,882,883 | ip=1
0,1,0 | 7,33,8 | S=(0,0);(0,1);(2,2) | I=(2,0) | sp=1,882,23 | ip=1
0,1,0 | 7,33,8 | S=(0,0);(0,1);(2,2) | I=(2,0) | sp=1,882,33 | ip=1
0,1,0 | 7,33,8 | S=(0,0);(0,1);(2,2) | I=(2,0) | sp=1,97,1 | ip=882
0,1,0 | 7,33,8 | S=(0,0);(0,1);(2,2) | I=(2,0) | sp=1,97,882 | ip=1
0,1,0 | 7,33,8 | S=(0,0);(0,1);(2,2) | I=(2,0) | sp=1,98,1 | ip=1
0,1,0 | 7,33,8 | S=(0,0);(0,1);(2,2) | I=(2,0) | sp=882,1,1 | ip=883
0,1,0 | 7,33,8 | S=(0,0);(0,1);(2,2) | I=(2,0) | sp=882,1,882 | ip=882
0,1,0 | 7,33,8 | S=(0,0);(0,1);(2,2) | I=(2,0) | sp=882,1,883 | ip=1
0,1,0 | 7,33,8 | S=(0,0);(0,1);(2,2) | I=(2,0) | sp=882,1,23 | ip=1
0,1,0 | 7,33,8 | S=(0,0);(0,1);(2,2) | I=(2,0) | sp=882,1,33 | ip=1
0,1,0 | 7,33,8 | S=(0,0);(0,1);(2,2) | I=(2,0) | sp=97,1,1 | ip=882
0,1,0 | 7,33,8 | S=(0,0);(0,1);(2,2) | I=(2,0) | sp=97,1,882 | ip=1
0,1,0 | 7,33,8 | S=(0,0);(0,1);(2,2) | I=(2,0) | sp=98,1,1 | ip=1
0,1,0 | 7,43,6 | S=(0,0);(0,1);(2,2) | I=(2,0) | sp=1,1,1 | ip=1
0,1,0 | 7,44,7 | S=(0,0);(0,1);(2,2) | I=(2,0) | sp=1,1,1 | ip=1
0,1,0 | 7,44,8 | S=(0,0);(0,1);(2,2) | I=(2,0) | sp=1,1,1 | ip=882
0,1,0 | 7,44,8 | S=(0,0);(0,1);(2,2) | I=(2,0) | sp=1,1,882 | ip=1
0,1,0 | 7,45,8 | S=(0,0);(0,1);(2,2) | I=(2,0) | sp=1,1,1 | ip=1
0,1,0 | 7,45,12 | S=(0,0);(0,1);(2,2) | I=(2,0) | sp=1,1,883 | ip=883
0,1,0 | 7,45,12 | S=(0,0);(0,1);(2,2) | I=(2,0) | sp=1,1,884 | ip=882
0,1,0 | 7,45,12 | S=(0,0);(0,1);(2,2) | I=(2,0) | sp=1,1,885 | ip=1
0,1,0 | 7,45,12 | S=(0,0);(0,1);(2,2) | I=(2,0) | sp=1,1,24 | ip=882
0,1,0 | 7,45,12 | S=(0,0);(0,1);(2,2) | I=(2,0) | sp=1,1,96 | ip=1
0,1,0 | 7,45,12 | S=(0,0);(0,1);(2,2) | I=(2,0) | sp=1,1,35 | ip=1
0,1,0 | 7,45,12 | S=(0,0);(0,1);(2,2) | I=(2,0) | sp=1,1,45 | ip=1
0,1,0 | 7,45,12 | S=(0,0);(0,1);(2,2) | I=(2,0) | sp=1,1,55 | ip=1
0,1,0 | 7,45,12 | S=(0,0);(0,1);(2,2) | I=(2,0) | sp=1,1,99930 | ip=1
0,1,0 | 7,45,12 | S=(0,0);(0,1);(2,2) | I=(2,0) | sp=1,1,945 | ip=1
0,1,0 | 8,33,6 | S=(0,0);(0,1);(2,2) | I=(2,0) | sp=1,882,912 | ip=1
0,1,0 | 8,33,6 | S=(0,0);(0,1);(2,2) | I=(2,0) | sp=1,883,1 | ip=1
0,1,0 | 8,33,6 | S=(0,0);(0,1);(2,2) | I=(2,0) | sp=1,23,1 | ip=1
0,1,0 | 8,33,6 | S=(0,0);(0,1);(2,2) | I=(2,0) | sp=1,33,1 | ip=1
0,1,0 | 8,33,6 | S=(0,0);(0,1);(2,2) | I=(2,0) | sp=882,1,912 | ip=1
0,1,0 | 8,33,6 | S=(0,0);(0,1);(2,2) | I=(2,0) | sp=882,882,1 | ip=1
0,1,0 | 8,33,6 | S=(0,0);(0,1);(2,2) | I=(2,0) | sp=883,1,1 | ip=1
0,1,0 | 8,33,6 | S=(0,0);(0,1);(2,2) | I=(2,0) | sp=23,1,1 | ip=1
0,1,0 | 8,33,6 | S=(0,0);(0,1);(2,2) | I=(2,0) | sp=33,1,1 | ip=1
0,1,0 | 8,33,7 | S=(0,0);(0,1);(2,2) | I=(2,0) | sp=1,1,98 | ip=1
0,1,0 | 8,33,7 | S=(0,0);(0,1);(2,2) | I=(2,0) | sp=1,882,97 | ip=1
0,1,0 | 8,33,7 | S=(0,0);(0,1);(2,2) | I=(2,0) | sp=1,883,1 | ip=882
0,1,0 | 8,33,7 | S=(0,0);(0,1);(2,2) | I=(2,0) | sp=1,883,882 | ip=1
0,1,0 | 8,33,7 | S=(0,0);(0,1);(2,2) | I=(2,0) | sp=1,23,1 | ip=882
0,1,0 | 8,33,7 | S=(0,0);(0,1);(2,2) | I=(2,0) | sp=1,23,882 | ip=1
0,1,0 | 8,33,7 | S=(0,0);(0,1);(2,2) | I=(2,0) | sp=1,33,1 | ip=882
0,1,0 | 8,33,7 | S=(0,0);(0,1);(2,2) | I=(2,0) | sp=1,33,882 | ip=1
0,1,0 | 8,33,7 | S=(0,0);(0,1);(2,2) | I=(2,0) | sp=1,93,1 | ip=1
0,1,0 | 8,33,7 | S=(0,0);(0,1);(2,2) | I=(2,0) | sp=1,9913,1 | ip=1
0,1,0 | 8,33,7 | S=(0,0);(0,1);(2,2) | I=(2,0) | sp=1,925,1 | ip=1
0,1,0 | 8,33,7 | S=(0,0);(0,1);(2,2) | I=(2,0) | sp=882,1,97 | ip=1
0,1,0 | 8,33,7 | S=(0,0);(0,1);(2,2) | I=(2,0) | sp=882,882,1 | ip=882
0,1,0 | 8,33,7 | S=(0,0);(0,1);(2,2) | I=(2,0) | sp=882,882,882 | ip=1
0,1,0 | 8,33,7 | S=(0,0);(0,1);(2,2) | I=(2,0) | sp=882,97,1 | ip=1
0,1,0 | 8,33,7 | S=(0,0);(0,1);(2,2) | I=(2,0) | sp=883,1,1 | ip=882
0,1,0 | 8,33,7 | S=(0,0);(0,1);(2,2) | I=(2,0) | sp=883,1,882 | ip=1
0,1,0 | 8,33,7 | S=(0,0);(0,1);(2,2) | I=(2,0) | sp=23,1,1 | ip=882
0,1,0 | 8,33,7 | S=(0,0);(0,1);(2,2) | I=(2,0) | sp=23,1,882 | ip=1
0,1,0 | 8,33,7 | S=(0,0);(0,1);(2,2) | I=(2,0) | sp=33,1,1 | ip=882
0,1,0 | 8,33,7 | S=(0,0);(0,1);(2,2) | I=(2,0) | sp=33,1,882 | ip=1
0,1,0 | 8,33,7 | S=(0,0);(0,1);(2,2) | I=(2,0) | sp=93,1,1 | ip=1
0,1,0 | 8,33,7 | S=(0,0);(0,1);(2,2) | I=(2,0) | sp=97,882,1 | ip=1
0,1,0 | 8,33,7 | S=(0,0);(0,1);(2,2) | I=(2,0) | sp=9913,1,1 | ip=1
0,1,0 | 8,33,7 | S=(0,0);(0,1);(2,2) | I=(2,0) | sp=925,1,1 | ip=1
0,1,0 | 8,33,8 | S=(0,0);(0,1);(2,2) | I=(2,0) | sp=1,1,98 | ip=882
0,1,0 | 8,33,8 | S=(0,0);(0,1);(2,2) | I=(2,0) | sp=1,1,929 | ip=1
0,1,0 | 8,33,8 | S=(0,0);(0,1);(2,2) | I=(2,0) | sp=1,882,93 | ip=1
0,1,0 | 8,33,8 | S=(0,0);(0,1);(2,2) | I=(2,0) | sp=1,882,97 | ip=882
0,1,0 | 8,33,8 | S=(0,0);(0,1);(2,2) | I=(2,0) | sp=1,882,9913 | ip=1
0,1,0 | 8,33,8 | S=(0,0);(0,1);(2,2) | I=(2,0) | sp=1,882,925 | ip=1
0,1,0 | 8,33,8 | S=(0,0);(0,1);(2,2) | I=(2,0) | sp=1,883,1 | ip=883
0,1,0 | 8,33,8 | S=(0,0);(0,1);(2,2) | I=(2,0) | sp=1,883,882 | ip=882
0,1,0 | 8,33,8 | S=(0,0);(0,1);(2,2) | I=(2,0) | sp=1,883,883 | ip=1
0,1,0 | 8,33,8 | S=(0,0);(0,1);(2,2) | I=(2,0) | sp=1,883,23 | ip=1
0,1,0 | 8,33,8 | S=(0,0);(0,1);(2,2) | I=(2,0) | sp=1,883,33 | ip=1
0,1,0 | 8,33,8 | S=(0,0);(0,1);(2,2) | I=(2,0) | sp=1,23,1 | ip=883
0,1,0 | 8,33,8 | S=(0,0);(0,1);(2,2) | I=(2,0) | sp=1,23,882 | ip=882
0,1,0 | 8,33,8 | S=(0,0);(0,1);(2,2) | I=(2,0) | sp=1,23,883 | ip=1
0,1,0 | 8,33,8 | S=(0,0);(0,1);(2,2) | I=(2,0) | sp=1,23,23 | ip=1
0,1,0 | 8,33,8 | S=(0,0);(0,1);(2,2) | I=(2,0) | sp=1,23,33 | ip=1
0,1,0 | 8,33,8 | S=(0,0);(0,1);(2,2) | I=(2,0) | sp=1,33,1 | ip=883
0,1,0 | 8,33,8 | S=(0,0);(0,1);(2,2) | I=(2,0) | sp=1,33,882 | ip=882
0,1,0 | 8,33,8 | S=(0,0);(0,1);(2,2) | I=(2,0) | sp=1,33,883 | ip=1
0,1,0 | 8,33,8 | S=(0,0);(0,1);(2,2) | I=(2,0) | sp=1,33,23 | ip=1
0,1,0 | 8,33,8 | S=(0,0);(0,1);(2,2) | I=(2,0) | sp=1,33,33 | ip=1
0,1,0 | 8,33,8 | S=(0,0);(0,1);(2,2) | I=(2,0) | sp=1,93,1 | ip=882
0,1,0 | 8,33,8 | S=(0,0);(0,1);(2,2) | I=(2,0) | sp=1,93,882 | ip=1
0,1,0 | 8,33,8 | S=(0,0);(0,1);(2,2) | I=(2,0) | sp=1,97,924 | ip=1
0,1,0 | 8,33,8 | S=(0,0);(0,1);(2,2) | I=(2,0) | sp=1,9913,1 | ip=882
0,1,0 | 8,33,8 | S=(0,0);(0,1);(2,2) | I=(2,0) | sp=1,9913,882 | ip=1
0,1,0 | 8,33,8 | S=(0,0);(0,1);(2,2) | I=(2,0) | sp=1,924,97 | ip=1
0,1,0 | 8,33,8 | S=(0,0);(0,1);(2,2) | I=(2,0) | sp=1,925,1 | ip=882
0,1,0 | 8,33,8 | S=(0,0);(0,1);(2,2) | I=(2,0) | sp=1,925,882 | ip=1
0,1,0 | 8,33,8 | S=(0,0);(0,1);(2,2) | I=(2,0) | sp=1,929,1 | ip=1
0,1,0 | 8,33,8 | S=(0,0);(0,1);(2,2) | I=(2,0) | sp=882,1,93 | ip=1
0,1,0 | 8,33,8 | S=(0,0);(0,1);(2,2) | I=(2,0) | sp=882,1,97 | ip=882
0,1,0 | 8,33,8 | S=(0,0);(0,1);(2,2) | I=(2,0) | sp=882,1,9913 | ip=1
0,1,0 | 8,33,8 | S=(0,0);(0,1);(2,2) | I=(2,0) | sp=882,1,925 | ip=1
0,1,0 | 8,33,8 | S=(0,0);(0,1);(2,2) | I=(2,0) | sp=882,882,1 | ip=883
0,1,0 | 8,33,8 | S=(0,0);(0,1);(2,2) | I=(2,0) | sp=882,882,882 | ip=882
0,1,0 | 8,33,8 | S=(0,0);(0,1);(2,2) | I=(2,0) | sp=882,882,883 | ip=1
0,1,0 | 8,33,8 | S=(0,0);(0,1);(2,2) | I=(2,0) | sp=882,882,23 | ip=1
0,1,0 | 8,33,8 | S=(0,0);(0,1);(2,2) | I=(2,0) | sp=882,882,33 | ip=1
0,1,0 | 8,33,8 | S=(0,0);(0,1);(2,2) | I=(2,0) | sp=882,97,1 | ip=882
0,1,0 | 8,33,8 | S=(0,0);(0,1);(2,2) | I=(2,0) | sp=882,97,882 | ip=1
0,1,0 | 8,33,8 | S=(0,0);(0,1);(2,2) | I=(2,0) | sp=882,98,1 | ip=1
0,1,0 | 8,33,8 | S=(0,0);(0,1);(2,2) | I=(2,0) | sp=883,1,1 | ip=883
0,1,0 | 8,33,8 | S=(0,0);(0,1);(2,2) | I=(2,0) | sp=883,1,882 | ip=882
0,1,0 | 8,33,8 | S=(0,0);(0,1);(2,2) | I=(2,0) | sp=883,1,883 | ip=1
0,1,0 | 8,33,8 | S=(0,0);(0,1);(2,2) | I=(2,0) | sp=883,1,23 | ip=1
0,1,0 | 8,33,8 | S=(0,0);(0,1);(2,2) | I=(2,0) | sp=883,1,33 | ip=1
0,1,0 | 8,33,8 | S=(0,0);(0,1);(2,2) | I=(2,0) | sp=23,1,1 | ip=883
0,1,0 | 8,33,8 | S=(0,0);(0,1);(2,2) | I=(2,0) | sp=23,1,882 | ip=882
0,1,0 | 8,33,8 | S=(0,0);(0,1);(2,2) | I=(2,0) | sp=23,1,883 | ip=1
0,1,0 | 8,33,8 | S=(0,0);(0,1);(2,2) | I=(2,0) | sp=23,1,23 | ip=1
0,1,0 | 8,33,8 | S=(0,0);(0,1);(2,2) | I=(2,0) | sp=23,1,33 | ip=1
0,1,0 | 8,33,8 | S=(0,0);(0,1);(2,2) | I=(2,0) | sp=33,1,1 | ip=883
0,1,0 | 8,33,8 | S=(0,0);(0,1);(2,2) | I=(2,0) | sp=33,1,882 | ip=882
0,1,0 | 8,33,8 | S=(0,0);(0,1);(2,2) | I=(2,0) | sp=33,1,883 | ip=1
0,1,0 | 8,33,8 | S=(0,0);(0,1);(2,2) | I=(2,0) | sp=33,1,23 | ip=1
0,1,0 | 8,33,8 | S=(0,0);(0,1);(2,2) | I=(2,0) | sp=33,1,33 | ip=1
0,1,0 | 8,33,8 | S=(0,0);(0,1);(2,2) | I=(2,0) | sp=93,1,1 | ip=882
0,1,0 | 8,33,8 | S=(0,0);(0,1);(2,2) | I=(2,0) | sp=93,1,882 | ip=1
0,1,0 | 8,33,8 | S=(0,0);(0,1);(2,2) | I=(2,0) | sp=97,1,924 | ip=1
0,1,0 | 8,33,8 | S=(0,0);(0,1);(2,2) | I=(2,0) | sp=97,882,1 | ip=882
0,1,0 | 8,33,8 | S=(0,0);(0,1);(2,2) | I=(2,0) | sp=97,882,882 | ip=1
0,1,0 | 8,33,8 | S=(0,0);(0,1);(2,2) | I=(2,0) | sp=98,882,1 | ip=1
0,1,0 | 8,33,8 | S=(0,0);(0,1);(2,2) | I=(2,0) | sp=9913,1,1 | ip=882
0,1,0 | 8,33,8 | S=(0,0);(0,1);(2,2) | I=(2,0) | sp=9913,1,882 | ip=1
0,1,0 | 8,33,8 | S=(0,0);(0,1);(2,2) | I=(2,0) | sp=924,1,97 | ip=1
0,1,0 | 8,33,8 | S=(0,0);(0,1);(2,2) | I=(2,0) | sp=925,1,1 | ip=882
0,1,0 | 8,33,8 | S=(0,0);(0,1);(2,2) | I=(2,0) | sp=925,1,882 | ip=1
0,1,0 | 8,33,8 | S=(0,0);(0,1);(2,2) | I=(2,0) | sp=929,1,1 | ip=1
0,1,0 | 8,43,6 | S=(0,0);(0,1);(2,2) | I=(2,0) | sp=1,1,912 | ip=1
0,1,0 | 8,43,6 | S=(0,0);(0,1);(2,2) | I=(2,0) | sp=1,882,1 | ip=1
0,1,0 | 8,43,6 | S=(0,0);(0,1);(2,2) | I=(2,0) | sp=882,1,1 | ip=1
0,1,0 | 8,44,7 | S=(0,0);(0,1);(2,2) | I=(2,0) | sp=1,882,1 | ip=1
0,1,0 | 8,44,7 | S=(0,0);(0,1);(2,2) | I=(2,0) | sp=882,1,1 | ip=1
0,1,0 | 8,44,8 | S=(0,0);(0,1);(2,2) | I=(2,0) | sp=1,1,97 | ip=1
0,1,0 | 8,44,8 | S=(0,0);(0,1);(2,2) | I=(2,0) | sp=1,882,1 | ip=882
0,1,0 | 8,44,8 | S=(0,0);(0,1);(2,2) | I=(2,0) | sp=1,882,882 | ip=1
0,1,0 | 8,44,8 | S=(0,0);(0,1);(2,2) | I=(2,0) | sp=1,97,1 | ip=1
0,1,0 | 8,44,8 | S=(0,0);(0,1);(2,2) | I=(2,0) | sp=882,1,1 | ip=882
0,1,0 | 8,44,8 | S=(0,0);(0,1);(2,2) | I=(2,0) | sp=882,1,882 | ip=1
0,1,0 | 8,44,8 | S=(0,0);(0,1);(2,2) | I=(2,0) | sp=97,1,1 | ip=1
0,1,0 | 8,53,6 | S=(0,0);(0,1);(2,2) | I=(2,0) | sp=1,1,1 | ip=1
0,1,0 | 8,54,7 | S=(0,0);(0,1);(2,2) | I=(2,0) | sp=1,1,1 | ip=1
0,1,0 | 8,54,8 | S=(0,0);(0,1);(2,2) | I=(2,0) | sp=1,1,1 | ip=882
0,1,0 | 8,54,8 | S=(0,0);(0,1);(2,2) | I=(2,0) | sp=1,1,882 | ip=1
0,1,0 | 8,45,8 | S=(0,0);(0,1);(2,2) | I=(2,0) | sp=1,882,1 | ip=1
0,1,0 | 8,45,8 | S=(0,0);(0,1);(2,2) | I=(2,0) | sp=882,1,1 | ip=1
0,1,0 | 8,45,12 | S=(0,0);(0,1);(2,2) | I=(2,0) | sp=1,1,93 | ip=883
0,1,0 | 8,45,12 | S=(0,0);(0,1);(2,2) | I=(2,0) | sp=1,1,9912 | ip=882
0,1,0 | 8,45,12 | S=(0,0);(0,1);(2,2) | I=(2,0) | sp=1,1,947 | ip=1
0,1,0 | 8,45,12 | S=(0,0);(0,1);(2,2) | I=(2,0) | sp=1,882,883 | ip=883
0,1,0 | 8,45,12 | S=(0,0);(0,1);(2,2) | I=(2,0) | sp=1,882,884 | ip=882
0,1,0 | 8,45,12 | S=(0,0);(0,1);(2,2) | I=(2,0) | sp=1,882,885 | ip=1
0,1,0 | 8,45,12 | S=(0,0);(0,1);(2,2) | I=(2,0) | sp=1,882,24 | ip=882
0,1,0 | 8,45,12 | S=(0,0);(0,1);(2,2) | I=(2,0) | sp=1,882,96 | ip=1
0,1,0 | 8,45,12 | S=(0,0);(0,1);(2,2) | I=(2,0) | sp=1,882,35 | ip=1
0,1,0 | 8,45,12 | S=(0,0);(0,1);(2,2) | I=(2,0) | sp=1,882,45 | ip=1
0,1,0 | 8,45,12 | S=(0,0);(0,1);(2,2) | I=(2,0) | sp=1,882,55 | ip=1
0,1,0 | 8,45,12 | S=(0,0);(0,1);(2,2) | I=(2,0) | sp=1,882,99930 | ip=1
0,1,0 | 8,45,12 | S=(0,0);(0,1);(2,2) | I=(2,0) | sp=1,882,945 | ip=1
0,1,0 | 8,45,12 | S=(0,0);(0,1);(2,2) | I=(2,0) | sp=1,97,882 | ip=883
0,1,0 | 8,45,12 | S=(0,0);(0,1);(2,2) | I=(2,0) | sp=1,97,883 | ip=882
0,1,0 | 8,45,12 | S=(0,0);(0,1);(2,2) | I=(2,0) | sp=1,97,884 | ip=1
0,1,0 | 8,45,12 | S=(0,0);(0,1);(2,2) | I=(2,0) | sp=1,97,24 | ip=1
0,1,0 | 8,45,12 | S=(0,0);(0,1);(2,2) | I=(2,0) | sp=1,98,1 | ip=883
0,1,0 | 8,45,12 | S=(0,0);(0,1);(2,2) | I=(2,0) | sp=1,98,882 | ip=882
0,1,0 | 8,45,12 | S=(0,0);(0,1);(2,2) | I=(2,0) | sp=1,98,883 | ip=1
0,1,0 | 8,45,12 | S=(0,0);(0,1);(2,2) | I=(2,0) | sp=882,1,883 | ip=883
0,1,0 | 8,45,12 | S=(0,0);(0,1);(2,2) | I=(2,0) | sp=882,1,884 | ip=882
0,1,0 | 8,45,12 | S=(0,0);(0,1);(2,2) | I=(2,0) | sp=882,1,885 | ip=1
0,1,0 | 8,45,12 | S=(0,0);(0,1);(2,2) | I=(2,0) | sp=882,1,24 | ip=882
0,1,0 | 8,45,12 | S=(0,0);(0,1);(2,2) | I=(2,0) | sp=882,1,96 | ip=1
0,1,0 | 8,45,12 | S=(0,0);(0,1);(2,2) | I=(2,0) | sp=882,1,35 | ip=1
0,1,0 | 8,45,12 | S=(0,0);(0,1);(2,2) | I=(2,0) | sp=882,1,45 | ip=1
0,1,0 | 8,45,12 | S=(0,0);(0,1);(2,2) | I=(2,0) | sp=882,1,55 | ip=1
0,1,0 | 8,45,12 | S=(0,0);(0,1);(2,2) | I=(2,0) | sp=882,1,99930 | ip=1
0,1,0 | 8,45,12 | S=(0,0);(0,1);(2,2) | I=(2,0) | sp=882,1,945 | ip=1
0,1,0 | 8,45,12 | S=(0,0);(0,1);(2,2) | I=(2,0) | sp=97,1,882 | ip=883
0,1,0 | 8,45,12 | S=(0,0);(0,1);(2,2) | I=(2,0) | sp=97,1,883 | ip=882
0,1,0 | 8,45,12 | S=(0,0);(0,1);(2,2) | I=(2,0) | sp=97,1,884 | ip=1
0,1,0 | 8,45,12 | S=(0,0);(0,1);(2,2) | I=(2,0) | sp=97,1,24 | ip=1
0,1,0 | 8,45,12 | S=(0,0);(0,1);(2,2) | I=(2,0) | sp=98,1,1 | ip=883
0,1,0 | 8,45,12 | S=(0,0);(0,1);(2,2) | I=(2,0) | sp=98,1,882 | ip=882
0,1,0 | 8,45,12 | S=(0,0);(0,1);(2,2) | I=(2,0) | sp=98,1,883 | ip=1
0,1,0 | 8,55,8 | S=(0,0);(0,1);(2,2) | I=(2,0) | sp=1,1,1 | ip=1
0,1,0 | 8,55,12 | S=(0,0);(0,1);(2,2) | I=(2,0) | sp=1,1,883 | ip=883
0,1,0 | 8,55,12 | S=(0,0);(0,1);(2,2) | I=(2,0) | sp=1,1,884 | ip=882
0,1,0 | 8,55,12 | S=(0,0);(0,1);(2,2) | I=(2,0) | sp=1,1,885 | ip=1
0,1,0 | 8,55,12 | S=(0,0);(0,1);(2,2) | I=(2,0) | sp=1,1,24 | ip=882
0,1,0 | 8,55,12 | S=(0,0);(0,1);(2,2) | I=(2,0) | sp=1,1,96 | ip=1
0,1,0 | 8,55,12 | S=(0,0);(0,1);(2,2) | I=(2,0) | sp=1,1,35 | ip=1
0,1,0 | 8,55,12 | S=(0,0);(0,1);(2,2) | I=(2,0) | sp=1,1,45 | ip=1
0,1,0 | 8,55,12 | S=(0,0);(0,1);(2,2) | I=(2,0) | sp=1,1,55 | ip=1
0,1,0 | 8,55,12 | S=(0,0);(0,1);(2,2) | I=(2,0) | sp=1,1,99930 | ip=1
0,1,0 | 8,55,12 | S=(0,0);(0,1);(2,2) | I=(2,0) | sp=1,1,945 | ip=1
0,1,0 | 12,53,6 | S=(0,0);(0,1);(2,2) | I=(2,0) | sp=1,884,912 | ip=1
0,1,0 | 12,53,6 | S=(0,0);(0,1);(2,2) | I=(2,0) | sp=1,885,1 | ip=1
0,1,0 | 12,53,6 | S=(0,0);(0,1);(2,2) | I=(2,0) | sp=1,24,912 | ip=1
0,1,0 | 12,53,6 | S=(0,0);(0,1);(2,2) | I=(2,0) | sp=1,96,1 | ip=1
0,1,0 | 12,53,6 | S=(0,0);(0,1);(2,2) | I=(2,0) | sp=1,35,1 | ip=1
0,1,0 | 12,53,6 | S=(0,0);(0,1);(2,2) | I=(2,0) | sp=1,45,1 | ip=1
0,1,0 | 12,53,6 | S=(0,0);(0,1);(2,2) | I=(2,0) | sp=1,55,1 | ip=1
0,1,0 | 12,53,6 | S=(0,0);(0,1);(2,2) | I=(2,0) | sp=1,99930,1 | ip=1
0,1,0 | 12,53,6 | S=(0,0);(0,1);(2,2) | I=(2,0) | sp=1,945,1 | ip=1
0,1,0 | 12,53,6 | S=(0,0);(0,1);(2,2) | I=(2,0) | sp=882,883,912 | ip=1
0,1,0 | 12,53,6 | S=(0,0);(0,1);(2,2) | I=(2,0) | sp=882,884,1 | ip=1
0,1,0 | 12,53,6 | S=(0,0);(0,1);(2,2) | I=(2,0) | sp=882,24,1 | ip=1
0,1,0 | 12,53,6 | S=(0,0);(0,1);(2,2) | I=(2,0) | sp=883,882,912 | ip=1
0,1,0 | 12,53,6 | S=(0,0);(0,1);(2,2) | I=(2,0) | sp=883,883,1 | ip=1
0,1,0 | 12,53,6 | S=(0,0);(0,1);(2,2) | I=(2,0) | sp=884,1,912 | ip=1
0,1,0 | 12,53,6 | S=(0,0);(0,1);(2,2) | I=(2,0) | sp=884,882,1 | ip=1
0,1,0 | 12,53,6 | S=(0,0);(0,1);(2,2) | I=(2,0) | sp=885,1,1 | ip=1
0,1,0 | 12,53,6 | S=(0,0);(0,1);(2,2) | I=(2,0) | sp=24,1,912 | ip=1
0,1,0 | 12,53,6 | S=(0,0);(0,1);(2,2) | I=(2,0) | sp=24,882,1 | ip=1
0,1,0 | 12,53,6 | S=(0,0);(0,1);(2,2) | I=(2,0) | sp=96,1,1 | ip=1
0,1,0 | 12,53,6 | S=(0,0);(0,1);(2,2) | I=(2,0) | sp=35,1,1 | ip=1
0,1,0 | 12,53,6 | S=(0,0);(0,1);(2,2) | I=(2,0) | sp=45,1,1 | ip=1
0,1,0 | 12,53,6 | S=(0,0);(0,1);(2,2) | I=(2,0) | sp=55,1,1 | ip=1
0,1,0 | 12,53,6 | S=(0,0);(0,1);(2,2) | I=(2,0) | sp=99930,1,1 | ip=1
0,1,0 | 12,53,6 | S=(0,0);(0,1);(2,2) | I=(2,0) | sp=945,1,1 | ip=1
0,1,0 | 12,54,7 | S=(0,0);(0,1);(2,2) | I=(2,0) | sp=1,885,1 | ip=1
0,1,0 | 12,54,7 | S=(0,0);(0,1);(2,2) | I=(2,0) | sp=1,96,1 | ip=1
0,1,0 | 12,54,7 | S=(0,0);(0,1);(2,2) | I=(2,0) | sp=1,35,1 | ip=1
0,1,0 | 12,54,7 | S=(0,0);(0,1);(2,2) | I=(2,0) | sp=1,45,1 | ip=1
0,1,0 | 12,54,7 | S=(0,0);(0,1);(2,2) | I=(2,0) | sp=1,55,1 | ip=1
0,1,0 | 12,54,7 | S=(0,0);(0,1);(2,2) | I=(2,0) | sp=1,99930,1 | ip=1
0,1,0 | 12,54,7 | S=(0,0);(0,1);(2,2) | I=(2,0) | sp=1,945,1 | ip=1
0,1,0 | 12,54,7 | S=(0,0);(0,1);(2,2) | I=(2,0) | sp=882,884,1 | ip=1
0,1,0 | 12,54,7 | S=(0,0);(0,1);(2,2) | I=(2,0) | sp=882,24,1 | ip=1
0,1,0 | 12,54,7 | S=(0,0);(0,1);(2,2) | I=(2,0) | sp=883,883,1 | ip=1
0,1,0 | 12,54,7 | S=(0,0);(0,1);(2,2) | I=(2,0) | sp=884,882,1 | ip=1
0,1,0 | 12,54,7 | S=(0,0);(0,1);(2,2) | I=(2,0) | sp=885,1,1 | ip=1
0,1,0 | 12,54,7 | S=(0,0);(0,1);(2,2) | I=(2,0) | sp=24,882,1 | ip=1
0,1,0 | 12,54,7 | S=(0,0);(0,1);(2,2) | I=(2,0) | sp=96,1,1 | ip=1
0,1,0 | 12,54,7 | S=(0,0);(0,1);(2,2) | I=(2,0) | sp=35,1,1 | ip=1
0,1,0 | 12,54,7 | S=(0,0);(0,1);(2,2) | I=(2,0) | sp=45,1,1 | ip=1
0,1,0 | 12,54,7 | S=(0,0);(0,1);(2,2) | I=(2,0) | sp=55,1,1 | ip=1
0,1,0 | 12,54,7 | S=(0,0);(0,1);(2,2) | I=(2,0) | sp=99930,1,1 | ip=1
0,1,0 | 12,54,7 | S=(0,0);(0,1);(2,2) | I=(2,0) | sp=945,1,1 | ip=1
0,1,0 | 12,54,8 | S=(0,0);(0,1);(2,2) | I=(2,0) | sp=1,883,98 | ip=1
0,1,0 | 12,54,8 | S=(0,0);(0,1);(2,2) | I=(2,0) | sp=1,884,97 | ip=1
0,1,0 | 12,54,8 | S=(0,0);(0,1);(2,2) | I=(2,0) | sp=1,885,1 | ip=882
0,1,0 | 12,54,8 | S=(0,0);(0,1);(2,2) | I=(2,0) | sp=1,885,882 | ip=1
0,1,0 | 12,54,8 | S=(0,0);(0,1);(2,2) | I=(2,0) | sp=1,24,97 | ip=1
0,1,0 | 12,54,8 | S=(0,0);(0,1);(2,2) | I=(2,0) | sp=1,96,1 | ip=882
0,1,0 | 12,54,8 | S=(0,0);(0,1);(2,2) | I=(2,0) | sp=1,96,882 | ip=1
0,1,0 | 12,54,8 | S=(0,0);(0,1);(2,2) | I=(2,0) | sp=1,35,1 | ip=882
0,1,0 | 12,54,8 | S=(0,0);(0,1);(2,2) | I=(2,0) | sp=1,35,882 | ip=1
0,1,0 | 12,54,8 | S=(0,0);(0,1);(2,2) | I=(2,0) | sp=1,45,1 | ip=882
0,1,0 | 12,54,8 | S=(0,0);(0,1);(2,2) | I=(2,0) | sp=1,45,882 | ip=1
0,1,0 | 12,54,8 | S=(0,0);(0,1);(2,2) | I=(2,0) | sp=1,55,1 | ip=882
0,1,0 | 12,54,8 | S=(0,0);(0,1);(2,2) | I=(2,0) | sp=1,55,882 | ip=1
0,1,0 | 12,54,8 | S=(0,0);(0,1);(2,2) | I=(2,0) | sp=1,99930,1 | ip=882
0,1,0 | 12,54,8 | S=(0,0);(0,1);(2,2) | I=(2,0) | sp=1,99930,882 | ip=1
0,1,0 | 12,54,8 | S=(0,0);(0,1);(2,2) | I=(2,0) | sp=1,945,1 | ip=882
0,1,0 | 12,54,8 | S=(0,0);(0,1);(2,2) | I=(2,0) | sp=1,945,882 | ip=1
0,1,0 | 12,54,8 | S=(0,0);(0,1);(2,2) | I=(2,0) | sp=1,947,1 | ip=1
0,1,0 | 12,54,8 | S=(0,0);(0,1);(2,2) | I=(2,0) | sp=882,882,98 | ip=1
0,1,0 | 12,54,8 | S=(0,0);(0,1);(2,2) | I=(2,0) | sp=882,883,97 | ip=1
0,1,0 | 12,54,8 | S=(0,0);(0,1);(2,2) | I=(2,0) | sp=882,884,1 | ip=882
0,1,0 | 12,54,8 | S=(0,0);(0,1);(2,2) | I=(2,0) | sp=882,884,882 | ip=1
0,1,0 | 12,54,8 | S=(0,0);(0,1);(2,2) | I=(2,0) | sp=882,24,1 | ip=882
0,1,0 | 12,54,8 | S=(0,0);(0,1);(2,2) | I=(2,0) | sp=882,24,882 | ip=1
0,1,0 | 12,54,8 | S=(0,0);(0,1);(2,2) | I=(2,0) | sp=882,9912,1 | ip=1
0,1,0 | 12,54,8 | S=(0,0);(0,1);(2,2) | I=(2,0) | sp=883,1,98 | ip=1
0,1,0 | 12,54,8 | S=(0,0);(0,1);(2,2) | I=(2,0) | sp=883,882,97 | ip=1
0,1,0 | 12,54,8 | S=(0,0);(0,1);(2,2) | I=(2,0) | sp=883,883,1 | ip=882
0,1,0 | 12,54,8 | S=(0,0);(0,1);(2,2) | I=(2,0) | sp=883,883,882 | ip=1
0,1,0 | 12,54,8 | S=(0,0);(0,1);(2,2) | I=(2,0) | sp=883,93,1 | ip=1
0,1,0 | 12,54,8 | S=(0,0);(0,1);(2,2) | I=(2,0) | sp=884,1,97 | ip=1
0,1,0 | 12,54,8 | S=(0,0);(0,1);(2,2) | I=(2,0) | sp=884,882,1 | ip=882
0,1,0 | 12,54,8 | S=(0,0);(0,1);(2,2) | I=(2,0) | sp=884,882,882 | ip=1
0,1,0 | 12,54,8 | S=(0,0);(0,1);(2,2) | I=(2,0) | sp=885,1,1 | ip=882
0,1,0 | 12,54,8 | S=(0,0);(0,1);(2,2) | I=(2,0) | sp=885,1,882 | ip=1
0,1,0 | 12,54,8 | S=(0,0);(0,1);(2,2) | I=(2,0) | sp=24,1,97 | ip=1
0,1,0 | 12,54,8 | S=(0,0);(0,1);(2,2) | I=(2,0) | sp=24,882,1 | ip=882
0,1,0 | 12,54,8 | S=(0,0);(0,1);(2,2) | I=(2,0) | sp=24,882,882 | ip=1
0,1,0 | 12,54,8 | S=(0,0);(0,1);(2,2) | I=(2,0) | sp=93,883,1 | ip=1
0,1,0 | 12,54,8 | S=(0,0);(0,1);(2,2) | I=(2,0) | sp=96,1,1 | ip=882
0,1,0 | 12,54,8 | S=(0,0);(0,1);(2,2) | I=(2,0) | sp=96,1,882 | ip=1
0,1,0 | 12,54,8 | S=(0,0);(0,1);(2,2) | I=(2,0) | sp=35,1,1 | ip=882
0,1,0 | 12,54,8 | S=(0,0);(0,1);(2,2) | I=(2,0) | sp=35,1,882 | ip=1
0,1,0 | 12,54,8 | S=(0,0);(0,1);(2,2) | I=(2,0) | sp=45,1,1 | ip=882
0,1,0 | 12,54,8 | S=(0,0);(0,1);(2,2) | I=(2,0) | sp=45,1,882 | ip=1
0,1,0 | 12,54,8 | S=(0,0);(0,1);(2,2) | I=(2,0) | sp=55,1,1 | ip=882
0,1,0 | 12,54,8 | S=(0,0);(0,1);(2,2) | I=(2,0) | sp=55,1,882 | ip=1
0,1,0 | 12,54,8 | S=(0,0);(0,1);(2,2) | I=(2,0) | sp=99930,1,1 | ip=882
0,1,0 | 12,54,8 | S=(0,0);(0,1);(2,2) | I=(2,0) | sp=99930,1,882 | ip=1
0,1,0 | 12,54,8 | S=(0,0);(0,1);(2,2) | I=(2,0) | sp=9912,882,1 | ip=1
0,1,0 | 12,54,8 | S=(0,0);(0,1);(2,2) | I=(2,0) | sp=945,1,1 | ip=882
0,1,0 | 12,54,8 | S=(0,0);(0,1);(2,2) | I=(2,0) | sp=945,1,882 | ip=1
0,1,0 | 12,54,8 | S=(0,0);(0,1);(2,2) | I=(2,0) | sp=947,1,1 | ip=1
0,1,0 | 12,55,8 | S=(0,0);(0,1);(2,2) | I=(2,0) | sp=1,885,1 | ip=1
0,1,0 | 12,55,8 | S=(0,0);(0,1);(2,2) | I=(2,0) | sp=1,96,1 | ip=1
0,1,0 | 12,55,8 | S=(0,0);(0,1);(2,2) | I=(2,0) | sp=1,35,1 | ip=1
0,1,0 | 12,55,8 | S=(0,0);(0,1);(2,2) | I=(2,0) | sp=1,45,1 | ip=1
0,1,0 | 12,55,8 | S=(0,0);(0,1);(2,2) | I=(2,0) | sp=1,55,1 | ip=1
0,1,0 | 12,55,8 | S=(0,0);(0,1);(2,2) | I=(2,0) | sp=1,99930,1 | ip=1
0,1,0 | 12,55,8 | S=(0,0);(0,1);(2,2) | I=(2,0) | sp=1,945,1 | ip=1
0,1,0 | 12,55,8 | S=(0,0);(0,1);(2,2) | I=(2,0) | sp=882,884,1 | ip=1
0,1,0 | 12,55,8 | S=(0,0);(0,1);(2,2) | I=(2,0) | sp=882,24,1 | ip=1
0,1,0 | 12,55,8 | S=(0,0);(0,1);(2,2) | I=(2,0) | sp=883,883,1 | ip=1
0,1,0 | 12,55,8 | S=(0,0);(0,1);(2,2) | I=(2,0) | sp=884,882,1 | ip=1
0,1,0 | 12,55,8 | S=(0,0);(0,1);(2,2) | I=(2,0) | sp=885,1,1 | ip=1
0,1,0 | 12,55,8 | S=(0,0);(0,1);(2,2) | I=(2,0) | sp=24,882,1 | ip=1
0,1,0 | 12,55,8 | S=(0,0);(0,1);(2,2) | I=(2,0) | sp=96,1,1 | ip=1
0,1,0 | 12,55,8 | S=(0,0);(0,1);(2,2) | I=(2,0) | sp=35,1,1 | ip=1
0,1,0 | 12,55,8 | S=(0,0);(0,1);(2,2) | I=(2,0) | sp=45,1,1 | ip=1
0,1,0 | 12,55,8 | S=(0,0);(0,1);(2,2) | I=(2,0) | sp=55,1,1 | ip=1
0,1,0 | 12,55,8 | S=(0,0);(0,1);(2,2) | I=(2,0) | sp=99930,1,1 | ip=1
0,1,0 | 12,55,8 | S=(0,0);(0,1);(2,2) | I=(2,0) | sp=945,1,1 | ip=1
0,1,0 | 12,55,12 | S=(0,0);(0,1);(2,2) | I=(2,0) | sp=1,1,921 | ip=882
0,1,0 | 12,55,12 | S=(0,0);(0,1);(2,2) | I=(2,0) | sp=1,882,920 | ip=882
0,1,0 | 12,55,12 | S=(0,0);(0,1);(2,2) | I=(2,0) | sp=1,883,922 | ip=882
0,1,0 | 12,55,12 | S=(0,0);(0,1);(2,2) | I=(2,0) | sp=1,884,93 | ip=883
0,1,0 | 12,55,12 | S=(0,0);(0,1);(2,2) | I=(2,0) | sp=1,884,9912 | ip=882
0,1,0 | 12,55,12 | S=(0,0);(0,1);(2,2) | I=(2,0) | sp=1,884,947 | ip=1
0,1,0 | 12,55,12 | S=(0,0);(0,1);(2,2) | I=(2,0) | sp=1,885,883 | ip=883
0,1,0 | 12,55,12 | S=(0,0);(0,1);(2,2) | I=(2,0) | sp=1,885,884 | ip=882
0,1,0 | 12,55,12 | S=(0,0);(0,1);(2,2) | I=(2,0) | sp=1,885,885 | ip=1
0,1,0 | 12,55,12 | S=(0,0);(0,1);(2,2) | I=(2,0) | sp=1,885,24 | ip=882
0,1,0 | 12,55,12 | S=(0,0);(0,1);(2,2) | I=(2,0) | sp=1,885,96 | ip=1
0,1,0 | 12,55,12 | S=(0,0);(0,1);(2,2) | I=(2,0) | sp=1,885,35 | ip=1
0,1,0 | 12,55,12 | S=(0,0);(0,1);(2,2) | I=(2,0) | sp=1,885,45 | ip=1
0,1,0 | 12,55,12 | S=(0,0);(0,1);(2,2) | I=(2,0) | sp=1,885,55 | ip=1
0,1,0 | 12,55,12 | S=(0,0);(0,1);(2,2) | I=(2,0) | sp=1,885,99930 | ip=1
0,1,0 | 12,55,12 | S=(0,0);(0,1);(2,2) | I=(2,0) | sp=1,885,945 | ip=1
0,1,0 | 12,55,12 | S=(0,0);(0,1);(2,2) | I=(2,0) | sp=1,24,93 | ip=883
0,1,0 | 12,55,12 | S=(0,0);(0,1);(2,2) | I=(2,0) | sp=1,24,9912 | ip=882
0,1,0 | 12,55,12 | S=(0,0);(0,1);(2,2) | I=(2,0) | sp=1,24,947 | ip=1
0,1,0 | 12,55,12 | S=(0,0);(0,1);(2,2) | I=(2,0) | sp=1,96,883 | ip=883
0,1,0 | 12,55,12 | S=(0,0);(0,1);(2,2) | I=(2,0) | sp=1,96,884 | ip=882
0,1,0 | 12,55,12 | S=(0,0);(0,1);(2,2) | I=(2,0) | sp=1,96,885 | ip=1
0,1,0 | 12,55,12 | S=(0,0);(0,1);(2,2) | I=(2,0) | sp=1,96,24 | ip=882
0,1,0 | 12,55,12 | S=(0,0);(0,1);(2,2) | I=(2,0) | sp=1,96,96 | ip=1
0,1,0 | 12,55,12 | S=(0,0);(0,1);(2,2) | I=(2,0) | sp=1,96,35 | ip=1
0,1,0 | 12,55,12 | S=(0,0);(0,1);(2,2) | I=(2,0) | sp=1,96,45 | ip=1
0,1,0 | 12,55,12 | S=(0,0);(0,1);(2,2) | I=(2,0) | sp=1,96,55 | ip=1
0,1,0 | 12,55,12 | S=(0,0);(0,1);(2,2) | I=(2,0) | sp=1,96,99930 | ip=1
0,1,0 | 12,55,12 | S=(0,0);(0,1);(2,2) | I=(2,0) | sp=1,96,945 | ip=1
0,1,0 | 12,55,12 | S=(0,0);(0,1);(2,2) | I=(2,0) | sp=1,35,883 | ip=883
0,1,0 | 12,55,12 | S=(0,0);(0,1);(2,2) | I=(2,0) | sp=1,35,884 | ip=882
0,1,0 | 12,55,12 | S=(0,0);(0,1);(2,2) | I=(2,0) | sp=1,35,885 | ip=1
0,1,0 | 12,55,12 | S=(0,0);(0,1);(2,2) | I=(2,0) | sp=1,35,24 | ip=882
0,1,0 | 12,55,12 | S=(0,0);(0,1);(2,2) | I=(2,0) | sp=1,35,96 | ip=1
0,1,0 | 12,55,12 | S=(0,0);(0,1);(2,2) | I=(2,0) | sp=1,35,35 | ip=1
0,1,0 | 12,55,12 | S=(0,0);(0,1);(2,2) | I=(2,0) | sp=1,35,45 | ip=1
0,1,0 | 12,55,12 | S=(0,0);(0,1);(2,2) | I=(2,0) | sp=1,35,55 | ip=1
0,1,0 | 12,55,12 | S=(0,0);(0,1);(2,2) | I=(2,0) | sp=1,35,99930 | ip=1
0,1,0 | 12,55,12 | S=(0,0);(0,1);(2,2) | I=(2,0) | sp=1,35,945 | ip=1
0,1,0 | 12,55,12 | S=(0,0);(0,1);(2,2) | I=(2,0) | sp=1,45,883 | ip=883
0,1,0 | 12,55,12 | S=(0,0);(0,1);(2,2) | I=(2,0) | sp=1,45,884 | ip=882
0,1,0 | 12,55,12 | S=(0,0);(0,1);(2,2) | I=(2,0) | sp=1,45,885 | ip=1
0,1,0 | 12,55,12 | S=(0,0);(0,1);(2,2) | I=(2,0) | sp=1,45,24 | ip=882
0,1,0 | 12,55,12 | S=(0,0);(0,1);(2,2) | I=(2,0) | sp=1,45,96 | ip=1
0,1,0 | 12,55,12 | S=(0,0);(0,1);(2,2) | I=(2,0) | sp=1,45,35 | ip=1
0,1,0 | 12,55,12 | S=(0,0);(0,1);(2,2) | I=(2,0) | sp=1,45,45 | ip=1
0,1,0 | 12,55,12 | S=(0,0);(0,1);(2,2) | I=(2,0) | sp=1,45,55 | ip=1
0,1,0 | 12,55,12 | S=(0,0);(0,1);(2,2) | I=(2,0) | sp=1,45,99930 | ip=1
0,1,0 | 12,55,12 | S=(0,0);(0,1);(2,2) | I=(2,0) | sp=1,45,945 | ip=1
0,1,0 | 12,55,12 | S=(0,0);(0,1);(2,2) | I=(2,0) | sp=1,55,883 | ip=883
0,1,0 | 12,55,12 | S=(0,0);(0,1);(2,2) | I=(2,0) | sp=1,55,884 | ip=882
0,1,0 | 12,55,12 | S=(0,0);(0,1);(2,2) | I=(2,0) | sp=1,55,885 | ip=1
0,1,0 | 12,55,12 | S=(0,0);(0,1);(2,2) | I=(2,0) | sp=1,55,24 | ip=882
0,1,0 | 12,55,12 | S=(0,0);(0,1);(2,2) | I=(2,0) | sp=1,55,96 | ip=1
0,1,0 | 12,55,12 | S=(0,0);(0,1);(2,2) | I=(2,0) | sp=1,55,35 | ip=1
0,1,0 | 12,55,12 | S=(0,0);(0,1);(2,2) | I=(2,0) | sp=1,55,45 | ip=1
0,1,0 | 12,55,12 | S=(0,0);(0,1);(2,2) | I=(2,0) | sp=1,55,55 | ip=1
0,1,0 | 12,55,12 | S=(0,0);(0,1);(2,2) | I=(2,0) | sp=1,55,99930 | ip=1
0,1,0 | 12,55,12 | S=(0,0);(0,1);(2,2) | I=(2,0) | sp=1,55,945 | ip=1
0,1,0 | 12,55,12 | S=(0,0);(0,1);(2,2) | I=(2,0) | sp=1,99930,883 | ip=883
0,1,0 | 12,55,12 | S=(0,0);(0,1);(2,2) | I=(2,0) | sp=1,99930,884 | ip=882
0,1,0 | 12,55,12 | S=(0,0);(0,1);(2,2) | I=(2,0) | sp=1,99930,885 | ip=1
0,1,0 | 12,55,12 | S=(0,0);(0,1);(2,2) | I=(2,0) | sp=1,99930,24 | ip=882
0,1,0 | 12,55,12 | S=(0,0);(0,1);(2,2) | I=(2,0) | sp=1,99930,96 | ip=1
0,1,0 | 12,55,12 | S=(0,0);(0,1);(2,2) | I=(2,0) | sp=1,99930,35 | ip=1
0,1,0 | 12,55,12 | S=(0,0);(0,1);(2,2) | I=(2,0) | sp=1,99930,45 | ip=1
0,1,0 | 12,55,12 | S=(0,0);(0,1);(2,2) | I=(2,0) | sp=1,99930,55 | ip=1
0,1,0 | 12,55,12 | S=(0,0);(0,1);(2,2) | I=(2,0) | sp=1,99930,99930 | ip=1
0,1,0 | 12,55,12 | S=(0,0);(0,1);(2,2) | I=(2,0) | sp=1,99930,945 | ip=1
0,1,0 | 12,55,12 | S=(0,0);(0,1);(2,2) | I=(2,0) | sp=1,9912,918 | ip=882
0,1,0 | 12,55,12 | S=(0,0);(0,1);(2,2) | I=(2,0) | sp=1,945,883 | ip=883
0,1,0 | 12,55,12 | S=(0,0);(0,1);(2,2) | I=(2,0) | sp=1,945,884 | ip=882
0,1,0 | 12,55,12 | S=(0,0);(0,1);(2,2) | I=(2,0) | sp=1,945,885 | ip=1
0,1,0 | 12,55,12 | S=(0,0);(0,1);(2,2) | I=(2,0) | sp=1,945,24 | ip=882
0,1,0 | 12,55,12 | S=(0,0);(0,1);(2,2) | I=(2,0) | sp=1,945,96 | ip=1
0,1,0 | 12,55,12 | S=(0,0);(0,1);(2,2) | I=(2,0) | sp=1,945,35 | ip=1
0,1,0 | 12,55,12 | S=(0,0);(0,1);(2,2) | I=(2,0) | sp=1,945,45 | ip=1
0,1,0 | 12,55,12 | S=(0,0);(0,1);(2,2) | I=(2,0) | sp=1,945,55 | ip=1
0,1,0 | 12,55,12 | S=(0,0);(0,1);(2,2) | I=(2,0) | sp=1,945,99930 | ip=1
0,1,0 | 12,55,12 | S=(0,0);(0,1);(2,2) | I=(2,0) | sp=1,945,945 | ip=1
0,1,0 | 12,55,12 | S=(0,0);(0,1);(2,2) | I=(2,0) | sp=1,947,882 | ip=883
0,1,0 | 12,55,12 | S=(0,0);(0,1);(2,2) | I=(2,0) | sp=1,947,883 | ip=882
0,1,0 | 12,55,12 | S=(0,0);(0,1);(2,2) | I=(2,0) | sp=1,947,884 | ip=1
0,1,0 | 12,55,12 | S=(0,0);(0,1);(2,2) | I=(2,0) | sp=1,947,24 | ip=1
0,1,0 | 12,55,12 | S=(0,0);(0,1);(2,2) | I=(2,0) | sp=882,1,920 | ip=882
0,1,0 | 12,55,12 | S=(0,0);(0,1);(2,2) | I=(2,0) | sp=882,882,922 | ip=882
0,1,0 | 12,55,12 | S=(0,0);(0,1);(2,2) | I=(2,0) | sp=882,883,93 | ip=883
0,1,0 | 12,55,12 | S=(0,0);(0,1);(2,2) | I=(2,0) | sp=882,883,9912 | ip=882
0,1,0 | 12,55,12 | S=(0,0);(0,1);(2,2) | I=(2,0) | sp=882,883,947 | ip=1
0,1,0 | 12,55,12 | S=(0,0);(0,1);(2,2) | I=(2,0) | sp=882,884,883 | ip=883
0,1,0 | 12,55,12 | S=(0,0);(0,1);(2,2) | I=(2,0) | sp=882,884,884 | ip=882
0,1,0 | 12,55,12 | S=(0,0);(0,1);(2,2) | I=(2,0) | sp=882,884,885 | ip=1
0,1,0 | 12,55,12 | S=(0,0);(0,1);(2,2) | I=(2,0) | sp=882,884,24 | ip=882
0,1,0 | 12,55,12 | S=(0,0);(0,1);(2,2) | I=(2,0) | sp=882,884,96 | ip=1
0,1,0 | 12,55,12 | S=(0,0);(0,1);(2,2) | I=(2,0) | sp=882,884,35 | ip=1
0,1,0 | 12,55,12 | S=(0,0);(0,1);(2,2) | I=(2,0) | sp=882,884,45 | ip=1
0,1,0 | 12,55,12 | S=(0,0);(0,1);(2,2) | I=(2,0) | sp=882,884,55 | ip=1
0,1,0 | 12,55,12 | S=(0,0);(0,1);(2,2) | I=(2,0) | sp=882,884,99930 | ip=1
0,1,0 | 12,55,12 | S=(0,0);(0,1);(2,2) | I=(2,0) | sp=882,884,945 | ip=1
0,1,0 | 12,55,12 | S=(0,0);(0,1);(2,2) | I=(2,0) | sp=882,24,883 | ip=883
0,1,0 | 12,55,12 | S=(0,0);(0,1);(2,2) | I=(2,0) | sp=882,24,884 | ip=882
0,1,0 | 12,55,12 | S=(0,0);(0,1);(2,2) | I=(2,0) | sp=882,24,885 | ip=1
0,1,0 | 12,55,12 | S=(0,0);(0,1);(2,2) | I=(2,0) | sp=882,24,24 | ip=882
0,1,0 | 12,55,12 | S=(0,0);(0,1);(2,2) | I=(2,0) | sp=882,24,96 | ip=1
0,1,0 | 12,55,12 | S=(0,0);(0,1);(2,2) | I=(2,0) | sp=882,24,35 | ip=1
0,1,0 | 12,55,12 | S=(0,0);(0,1);(2,2) | I=(2,0) | sp=882,24,45 | ip=1
0,1,0 | 12,55,12 | S=(0,0);(0,1);(2,2) | I=(2,0) | sp=882,24,55 | ip=1
0,1,0 | 12,55,12 | S=(0,0);(0,1);(2,2) | I=(2,0) | sp=882,24,99930 | ip=1
0,1,0 | 12,55,12 | S=(0,0);(0,1);(2,2) | I=(2,0) | sp=882,24,945 | ip=1
0,1,0 | 12,55,12 | S=(0,0);(0,1);(2,2) | I=(2,0) | sp=882,93,918 | ip=882
0,1,0 | 12,55,12 | S=(0,0);(0,1);(2,2) | I=(2,0) | sp=882,9912,882 | ip=883
0,1,0 | 12,55,12 | S=(0,0);(0,1);(2,2) | I=(2,0) | sp=882,9912,883 | ip=882
0,1,0 | 12,55,12 | S=(0,0);(0,1);(2,2) | I=(2,0) | sp=882,9912,884 | ip=1
0,1,0 | 12,55,12 | S=(0,0);(0,1);(2,2) | I=(2,0) | sp=882,9912,24 | ip=1
0,1,0 | 12,55,12 | S=(0,0);(0,1);(2,2) | I=(2,0) | sp=882,918,93 | ip=882
0,1,0 | 12,55,12 | S=(0,0);(0,1);(2,2) | I=(2,0) | sp=882,918,9912 | ip=1
0,1,0 | 12,55,12 | S=(0,0);(0,1);(2,2) | I=(2,0) | sp=882,920,1 | ip=882
0,1,0 | 12,55,12 | S=(0,0);(0,1);(2,2) | I=(2,0) | sp=882,920,882 | ip=1
0,1,0 | 12,55,12 | S=(0,0);(0,1);(2,2) | I=(2,0) | sp=882,921,1 | ip=1
0,1,0 | 12,55,12 | S=(0,0);(0,1);(2,2) | I=(2,0) | sp=882,922,1 | ip=883
0,1,0 | 12,55,12 | S=(0,0);(0,1);(2,2) | I=(2,0) | sp=882,922,882 | ip=882
0,1,0 | 12,55,12 | S=(0,0);(0,1);(2,2) | I=(2,0) | sp=882,922,883 | ip=1
0,1,0 | 12,55,12 | S=(0,0);(0,1);(2,2) | I=(2,0) | sp=883,1,922 | ip=882
0,1,0 | 12,55,12 | S=(0,0);(0,1);(2,2) | I=(2,0) | sp=883,882,93 | ip=883
0,1,0 | 12,55,12 | S=(0,0);(0,1);(2,2) | I=(2,0) | sp=883,882,9912 | ip=882
0,1,0 | 12,55,12 | S=(0,0);(0,1);(2,2) | I=(2,0) | sp=883,882,947 | ip=1
0,1,0 | 12,55,12 | S=(0,0);(0,1);(2,2) | I=(2,0) | sp=883,883,883 | ip=883
0,1,0 | 12,55,12 | S=(0,0);(0,1);(2,2) | I=(2,0) | sp=883,883,884 | ip=882
0,1,0 | 12,55,12 | S=(0,0);(0,1);(2,2) | I=(2,0) | sp=883,883,885 | ip=1
0,1,0 | 12,55,12 | S=(0,0);(0,1);(2,2) | I=(2,0) | sp=883,883,24 | ip=882
0,1,0 | 12,55,12 | S=(0,0);(0,1);(2,2) | I=(2,0) | sp=883,883,96 | ip=1
0,1,0 | 12,55,12 | S=(0,0);(0,1);(2,2) | I=(2,0) | sp=883,883,35 | ip=1
0,1,0 | 12,55,12 | S=(0,0);(0,1);(2,2) | I=(2,0) | sp=883,883,45 | ip=1
0,1,0 | 12,55,12 | S=(0,0);(0,1);(2,2) | I=(2,0) | sp=883,883,55 | ip=1
0,1,0 | 12,55,12 | S=(0,0);(0,1);(2,2) | I=(2,0) | sp=883,883,99930 | ip=1
0,1,0 | 12,55,12 | S=(0,0);(0,1);(2,2) | I=(2,0) | sp=883,883,945 | ip=1
0,1,0 | 12,55,12 | S=(0,0);(0,1);(2,2) | I=(2,0) | sp=883,93,882 | ip=883
0,1,0 | 12,55,12 | S=(0,0);(0,1);(2,2) | I=(2,0) | sp=883,93,883 | ip=882
0,1,0 | 12,55,12 | S=(0,0);(0,1);(2,2) | I=(2,0) | sp=883,93,884 | ip=1
0,1,0 | 12,55,12 | S=(0,0);(0,1);(2,2) | I=(2,0) | sp=883,93,24 | ip=1
0,1,0 | 12,55,12 | S=(0,0);(0,1);(2,2) | I=(2,0) | sp=884,1,93 | ip=883
0,1,0 | 12,55,12 | S=(0,0);(0,1);(2,2) | I=(2,0) | sp=884,1,9912 | ip=882
0,1,0 | 12,55,12 | S=(0,0);(0,1);(2,2) | I=(2,0) | sp=884,1,947 | ip=1
0,1,0 | 12,55,12 | S=(0,0);(0,1);(2,2) | I=(2,0) | sp=884,882,883 | ip=883
0,1,0 | 12,55,12 | S=(0,0);(0,1);(2,2) | I=(2,0) | sp=884,882,884 | ip=882
0,1,0 | 12,55,12 | S=(0,0);(0,1);(2,2) | I=(2,0) | sp=884,882,885 | ip=1
0,1,0 | 12,55,12 | S=(0,0);(0,1);(2,2) | I=(2,0) | sp=884,882,24 | ip=882
0,1,0 | 12,55,12 | S=(0,0);(0,1);(2,2) | I=(2,0) | sp=884,882,96 | ip=1
0,1,0 | 12,55,12 | S=(0,0);(0,1);(2,2) | I=(2,0) | sp=884,882,35 | ip=1
0,1,0 | 12,55,12 | S=(0,0);(0,1);(2,2) | I=(2,0) | sp=884,882,45 | ip=1
0,1,0 | 12,55,12 | S=(0,0);(0,1);(2,2) | I=(2,0) | sp=884,882,55 | ip=1
0,1,0 | 12,55,12 | S=(0,0);(0,1);(2,2) | I=(2,0) | sp=884,882,99930 | ip=1
0,1,0 | 12,55,12 | S=(0,0);(0,1);(2,2) | I=(2,0) | sp=884,882,945 | ip=1
0,1,0 | 12,55,12 | S=(0,0);(0,1);(2,2) | I=(2,0) | sp=885,1,883 | ip=883
0,1,0 | 12,55,12 | S=(0,0);(0,1);(2,2) | I=(2,0) | sp=885,1,884 | ip=882
0,1,0 | 12,55,12 | S=(0,0);(0,1);(2,2) | I=(2,0) | sp=885,1,885 | ip=1
0,1,0 | 12,55,12 | S=(0,0);(0,1);(2,2) | I=(2,0) | sp=885,1,24 | ip=882
0,1,0 | 12,55,12 | S=(0,0);(0,1);(2,2) | I=(2,0) | sp=885,1,96 | ip=1
0,1,0 | 12,55,12 | S=(0,0);(0,1);(2,2) | I=(2,0) | sp=885,1,35 | ip=1
0,1,0 | 12,55,12 | S=(0,0);(0,1);(2,2) | I=(2,0) | sp=885,1,45 | ip=1
0,1,0 | 12,55,12 | S=(0,0);(0,1);(2,2) | I=(2,0) | sp=885,1,55 | ip=1
0,1,0 | 12,55,12 | S=(0,0);(0,1);(2,2) | I=(2,0) | sp=885,1,99930 | ip=1
0,1,0 | 12,55,12 | S=(0,0);(0,1);(2,2) | I=(2,0) | sp=885,1,945 | ip=1
0,1,0 | 12,55,12 | S=(0,0);(0,1);(2,2) | I=(2,0) | sp=24,1,93 | ip=883
0,1,0 | 12,55,12 | S=(0,0);(0,1);(2,2) | I=(2,0) | sp=24,1,9912 | ip=882
0,1,0 | 12,55,12 | S=(0,0);(0,1);(2,2) | I=(2,0) | sp=24,1,947 | ip=1
0,1,0 | 12,55,12 | S=(0,0);(0,1);(2,2) | I=(2,0) | sp=24,882,883 | ip=883
0,1,0 | 12,55,12 | S=(0,0);(0,1);(2,2) | I=(2,0) | sp=24,882,884 | ip=882
0,1,0 | 12,55,12 | S=(0,0);(0,1);(2,2) | I=(2,0) | sp=24,882,885 | ip=1
0,1,0 | 12,55,12 | S=(0,0);(0,1);(2,2) | I=(2,0) | sp=24,882,24 | ip=882
0,1,0 | 12,55,12 | S=(0,0);(0,1);(2,2) | I=(2,0) | sp=24,882,96 | ip=1
0,1,0 | 12,55,12 | S=(0,0);(0,1);(2,2) | I=(2,0) | sp=24,882,35 | ip=1
0,1,0 | 12,55,12 | S=(0,0);(0,1);(2,2) | I=(2,0) | sp=24,882,45 | ip=1
0,1,0 | 12,55,12 | S=(0,0);(0,1);(2,2) | I=(2,0) | sp=24,882,55 | ip=1
0,1,0 | 12,55,12 | S=(0,0);(0,1);(2,2) | I=(2,0) | sp=24,882,99930 | ip=1
0,1,0 | 12,55,12 | S=(0,0);(0,1);(2,2) | I=(2,0) | sp=24,882,945 | ip=1
0,1,0 | 12,55,12 | S=(0,0);(0,1);(2,2) | I=(2,0) | sp=93,882,918 | ip=882
0,1,0 | 12,55,12 | S=(0,0);(0,1);(2,2) | I=(2,0) | sp=93,883,882 | ip=883
0,1,0 | 12,55,12 | S=(0,0);(0,1);(2,2) | I=(2,0) | sp=93,883,883 | ip=882
0,1,0 | 12,55,12 | S=(0,0);(0,1);(2,2) | I=(2,0) | sp=93,883,884 | ip=1
0,1,0 | 12,55,12 | S=(0,0);(0,1);(2,2) | I=(2,0) | sp=93,883,24 | ip=1
0,1,0 | 12,55,12 | S=(0,0);(0,1);(2,2) | I=(2,0) | sp=96,1,883 | ip=883
0,1,0 | 12,55,12 | S=(0,0);(0,1);(2,2) | I=(2,0) | sp=96,1,884 | ip=882
0,1,0 | 12,55,12 | S=(0,0);(0,1);(2,2) | I=(2,0) | sp=96,1,885 | ip=1
0,1,0 | 12,55,12 | S=(0,0);(0,1);(2,2) | I=(2,0) | sp=96,1,24 | ip=882
0,1,0 | 12,55,12 | S=(0,0);(0,1);(2,2) | I=(2,0) | sp=96,1,96 | ip=1
0,1,0 | 12,55,12 | S=(0,0);(0,1);(2,2) | I=(2,0) | sp=96,1,35 | ip=1
0,1,0 | 12,55,12 | S=(0,0);(0,1);(2,2) | I=(2,0) | sp=96,1,45 | ip=1
0,1,0 | 12,55,12 | S=(0,0);(0,1);(2,2) | I=(2,0) | sp=96,1,55 | ip=1
0,1,0 | 12,55,12 | S=(0,0);(0,1);(2,2) | I=(2,0) | sp=96,1,99930 | ip=1
0,1,0 | 12,55,12 | S=(0,0);(0,1);(2,2) | I=(2,0) | sp=96,1,945 | ip=1
0,1,0 | 12,55,12 | S=(0,0);(0,1);(2,2) | I=(2,0) | sp=35,1,883 | ip=883
0,1,0 | 12,55,12 | S=(0,0);(0,1);(2,2) | I=(2,0) | sp=35,1,884 | ip=882
0,1,0 | 12,55,12 | S=(0,0);(0,1);(2,2) | I=(2,0) | sp=35,1,885 | ip=1
0,1,0 | 12,55,12 | S=(0,0);(0,1);(2,2) | I=(2,0) | sp=35,1,24 | ip=882
0,1,0 | 12,55,12 | S=(0,0);(0,1);(2,2) | I=(2,0) | sp=35,1,96 | ip=1
0,1,0 | 12,55,12 | S=(0,0);(0,1);(2,2) | I=(2,0) | sp=35,1,35 | ip=1
0,1,0 | 12,55,12 | S=(0,0);(0,1);(2,2) | I=(2,0) | sp=35,1,45 | ip=1
0,1,0 | 12,55,12 | S=(0,0);(0,1);(2,2) | I=(2,0) | sp=35,1,55 | ip=1
0,1,0 | 12,55,12 | S=(0,0);(0,1);(2,2) | I=(2,0) | sp=35,1,99930 | ip=1
0,1,0 | 12,55,12 | S=(0,0);(0,1);(2,2) | I=(2,0) | sp=35,1,945 | ip=1
0,1,0 | 12,55,12 | S=(0,0);(0,1);(2,2) | I=(2,0) | sp=45,1,883 | ip=883
0,1,0 | 12,55,12 | S=(0,0);(0,1);(2,2) | I=(2,0) | sp=45,1,884 | ip=882
0,1,0 | 12,55,12 | S=(0,0);(0,1);(2,2) | I=(2,0) | sp=45,1,885 | ip=1
0,1,0 | 12,55,12 | S=(0,0);(0,1);(2,2) | I=(2,0) | sp=45,1,24 | ip=882
0,1,0 | 12,55,12 | S=(0,0);(0,1);(2,2) | I=(2,0) | sp=45,1,96 | ip=1
0,1,0 | 12,55,12 | S=(0,0);(0,1);(2,2) | I=(2,0) | sp=45,1,35 | ip=1
0,1,0 | 12,55,12 | S=(0,0);(0,1);(2,2) | I=(2,0) | sp=45,1,45 | ip=1
0,1,0 | 12,55,12 | S=(0,0);(0,1);(2,2) | I=(2,0) | sp=45,1,55 | ip=1
0,1,0 | 12,55,12 | S=(0,0);(0,1);(2,2) | I=(2,0) | sp=45,1,99930 | ip=1
0,1,0 | 12,55,12 | S=(0,0);(0,1);(2,2) | I=(2,0) | sp=45,1,945 | ip=1
0,1,0 | 12,55,12 | S=(0,0);(0,1);(2,2) | I=(2,0) | sp=55,1,883 | ip=883
0,1,0 | 12,55,12 | S=(0,0);(0,1);(2,2) | I=(2,0) | sp=55,1,884 | ip=882
0,1,0 | 12,55,12 | S=(0,0);(0,1);(2,2) | I=(2,0) | sp=55,1,885 | ip=1
0,1,0 | 12,55,12 | S=(0,0);(0,1);(2,2) | I=(2,0) | sp=55,1,24 | ip=882
0,1,0 | 12,55,12 | S=(0,0);(0,1);(2,2) | I=(2,0) | sp=55,1,96 | ip=1
0,1,0 | 12,55,12 | S=(0,0);(0,1);(2,2) | I=(2,0) | sp=55,1,35 | ip=1
0,1,0 | 12,55,12 | S=(0,0);(0,1);(2,2) | I=(2,0) | sp=55,1,45 | ip=1
0,1,0 | 12,55,12 | S=(0,0);(0,1);(2,2) | I=(2,0) | sp=55,1,55 | ip=1
0,1,0 | 12,55,12 | S=(0,0);(0,1);(2,2) | I=(2,0) | sp=55,1,99930 | ip=1
0,1,0 | 12,55,12 | S=(0,0);(0,1);(2,2) | I=(2,0) | sp=55,1,945 | ip=1
0,1,0 | 12,55,12 | S=(0,0);(0,1);(2,2) | I=(2,0) | sp=99930,1,883 | ip=883
0,1,0 | 12,55,12 | S=(0,0);(0,1);(2,2) | I=(2,0) | sp=99930,1,884 | ip=882
0,1,0 | 12,55,12 | S=(0,0);(0,1);(2,2) | I=(2,0) | sp=99930,1,885 | ip=1
0,1,0 | 12,55,12 | S=(0,0);(0,1);(2,2) | I=(2,0) | sp=99930,1,24 | ip=882
0,1,0 | 12,55,12 | S=(0,0);(0,1);(2,2) | I=(2,0) | sp=99930,1,96 | ip=1
0,1,0 | 12,55,12 | S=(0,0);(0,1);(2,2) | I=(2,0) | sp=99930,1,35 | ip=1
0,1,0 | 12,55,12 | S=(0,0);(0,1);(2,2) | I=(2,0) | sp=99930,1,45 | ip=1
0,1,0 | 12,55,12 | S=(0,0);(0,1);(2,2) | I=(2,0) | sp=99930,1,55 | ip=1
0,1,0 | 12,55,12 | S=(0,0);(0,1);(2,2) | I=(2,0) | sp=99930,1,99930 | ip=1
0,1,0 | 12,55,12 | S=(0,0);(0,1);(2,2) | I=(2,0) | sp=99930,1,945 | ip=1
0,1,0 | 12,55,12 | S=(0,0);(0,1);(2,2) | I=(2,0) | sp=9912,1,918 | ip=882
0,1,0 | 12,55,12 | S=(0,0);(0,1);(2,2) | I=(2,0) | sp=9912,882,882 | ip=883
0,1,0 | 12,55,12 | S=(0,0);(0,1);(2,2) | I=(2,0) | sp=9912,882,883 | ip=882
0,1,0 | 12,55,12 | S=(0,0);(0,1);(2,2) | I=(2,0) | sp=9912,882,884 | ip=1
0,1,0 | 12,55,12 | S=(0,0);(0,1);(2,2) | I=(2,0) | sp=9912,882,24 | ip=1
0,1,0 | 12,55,12 | S=(0,0);(0,1);(2,2) | I=(2,0) | sp=918,882,93 | ip=882
0,1,0 | 12,55,12 | S=(0,0);(0,1);(2,2) | I=(2,0) | sp=918,882,9912 | ip=1
0,1,0 | 12,55,12 | S=(0,0);(0,1);(2,2) | I=(2,0) | sp=920,882,1 | ip=882
0,1,0 | 12,55,12 | S=(0,0);(0,1);(2,2) | I=(2,0) | sp=920,882,882 | ip=1
0,1,0 | 12,55,12 | S=(0,0);(0,1);(2,2) | I=(2,0) | sp=921,882,1 | ip=1
0,1,0 | 12,55,12 | S=(0,0);(0,1);(2,2) | I=(2,0) | sp=922,882,1 | ip=883
0,1,0 | 12,55,12 | S=(0,0);(0,1);(2,2) | I=(2,0) | sp=922,882,882 | ip=882
0,1,0 | 12,55,12 | S=(0,0);(0,1);(2,2) | I=(2,0) | sp=922,882,883 | ip=1
0,1,0 | 12,55,12 | S=(0,0);(0,1);(2,2) | I=(2,0) | sp=945,1,883 | ip=883
0,1,0 | 12,55,12 | S=(0,0);(0,1);(2,2) | I=(2,0) | sp=945,1,884 | ip=882
0,1,0 | 12,55,12 | S=(0,0);(0,1);(2,2) | I=(2,0) | sp=945,1,885 | ip=1
0,1,0 | 12,55,12 | S=(0,0);(0,1);(2,2) | I=(2,0) | sp=945,1,24 | ip=882
0,1,0 | 12,55,12 | S=(0,0);(0,1);(2,2) | I=(2,0) | sp=945,1,96 | ip=1
0,1,0 | 12,55,12 | S=(0,0);(0,1);(2,2) | I=(2,0) | sp=945,1,35 | ip=1
0,1,0 | 12,55,12 | S=(0,0);(0,1);(2,2) | I=(2,0) | sp=945,1,45 | ip=1
0,1,0 | 12,55,12 | S=(0,0);(0,1);(2,2) | I=(2,0) | sp=945,1,55 | ip=1
0,1,0 | 12,55,12 | S=(0,0);(0,1);(2,2) | I=(2,0) | sp=945,1,99930 | ip=1
0,1,0 | 12,55,12 | S=(0,0);(0,1);(2,2) | I=(2,0) | sp=945,1,945 | ip=1
0,1,0 | 12,55,12 | S=(0,0);(0,1);(2,2) | I=(2,0) | sp=947,1,882 | ip=883
0,1,0 | 12,55,12 | S=(0,0);(0,1);(2,2) | I=(2,0) | sp=947,1,883 | ip=882
0,1,0 | 12,55,12 | S=(0,0);(0,1);(2,2) | I=(2,0) | sp=947,1,884 | ip=1
0,1,0 | 12,55,12 | S=(0,0);(0,1);(2,2) | I=(2,0) | sp=947,1,24 | ip=1
