0,1,0 | 7,33,8 | S= | I=(0,0);(0,1);(2,2);(2,3) | sp= | ip=1,1,1,1 | E=(0,2,0,0);(1,2,0,1);(2,2,0,2);(3,2,0,3) | ep=2,3,3,3
0,1,0 | 7,33,8 | S= | I=(0,0);(0,1);(2,2);(2,3) | sp= | ip=1,1,1,1 | E=(0,2,0,0);(1,2,0,1);(2,2,0,2);(3,2,0,3) | ep=3,2,3,3
0,1,0 | 7,33,8 | S= | I=(0,0);(0,1);(2,2);(2,3) | sp= | ip=1,1,1,1 | E=(0,2,0,0);(1,2,0,1);(2,2,0,2);(3,2,0,3) | ep=3,3,2,2
0,1,0 | 8,33,7 | S= | I=(0,0);(0,1);(2,2);(2,3) | sp= | ip=1,1,1,1 | E=(0,2,0,0);(1,2,0,1);(2,2,0,2);(3,2,0,3) | ep=2,2,3,3
0,1,0 | 8,33,7 | S= | I=(0,0);(0,1);(2,2);(2,3) | sp= | ip=1,1,1,1 | E=(0,2,0,0);(1,2,0,1);(2,2,0,2);(3,2,0,3) | ep=3,3,2,3
0,1,0 | 8,33,7 | S= | I=(0,0);(0,1);(2,2);(2,3) | sp= | ip=1,1,1,1 | E=(0,2,0,0);(1,2,0,1);(2,2,0,2);(3,2,0,3) | ep=3,3,3,2
0,1,0 | 8,33,8 | S= | I=(0,0);(0,1);(2,2);(2,3) | sp= | ip=1,1,1,1 | E=(0,2,0,0);(1,2,0,1);(2,2,0,2);(3,2,0,3) | ep=2,2,2,2
0,1,0 | 8,33,8 | S= | I=(0,0);(0,1);(2,2);(2,3) | sp= | ip=1,1,1,882 | E=(0,2,0,0);(1,2,0,1);(2,2,0,2);(3,2,0,3) | ep=2,2,3,3
0,1,0 | 8,33,8 | S= | I=(0,0);(0,1);(2,2);(2,3) | sp= | ip=1,1,1,882 | E=(0,2,0,0);(1,2,0,1);(2,2,0,2);(3,2,0,3) | ep=3,3,2,3
0,1,0 | 8,33,8 | S= | I=(0,0);(0,1);(2,2);(2,3) | sp= | ip=1,1,1,882 | E=(0,2,0,0);(1,2,0,1);(2,2,0,2);(3,2,0,3) | ep=3,3,3,2
0,1,0 | 8,33,8 | S= | I=(0,0);(0,1);(2,2);(2,3) | sp= | ip=1,1,882,1 | E=(0,2,0,0);(1,2,0,1);(2,2,0,2);(3,2,0,3) | ep=2,2,3,3
0,1,0 | 8,33,8 | S= | I=(0,0);(0,1);(2,2);(2,3) | sp= | ip=1,1,882,1 | E=(0,2,0,0);(1,2,0,1);(2,2,0,2);(3,2,0,3) | ep=3,3,2,3
0,1,0 | 8,33,8 | S= | I=(0,0);(0,1);(2,2);(2,3) | sp= | ip=1,1,882,1 | E=(0,2,0,0);(1,2,0,1);(2,2,0,2);(3,2,0,3) | ep=3,3,3,2
0,1,0 | 8,33,8 | S= | I=(0,0);(0,1);(2,2);(2,3) | sp= | ip=1,882,1,1 | E=(0,2,0,0);(1,2,0,1);(2,2,0,2);(3,2,0,3) | ep=2,3,3,3
0,1,0 | 8,33,8 | S= | I=(0,0);(0,1);(2,2);(2,3) | sp= | ip=1,882,1,1 | E=(0,2,0,0);(1,2,0,1);(2,2,0,2);(3,2,0,3) | ep=3,2,3,3
0,1,0 | 8,33,8 | S= | I=(0,0);(0,1);(2,2);(2,3) | sp= | ip=1,882,1,1 | E=(0,2,0,0);(1,2,0,1);(2,2,0,2);(3,2,0,3) | ep=3,3,2,2
0,1,0 | 8,33,8 | S= | I=(0,0);(0,1);(2,2);(2,3) | sp= | ip=882,1,1,1 | E=(0,2,0,0);(1,2,0,1);(2,2,0,2);(3,2,0,3) | ep=2,3,3,3
0,1,0 | 8,33,8 | S= | I=(0,0);(0,1);(2,2);(2,3) | sp= | ip=882,1,1,1 | E=(0,2,0,0);(1,2,0,1);(2,2,0,2);(3,2,0,3) | ep=3,2,3,3
0,1,0 | 8,33,8 | S= | I=(0,0);(0,1);(2,2);(2,3) | sp= | ip=882,1,1,1 | E=(0,2,0,0);(1,2,0,1);(2,2,0,2);(3,2,0,3) | ep=3,3,2,2
0,1,0 | 8,45,12 | S= | I=(0,0);(0,1);(2,2);(2,3) | sp= | ip=1,1,1,882 | E=(0,2,0,0);(1,2,0,1);(2,2,0,2);(3,2,0,3) | ep=2,3,2,2
0,1,0 | 8,45,12 | S= | I=(0,0);(0,1);(2,2);(2,3) | sp= | ip=1,1,1,882 | E=(0,2,0,0);(1,2,0,1);(2,2,0,2);(3,2,0,3) | ep=3,2,2,2
0,1,0 | 8,45,12 | S= | I=(0,0);(0,1);(2,2);(2,3) | sp= | ip=1,1,1,883 | E=(0,2,0,0);(1,2,0,1);(2,2,0,2);(3,2,0,3) | ep=2,3,3,3
0,1,0 | 8,45,12 | S= | I=(0,0);(0,1);(2,2);(2,3) | sp= | ip=1,1,1,883 | E=(0,2,0,0);(1,2,0,1);(2,2,0,2);(3,2,0,3) | ep=3,2,3,3
0,1,0 | 8,45,12 | S= | I=(0,0);(0,1);(2,2);(2,3) | sp= | ip=1,1,1,883 | E=(0,2,0,0);(1,2,0,1);(2,2,0,2);(3,2,0,3) | ep=3,3,2,2
0,1,0 | 8,45,12 | S= | I=(0,0);(0,1);(2,2);(2,3) | sp= | ip=1,1,882,1 | E=(0,2,0,0);(1,2,0,1);(2,2,0,2);(3,2,0,3) | ep=2,3,2,2
0,1,0 | 8,45,12 | S= | I=(0,0);(0,1);(2,2);(2,3) | sp= | ip=1,1,882,1 | E=(0,2,0,0);(1,2,0,1);(2,2,0,2);(3,2,0,3) | ep=3,2,2,2
0,1,0 | 8,45,12 | S= | I=(0,0);(0,1);(2,2);(2,3) | sp= | ip=1,1,882,882 | E=(0,2,0,0);(1,2,0,1);(2,2,0,2);(3,2,0,3) | ep=2,3,3,3
0,1,0 | 8,45,12 | S= | I=(0,0);(0,1);(2,2);(2,3) | sp= | ip=1,1,882,882 | E=(0,2,0,0);(1,2,0,1);(2,2,0,2);(3,2,0,3) | ep=3,2,3,3
0,1,0 | 8,45,12 | S= | I=(0,0);(0,1);(2,2);(2,3) | sp= | ip=1,1,882,882 | E=(0,2,0,0);(1,2,0,1);(2,2,0,2);(3,2,0,3) | ep=3,3,2,2
0,1,0 | 8,45,12 | S= | I=(0,0);(0,1);(2,2);(2,3) | sp= | ip=1,1,883,1 | E=(0,2,0,0);(1,2,0,1);(2,2,0,2);(3,2,0,3) | ep=2,3,3,3
0,1,0 | 8,45,12 | S= | I=(0,0);(0,1);(2,2);(2,3) | sp= | ip=1,1,883,1 | E=(0,2,0,0);(1,2,0,1);(2,2,0,2);(3,2,0,3) | ep=3,2,3,3
0,1,0 | 8,45,12 | S= | I=(0,0);(0,1);(2,2);(2,3) | sp= | ip=1,1,883,1 | E=(0,2,0,0);(1,2,0,1);(2,2,0,2);(3,2,0,3) | ep=3,3,2,2
0,1,0 | 12,54,8 | S= | I=(0,0);(0,1);(2,2);(2,3) | sp= | ip=1,882,1,1 | E=(0,2,0,0);(1,2,0,1);(2,2,0,2);(3,2,0,3) | ep=2,2,2,3
0,1,0 | 12,54,8 | S= | I=(0,0);(0,1);(2,2);(2,3) | sp= | ip=1,882,1,1 | E=(0,2,0,0);(1,2,0,1);(2,2,0,2);(3,2,0,3) | ep=2,2,3,2
0,1,0 | 12,54,8 | S= | I=(0,0);(0,1);(2,2);(2,3) | sp= | ip=1,883,1,1 | E=(0,2,0,0);(1,2,0,1);(2,2,0,2);(3,2,0,3) | ep=2,2,3,3
0,1,0 | 12,54,8 | S= | I=(0,0);(0,1);(2,2);(2,3) | sp= | ip=1,883,1,1 | E=(0,2,0,0);(1,2,0,1);(2,2,0,2);(3,2,0,3) | ep=3,3,2,3
0,1,0 | 12,54,8 | S= | I=(0,0);(0,1);(2,2);(2,3) | sp= | ip=1,883,1,1 | E=(0,2,0,0);(1,2,0,1);(2,2,0,2);(3,2,0,3) | ep=3,3,3,2
0,1,0 | 12,54,8 | S= | I=(0,0);(0,1);(2,2);(2,3) | sp= | ip=882,1,1,1 | E=(0,2,0,0);(1,2,0,1);(2,2,0,2);(3,2,0,3) | ep=2,2,2,3
0,1,0 | 12,54,8 | S= | I=(0,0);(0,1);(2,2);(2,3) | sp= | ip=882,1,1,1 | E=(0,2,0,0);(1,2,0,1);(2,2,0,2);(3,2,0,3) | ep=2,2,3,2
0,1,0 | 12,54,8 | S= | I=(0,0);(0,1);(2,2);(2,3) | sp= | ip=882,882,1,1 | E=(0,2,0,0);(1,2,0,1);(2,2,0,2);(3,2,0,3) | ep=2,2,3,3
0,1,0 | 12,54,8 | S= | I=(0,0);(0,1);(2,2);(2,3) | sp= | ip=882,882,1,1 | E=(0,2,0,0);(1,2,0,1);(2,2,0,2);(3,2,0,3) | ep=3,3,2,3
0,1,0 | 12,54,8 | S= | I=(0,0);(0,1);(2,2);(2,3) | sp= | ip=882,882,1,1 | E=(0,2,0,0);(1,2,0,1);(2,2,0,2);(3,2,0,3) | ep=3,3,3,2
0,1,0 | 12,54,8 | S= | I=(0,0);(0,1);(2,2);(2,3) | sp= | ip=883,1,1,1 | E=(0,2,0,0);(1,2,0,1);(2,2,0,2);(3,2,0,3) | ep=2,2,3,3
0,1,0 | 12,54,8 | S= | I=(0,0);(0,1);(2,2);(2,3) | sp= | ip=883,1,1,1 | E=(0,2,0,0);(1,2,0,1);(2,2,0,2);(3,2,0,3) | ep=3,3,2,3
0,1,0 | 12,54,8 | S= | I=(0,0);(0,1);(2,2);(2,3) | sp= | ip=883,1,1,1 | E=(0,2,0,0);(1,2,0,1);(2,2,0,2);(3,2,0,3) | ep=3,3,3,2
0,1,0 | 12,55,12 | S= | I=(0,0);(0,1);(2,2);(2,3) | sp= | ip=1,882,882,883 | E=(0,2,0,0);(1,2,0,1);(2,2,0,2);(3,2,0,3) | ep=2,2,2,3
0,1,0 | 12,55,12 | S= | I=(0,0);(0,1);(2,2);(2,3) | sp= | ip=1,882,882,883 | E=(0,2,0,0);(1,2,0,1);(2,2,0,2);(3,2,0,3) | ep=2,2,3,2
0,1,0 | 12,55,12 | S= | I=(0,0);(0,1);(2,2);(2,3) | sp= | ip=1,882,883,882 | E=(0,2,0,0);(1,2,0,1);(2,2,0,2);(3,2,0,3) | ep=2,2,2,3
0,1,0 | 12,55,12 | S= | I=(0,0);(0,1);(2,2);(2,3) | sp= | ip=1,882,883,882 | E=(0,2,0,0);(1,2,0,1);(2,2,0,2);(3,2,0,3) | ep=2,2,3,2
0,1,0 | 12,55,12 | S= | I=(0,0);(0,1);(2,2);(2,3) | sp= | ip=1,883,1,883 | E=(0,2,0,0);(1,2,0,1);(2,2,0,2);(3,2,0,3) | ep=2,2,2,2
0,1,0 | 12,55,12 | S= | I=(0,0);(0,1);(2,2);(2,3) | sp= | ip=1,883,882,882 | E=(0,2,0,0);(1,2,0,1);(2,2,0,2);(3,2,0,3) | ep=2,2,2,2
0,1,0 | 12,55,12 | S= | I=(0,0);(0,1);(2,2);(2,3) | sp= | ip=1,883,882,883 | E=(0,2,0,0);(1,2,0,1);(2,2,0,2);(3,2,0,3) | ep=2,2,3,3
0,1,0 | 12,55,12 | S= | I=(0,0);(0,1);(2,2);(2,3) | sp= | ip=1,883,882,883 | E=(0,2,0,0);(1,2,0,1);(2,2,0,2);(3,2,0,3) | ep=3,3,2,3
0,1,0 | 12,55,12 | S= | I=(0,0);(0,1);(2,2);(2,3) | sp= | ip=1,883,882,883 | E=(0,2,0,0);(1,2,0,1);(2,2,0,2);(3,2,0,3) | ep=3,3,3,2
0,1,0 | 12,55,12 | S= | I=(0,0);(0,1);(2,2);(2,3) | sp= | ip=1,883,883,1 | E=(0,2,0,0);(1,2,0,1);(2,2,0,2);(3,2,0,3) | ep=2,2,2,2
0,1,0 | 12,55,12 | S= | I=(0,0);(0,1);(2,2);(2,3) | sp= | ip=1,883,883,882 | E=(0,2,0,0);(1,2,0,1);(2,2,0,2);(3,2,0,3) | ep=2,2,3,3
0,1,0 | 12,55,12 | S= | I=(0,0);(0,1);(2,2);(2,3) | sp= | ip=1,883,883,882 | E=(0,2,0,0);(1,2,0,1);(2,2,0,2);(3,2,0,3) | ep=3,3,2,3
0,1,0 | 12,55,12 | S= | I=(0,0);(0,1);(2,2);(2,3) | sp= | ip=1,883,883,882 | E=(0,2,0,0);(1,2,0,1);(2,2,0,2);(3,2,0,3) | ep=3,3,3,2
0,1,0 | 12,55,12 | S= | I=(0,0);(0,1);(2,2);(2,3) | sp= | ip=882,1,882,883 | E=(0,2,0,0);(1,2,0,1);(2,2,0,2);(3,2,0,3) | ep=2,2,2,3
0,1,0 | 12,55,12 | S= | I=(0,0);(0,1);(2,2);(2,3) | sp= | ip=882,1,882,883 | E=(0,2,0,0);(1,2,0,1);(2,2,0,2);(3,2,0,3) | ep=2,2,3,2
0,1,0 | 12,55,12 | S= | I=(0,0);(0,1);(2,2);(2,3) | sp= | ip=882,1,883,882 | E=(0,2,0,0);(1,2,0,1);(2,2,0,2);(3,2,0,3) | ep=2,2,2,3
0,1,0 | 12,55,12 | S= | I=(0,0);(0,1);(2,2);(2,3) | sp= | ip=882,1,883,882 | E=(0,2,0,0);(1,2,0,1);(2,2,0,2);(3,2,0,3) | ep=2,2,3,2
0,1,0 | 12,55,12 | S= | I=(0,0);(0,1);(2,2);(2,3) | sp= | ip=882,882,1,883 | E=(0,2,0,0);(1,2,0,1);(2,2,0,2);(3,2,0,3) | ep=2,2,2,2
0,1,0 | 12,55,12 | S= | I=(0,0);(0,1);(2,2);(2,3) | sp= | ip=882,882,882,882 | E=(0,2,0,0);(1,2,0,1);(2,2,0,2);(3,2,0,3) | ep=2,2,2,2
0,1,0 | 12,55,12 | S= | I=(0,0);(0,1);(2,2);(2,3) | sp= | ip=882,882,882,883 | E=(0,2,0,0);(1,2,0,1);(2,2,0,2);(3,2,0,3) | ep=2,2,3,3
0,1,0 | 12,55,12 | S= | I=(0,0);(0,1);(2,2);(2,3) | sp= | ip=882,882,882,883 | E=(0,2,0,0);(1,2,0,1);(2,2,0,2);(3,2,0,3) | ep=3,3,2,3
0,1,0 | 12,55,12 | S= | I=(0,0);(0,1);(2,2);(2,3) | sp= | ip=882,882,882,883 | E=(0,2,0,0);(1,2,0,1);(2,2,0,2);(3,2,0,3) | ep=3,3,3,2
0,1,0 | 12,55,12 | S= | I=(0,0);(0,1);(2,2);(2,3) | sp= | ip=882,882,883,1 | E=(0,2,0,0);(1,2,0,1);(2,2,0,2);(3,2,0,3) | ep=2,2,2,2
0,1,0 | 12,55,12 | S= | I=(0,0);(0,1);(2,2);(2,3) | sp= | ip=882,882,883,882 | E=(0,2,0,0);(1,2,0,1);(2,2,0,2);(3,2,0,3) | ep=2,2,3,3
0,1,0 | 12,55,12 | S= | I=(0,0);(0,1);(2,2);(2,3) | sp= | ip=882,882,883,882 | E=(0,2,0,0);(1,2,0,1);(2,2,0,2);(3,2,0,3) | ep=3,3,2,3
0,1,0 | 12,55,12 | S= | I=(0,0);(0,1);(2,2);(2,3) | sp= | ip=882,882,883,882 | E=(0,2,0,0);(1,2,0,1);(2,2,0,2);(3,2,0,3) | ep=3,3,3,2
0,1,0 | 12,55,12 | S= | I=(0,0);(0,1);(2,2);(2,3) | sp= | ip=882,883,1,882 | E=(0,2,0,0);(1,2,0,1);(2,2,0,2);(3,2,0,3) | ep=2,3,2,2
0,1,0 | 12,55,12 | S= | I=(0,0);(0,1);(2,2);(2,3) | sp= | ip=882,883,1,882 | E=(0,2,0,0);(1,2,0,1);(2,2,0,2);(3,2,0,3) | ep=3,2,2,2
0,1,0 | 12,55,12 | S= | I=(0,0);(0,1);(2,2);(2,3) | sp= | ip=882,883,1,883 | E=(0,2,0,0);(1,2,0,1);(2,2,0,2);(3,2,0,3) | ep=2,3,3,3
0,1,0 | 12,55,12 | S= | I=(0,0);(0,1);(2,2);(2,3) | sp= | ip=882,883,1,883 | E=(0,2,0,0);(1,2,0,1);(2,2,0,2);(3,2,0,3) | ep=3,2,3,3
0,1,0 | 12,55,12 | S= | I=(0,0);(0,1);(2,2);(2,3) | sp= | ip=882,883,1,883 | E=(0,2,0,0);(1,2,0,1);(2,2,0,2);(3,2,0,3) | ep=3,3,2,2
0,1,0 | 12,55,12 | S= | I=(0,0);(0,1);(2,2);(2,3) | sp= | ip=882,883,882,1 | E=(0,2,0,0);(1,2,0,1);(2,2,0,2);(3,2,0,3) | ep=2,3,2,2
0,1,0 | 12,55,12 | S= | I=(0,0);(0,1);(2,2);(2,3) | sp= | ip=882,883,882,1 | E=(0,2,0,0);(1,2,0,1);(2,2,0,2);(3,2,0,3) | ep=3,2,2,2
0,1,0 | 12,55,12 | S= | I=(0,0);(0,1);(2,2);(2,3) | sp= | ip=882,883,882,882 | E=(0,2,0,0);(1,2,0,1);(2,2,0,2);(3,2,0,3) | ep=2,3,3,3
0,1,0 | 12,55,12 | S= | I=(0,0);(0,1);(2,2);(2,3) | sp= | ip=882,883,882,882 | E=(0,2,0,0);(1,2,0,1);(2,2,0,2);(3,2,0,3) | ep=3,2,3,3
0,1,0 | 12,55,12 | S= | I=(0,0);(0,1);(2,2);(2,3) | sp= | ip=882,883,882,882 | E=(0,2,0,0);(1,2,0,1);(2,2,0,2);(3,2,0,3) | ep=3,3,2,2
0,1,0 | 12,55,12 | S= | I=(0,0);(0,1);(2,2);(2,3) | sp= | ip=882,883,883,1 | E=(0,2,0,0);(1,2,0,1);(2,2,0,2);(3,2,0,3) | ep=2,3,3,3
0,1,0 | 12,55,12 | S= | I=(0,0);(0,1);(2,2);(2,3) | sp= | ip=882,883,883,1 | E=(0,2,0,0);(1,2,0,1);(2,2,0,2);(3,2,0,3) | ep=3,2,3,3
0,1,0 | 12,55,12 | S= | I=(0,0);(0,1);(2,2);(2,3) | sp= | ip=882,883,883,1 | E=(0,2,0,0);(1,2,0,1);(2,2,0,2);(3,2,0,3) | ep=3,3,2,2
0,1,0 | 12,55,12 | S= | I=(0,0);(0,1);(2,2);(2,3) | sp= | ip=883,1,1,883 | E=(0,2,0,0);(1,2,0,1);(2,2,0,2);(3,2,0,3) | ep=2,2,2,2
0,1,0 | 12,55,12 | S= | I=(0,0);(0,1);(2,2);(2,3) | sp= | ip=883,1,882,882 | E=(0,2,0,0);(1,2,0,1);(2,2,0,2);(3,2,0,3) | ep=2,2,2,2
0,1,0 | 12,55,12 | S= | I=(0,0);(0,1);(2,2);(2,3) | sp= | ip=883,1,882,883 | E=(0,2,0,0);(1,2,0,1);(2,2,0,2);(3,2,0,3) | ep=2,2,3,3
0,1,0 | 12,55,12 | S= | I=(0,0);(0,1);(2,2);(2,3) | sp= | ip=883,1,882,883 | E=(0,2,0,0);(1,2,0,1);(2,2,0,2);(3,2,0,3) | ep=3,3,2,3
0,1,0 | 12,55,12 | S= | I=(0,0);(0,1);(2,2);(2,3) | sp= | ip=883,1,882,883 | E=(0,2,0,0);(1,2,0,1);(2,2,0,2);(3,2,0,3) | ep=3,3,3,2
0,1,0 | 12,55,12 | S= | I=(0,0);(0,1);(2,2);(2,3) | sp= | ip=883,1,883,1 | E=(0,2,0,0);(1,2,0,1);(2,2,0,2);(3,2,0,3) | ep=2,2,2,2
0,1,0 | 12,55,12 | S= | I=(0,0);(0,1);(2,2);(2,3) | sp= | ip=883,1,883,882 | E=(0,2,0,0);(1,2,0,1);(2,2,0,2);(3,2,0,3) | ep=2,2,3,3
0,1,0 | 12,55,12 | S= | I=(0,0);(0,1);(2,2);(2,3) | sp= | ip=883,1,883,882 | E=(0,2,0,0);(1,2,0,1);(2,2,0,2);(3,2,0,3) | ep=3,3,2,3
0,1,0 | 12,55,12 | S= | I=(0,0);(0,1);(2,2);(2,3) | sp= | ip=883,1,883,882 | E=(0,2,0,0);(1,2,0,1);(2,2,0,2);(3,2,0,3) | ep=3,3,3,2
0,1,0 | 12,55,12 | S= | I=(0,0);(0,1);(2,2);(2,3) | sp= | ip=883,882,1,882 | E=(0,2,0,0);(1,2,0,1);(2,2,0,2);(3,2,0,3) | ep=2,3,2,2
0,1,0 | 12,55,12 | S= | I=(0,0);(0,1);(2,2);(2,3) | sp= | ip=883,882,1,882 | E=(0,2,0,0);(1,2,0,1);(2,2,0,2);(3,2,0,3) | ep=3,2,2,2
0,1,0 | 12,55,12 | S= | I=(0,0);(0,1);(2,2);(2,3) | sp= | ip=883,882,1,883 | E=(0,2,0,0);(1,2,0,1);(2,2,0,2);(3,2,0,3) | ep=2,3,3,3
0,1,0 | 12,55,12 | S= | I=(0,0);(0,1);(2,2);(2,3) | sp= | ip=883,882,1,883 | E=(0,2,0,0);(1,2,0,1);(2,2,0,2);(3,2,0,3) | ep=3,2,3,3
0,1,0 | 12,55,12 | S= | I=(0,0);(0,1);(2,2);(2,3) | sp= | ip=883,882,1,883 | E=(0,2,0,0);(1,2,0,1);(2,2,0,2);(3,2,0,3) | ep=3,3,2,2
0,1,0 | 12,55,12 | S= | I=(0,0);(0,1);(2,2);(2,3) | sp= | ip=883,882,882,1 | E=(0,2,0,0);(1,2,0,1);(2,2,0,2);(3,2,0,3) | ep=2,3,2,2
0,1,0 | 12,55,12 | S= | I=(0,0);(0,1);(2,2);(2,3) | sp= | ip=883,882,882,1 | E=(0,2,0,0);(1,2,0,1);(2,2,0,2);(3,2,0,3) | ep=3,2,2,2
0,1,0 | 12,55,12 | S= | I=(0,0);(0,1);(2,2);(2,3) | sp= | ip=883,882,882,882 | E=(0,2,0,0);(1,2,0,1);(2,2,0,2);(3,2,0,3) | ep=2,3,3,3
0,1,0 | 12,55,12 | S= | I=(0,0);(0,1);(2,2);(2,3) | sp= | ip=883,882,882,882 | E=(0,2,0,0);(1,2,0,1);(2,2,0,2);(3,2,0,3) | ep=3,2,3,3
0,1,0 | 12,55,12 | S= | I=(0,0);(0,1);(2,2);(2,3) | sp= | ip=883,882,882,882 | E=(0,2,0,0);(1,2,0,1);(2,2,0,2);(3,2,0,3) | ep=3,3,2,2
0,1,0 | 12,55,12 | S= | I=(0,0);(0,1);(2,2);(2,3) | sp= | ip=883,882,883,1 | E=(0,2,0,0);(1,2,0,1);(2,2,0,2);(3,2,0,3) | ep=2,3,3,3
0,1,0 | 12,55,12 | S= | I=(0,0);(0,1);(2,2);(2,3) | sp= | ip=883,882,883,1 | E=(0,2,0,0);(1,2,0,1);(2,2,0,2);(3,2,0,3) | ep=3,2,3,3
0,1,0 | 12,55,12 | S= | I=(0,0);(0,1);(2,2);(2,3) | sp= | ip=883,882,883,1 | E=(0,2,0,0);(1,2,0,1);(2,2,0,2);(3,2,0,3) | ep=3,3,2,2
