0,1,0 | 6,22,4 | S=(0,0);(0,1) | I= | sp=1,882 | ip= | E=(0,0,0,0) | ep=2
0,1,0 | 6,22,4 | S=(0,0);(0,1) | I= | sp=1,22 | ip= | E=(0,0,0,0) | ep=2
0,1,0 | 6,22,4 | S=(0,0);(0,1) | I= | sp=1,912 | ip= | E=(0,0,0,0) | ep=1
0,1,0 | 6,22,4 | S=(0,0);(0,1) | I= | sp=882,1 | ip= | E=(0,0,0,0) | ep=2
0,1,0 | 6,22,4 | S=(0,0);(0,1) | I= | sp=22,1 | ip= | E=(0,0,0,0) | ep=2
0,1,0 | 6,22,4 | S=(0,0);(0,1) | I= | sp=912,1 | ip= | E=(0,0,0,0) | ep=1
0,1,0 | 6,32,4 | S=(0,0);(0,1) | I= | sp=1,1 | ip= | E=(0,0,0,0) | ep=2
0,1,0 | 6,34,6 | S=(0,0);(0,1) | I= | sp=1,1 | ip= | E=(0,0,0,0) | ep=2
0,1,0 | 6,35,7 | S=(0,0);(0,1) | I= | sp=1,1 | ip= | E=(0,0,0,0) | ep=2
0,1,0 | 7,32,4 | S=(0,0);(0,1) | I= | sp=1,882 | ip= | E=(0,0,0,0) | ep=2
0,1,0 | 7,32,4 | S=(0,0);(0,1) | I= | sp=882,1 | ip= | E=(0,0,0,0) | ep=2
0,1,0 | 7,33,4 | S=(0,0);(0,1) | I= | sp=1,1 | ip= | E=(0,0,0,0) | ep=1
0,1,0 | 7,42,4 | S=(0,0);(0,1) | I= | sp=1,1 | ip= | E=(0,0,0,0) | ep=2
0,1,0 | 7,44,6 | S=(0,0);(0,1) | I= | sp=1,1 | ip= | E=(0,0,0,0) | ep=2
0,1,0 | 7,45,7 | S=(0,0);(0,1) | I= | sp=1,1 | ip= | E=(0,0,0,0) | ep=2
0,1,0 | 8,32,4 | S=(0,0);(0,1) | I= | sp=1,883 | ip= | E=(0,0,0,0) | ep=2
0,1,0 | 8,32,4 | S=(0,0);(0,1) | I= | sp=1,23 | ip= | E=(0,0,0,0) | ep=2
0,1,0 | 8,32,4 | S=(0,0);(0,1) | I= | sp=1,33 | ip= | E=(0,0,0,0) | ep=2
0,1,0 | 8,32,4 | S=(0,0);(0,1) | I= | sp=1,97 | ip= | E=(0,0,0,0) | ep=1
0,1,0 | 8,32,4 | S=(0,0);(0,1) | I= | sp=882,882 | ip= | E=(0,0,0,0) | ep=2
0,1,0 | 8,32,4 | S=(0,0);(0,1) | I= | sp=883,1 | ip= | E=(0,0,0,0) | ep=2
0,1,0 | 8,32,4 | S=(0,0);(0,1) | I= | sp=23,1 | ip= | E=(0,0,0,0) | ep=2
0,1,0 | 8,32,4 | S=(0,0);(0,1) | I= | sp=33,1 | ip= | E=(0,0,0,0) | ep=2
0,1,0 | 8,32,4 | S=(0,0);(0,1) | I= | sp=97,1 | ip= | E=(0,0,0,0) | ep=1
0,1,0 | 8,33,4 | S=(0,0);(0,1) | I= | sp=1,882 | ip= | E=(0,0,0,0) | ep=1
0,1,0 | 8,33,4 | S=(0,0);(0,1) | I= | sp=1,97 | ip= | E=(0,0,0,0) | ep=2
0,1,0 | 8,33,4 | S=(0,0);(0,1) | I= | sp=1,98 | ip= | E=(0,0,0,0) | ep=3
0,1,0 | 8,33,4 | S=(0,0);(0,1) | I= | sp=882,1 | ip= | E=(0,0,0,0) | ep=1
0,1,0 | 8,33,4 | S=(0,0);(0,1) | I= | sp=97,1 | ip= | E=(0,0,0,0) | ep=2
0,1,0 | 8,33,4 | S=(0,0);(0,1) | I= | sp=98,1 | ip= | E=(0,0,0,0) | ep=3
0,1,0 | 8,33,6 | S=(0,0);(0,1) | I= | sp=1,98 | ip= | E=(0,0,0,0) | ep=1
0,1,0 | 8,33,6 | S=(0,0);(0,1) | I= | sp=98,1 | ip= | E=(0,0,0,0) | ep=1
0,1,0 | 8,42,4 | S=(0,0);(0,1) | I= | sp=1,882 | ip= | E=(0,0,0,0) | ep=2
0,1,0 | 8,42,4 | S=(0,0);(0,1) | I= | sp=882,1 | ip= | E=(0,0,0,0) | ep=2
0,1,0 | 8,43,4 | S=(0,0);(0,1) | I= | sp=1,1 | ip= | E=(0,0,0,0) | ep=1
0,1,0 | 8,44,6 | S=(0,0);(0,1) | I= | sp=1,882 | ip= | E=(0,0,0,0) | ep=2
0,1,0 | 8,44,6 | S=(0,0);(0,1) | I= | sp=882,1 | ip= | E=(0,0,0,0) | ep=2
0,1,0 | 8,54,6 | S=(0,0);(0,1) | I= | sp=1,1 | ip= | E=(0,0,0,0) | ep=2
0,1,0 | 8,45,6 | S=(0,0);(0,1) | I= | sp=1,1 | ip= | E=(0,0,0,0) | ep=1
0,1,0 | 8,45,7 | S=(0,0);(0,1) | I= | sp=1,882 | ip= | E=(0,0,0,0) | ep=2
0,1,0 | 8,45,7 | S=(0,0);(0,1) | I= | sp=882,1 | ip= | E=(0,0,0,0) | ep=2
0,1,0 | 8,55,7 | S=(0,0);(0,1) | I= | sp=1,1 | ip= | E=(0,0,0,0) | ep=2
0,1,0 | 12,42,4 | S=(0,0);(0,1) | I= | sp=1,886 | ip= | E=(0,0,0,0) | ep=2
0,1,0 | 12,42,4 | S=(0,0);(0,1) | I= | sp=1,94 | ip= | E=(0,0,0,0) | ep=2
0,1,0 | 12,42,4 | S=(0,0);(0,1) | I= | sp=1,996 | ip= | E=(0,0,0,0) | ep=2
0,1,0 | 12,42,4 | S=(0,0);(0,1) | I= | sp=1,919 | ip= | E=(0,0,0,0) | ep=2
0,1,0 | 12,42,4 | S=(0,0);(0,1) | I= | sp=882,885 | ip= | E=(0,0,0,0) | ep=2
0,1,0 | 12,42,4 | S=(0,0);(0,1) | I= | sp=882,96 | ip= | E=(0,0,0,0) | ep=2
0,1,0 | 12,42,4 | S=(0,0);(0,1) | I= | sp=882,35 | ip= | E=(0,0,0,0) | ep=2
0,1,0 | 12,42,4 | S=(0,0);(0,1) | I= | sp=882,45 | ip= | E=(0,0,0,0) | ep=2
0,1,0 | 12,42,4 | S=(0,0);(0,1) | I= | sp=882,55 | ip= | E=(0,0,0,0) | ep=2
0,1,0 | 12,42,4 | S=(0,0);(0,1) | I= | sp=882,99930 | ip= | E=(0,0,0,0) | ep=2
0,1,0 | 12,42,4 | S=(0,0);(0,1) | I= | sp=882,9912 | ip= | E=(0,0,0,0) | ep=1
0,1,0 | 12,42,4 | S=(0,0);(0,1) | I= | sp=883,884 | ip= | E=(0,0,0,0) | ep=2
0,1,0 | 12,42,4 | S=(0,0);(0,1) | I= | sp=883,24 | ip= | E=(0,0,0,0) | ep=2
0,1,0 | 12,42,4 | S=(0,0);(0,1) | I= | sp=883,93 | ip= | E=(0,0,0,0) | ep=1
0,1,0 | 12,42,4 | S=(0,0);(0,1) | I= | sp=884,883 | ip= | E=(0,0,0,0) | ep=2
0,1,0 | 12,42,4 | S=(0,0);(0,1) | I= | sp=885,882 | ip= | E=(0,0,0,0) | ep=2
0,1,0 | 12,42,4 | S=(0,0);(0,1) | I= | sp=886,1 | ip= | E=(0,0,0,0) | ep=2
0,1,0 | 12,42,4 | S=(0,0);(0,1) | I= | sp=24,883 | ip= | E=(0,0,0,0) | ep=2
0,1,0 | 12,42,4 | S=(0,0);(0,1) | I= | sp=93,883 | ip= | E=(0,0,0,0) | ep=1
0,1,0 | 12,42,4 | S=(0,0);(0,1) | I= | sp=94,1 | ip= | E=(0,0,0,0) | ep=2
0,1,0 | 12,42,4 | S=(0,0);(0,1) | I= | sp=96,882 | ip= | E=(0,0,0,0) | ep=2
0,1,0 | 12,42,4 | S=(0,0);(0,1) | I= | sp=35,882 | ip= | E=(0,0,0,0) | ep=2
0,1,0 | 12,42,4 | S=(0,0);(0,1) | I= | sp=45,882 | ip= | E=(0,0,0,0) | ep=2
0,1,0 | 12,42,4 | S=(0,0);(0,1) | I= | sp=55,882 | ip= | E=(0,0,0,0) | ep=2
0,1,0 | 12,42,4 | S=(0,0);(0,1) | I= | sp=99930,882 | ip= | E=(0,0,0,0) | ep=2
0,1,0 | 12,42,4 | S=(0,0);(0,1) | I= | sp=996,1 | ip= | E=(0,0,0,0) | ep=2
0,1,0 | 12,42,4 | S=(0,0);(0,1) | I= | sp=9912,882 | ip= | E=(0,0,0,0) | ep=1
0,1,0 | 12,42,4 | S=(0,0);(0,1) | I= | sp=919,1 | ip= | E=(0,0,0,0) | ep=2
0,1,0 | 12,53,4 | S=(0,0);(0,1) | I= | sp=1,884 | ip= | E=(0,0,0,0) | ep=1
0,1,0 | 12,53,4 | S=(0,0);(0,1) | I= | sp=1,24 | ip= | E=(0,0,0,0) | ep=1
0,1,0 | 12,53,4 | S=(0,0);(0,1) | I= | sp=1,9912 | ip= | E=(0,0,0,0) | ep=2
0,1,0 | 12,53,4 | S=(0,0);(0,1) | I= | sp=1,921 | ip= | E=(0,0,0,0) | ep=5
0,1,0 | 12,53,4 | S=(0,0);(0,1) | I= | sp=1,922 | ip= | E=(0,0,0,0) | ep=3
0,1,0 | 12,53,4 | S=(0,0);(0,1) | I= | sp=882,883 | ip= | E=(0,0,0,0) | ep=1
0,1,0 | 12,53,4 | S=(0,0);(0,1) | I= | sp=882,93 | ip= | E=(0,0,0,0) | ep=2
0,1,0 | 12,53,4 | S=(0,0);(0,1) | I= | sp=883,882 | ip= | E=(0,0,0,0) | ep=1
0,1,0 | 12,53,4 | S=(0,0);(0,1) | I= | sp=884,1 | ip= | E=(0,0,0,0) | ep=1
0,1,0 | 12,53,4 | S=(0,0);(0,1) | I= | sp=24,1 | ip= | E=(0,0,0,0) | ep=1
0,1,0 | 12,53,4 | S=(0,0);(0,1) | I= | sp=93,882 | ip= | E=(0,0,0,0) | ep=2
0,1,0 | 12,53,4 | S=(0,0);(0,1) | I= | sp=9912,1 | ip= | E=(0,0,0,0) | ep=2
0,1,0 | 12,53,4 | S=(0,0);(0,1) | I= | sp=921,1 | ip= | E=(0,0,0,0) | ep=5
0,1,0 | 12,53,4 | S=(0,0);(0,1) | I= | sp=922,1 | ip= | E=(0,0,0,0) | ep=3
0,1,0 | 12,53,6 | S=(0,0);(0,1) | I= | sp=1,922 | ip= | E=(0,0,0,0) | ep=1
0,1,0 | 12,53,6 | S=(0,0);(0,1) | I= | sp=922,1 | ip= | E=(0,0,0,0) | ep=1
0,1,0 | 12,54,6 | S=(0,0);(0,1) | I= | sp=1,885 | ip= | E=(0,0,0,0) | ep=2
0,1,0 | 12,54,6 | S=(0,0);(0,1) | I= | sp=1,96 | ip= | E=(0,0,0,0) | ep=2
0,1,0 | 12,54,6 | S=(0,0);(0,1) | I= | sp=1,35 | ip= | E=(0,0,0,0) | ep=2
0,1,0 | 12,54,6 | S=(0,0);(0,1) | I= | sp=1,45 | ip= | E=(0,0,0,0) | ep=2
0,1,0 | 12,54,6 | S=(0,0);(0,1) | I= | sp=1,55 | ip= | E=(0,0,0,0) | ep=2
0,1,0 | 12,54,6 | S=(0,0);(0,1) | I= | sp=1,99930 | ip= | E=(0,0,0,0) | ep=2
0,1,0 | 12,54,6 | S=(0,0);(0,1) | I= | sp=1,9912 | ip= | E=(0,0,0,0) | ep=1
0,1,0 | 12,54,6 | S=(0,0);(0,1) | I= | sp=882,884 | ip= | E=(0,0,0,0) | ep=2
0,1,0 | 12,54,6 | S=(0,0);(0,1) | I= | sp=882,24 | ip= | E=(0,0,0,0) | ep=2
0,1,0 | 12,54,6 | S=(0,0);(0,1) | I= | sp=882,93 | ip= | E=(0,0,0,0) | ep=1
0,1,0 | 12,54,6 | S=(0,0);(0,1) | I= | sp=883,883 | ip= | E=(0,0,0,0) | ep=2
0,1,0 | 12,54,6 | S=(0,0);(0,1) | I= | sp=884,882 | ip= | E=(0,0,0,0) | ep=2
0,1,0 | 12,54,6 | S=(0,0);(0,1) | I= | sp=885,1 | ip= | E=(0,0,0,0) | ep=2
0,1,0 | 12,54,6 | S=(0,0);(0,1) | I= | sp=24,882 | ip= | E=(0,0,0,0) | ep=2
0,1,0 | 12,54,6 | S=(0,0);(0,1) | I= | sp=93,882 | ip= | E=(0,0,0,0) | ep=1
0,1,0 | 12,54,6 | S=(0,0);(0,1) | I= | sp=96,1 | ip= | E=(0,0,0,0) | ep=2
0,1,0 | 12,54,6 | S=(0,0);(0,1) | I= | sp=35,1 | ip= | E=(0,0,0,0) | ep=2
0,1,0 | 12,54,6 | S=(0,0);(0,1) | I= | sp=45,1 | ip= | E=(0,0,0,0) | ep=2
0,1,0 | 12,54,6 | S=(0,0);(0,1) | I= | sp=55,1 | ip= | E=(0,0,0,0) | ep=2
0,1,0 | 12,54,6 | S=(0,0);(0,1) | I= | sp=99930,1 | ip= | E=(0,0,0,0) | ep=2
0,1,0 | 12,54,6 | S=(0,0);(0,1) | I= | sp=9912,1 | ip= | E=(0,0,0,0) | ep=1
0,1,0 | 12,54,7 | S=(0,0);(0,1) | I= | sp=1,922 | ip= | E=(0,0,0,0) | ep=1
0,1,0 | 12,54,7 | S=(0,0);(0,1) | I= | sp=922,1 | ip= | E=(0,0,0,0) | ep=1
0,1,0 | 12,54,8 | S=(0,0);(0,1) | I= | sp=1,920 | ip= | E=(0,0,0,0) | ep=1
0,1,0 | 12,54,8 | S=(0,0);(0,1) | I= | sp=920,1 | ip= | E=(0,0,0,0) | ep=1
0,1,0 | 12,55,6 | S=(0,0);(0,1) | I= | sp=1,884 | ip= | E=(0,0,0,0) | ep=1
0,1,0 | 12,55,6 | S=(0,0);(0,1) | I= | sp=1,24 | ip= | E=(0,0,0,0) | ep=1
0,1,0 | 12,55,6 | S=(0,0);(0,1) | I= | sp=1,9912 | ip= | E=(0,0,0,0) | ep=2
0,1,0 | 12,55,6 | S=(0,0);(0,1) | I= | sp=1,921 | ip= | E=(0,0,0,0) | ep=5
0,1,0 | 12,55,6 | S=(0,0);(0,1) | I= | sp=1,922 | ip= | E=(0,0,0,0) | ep=3
0,1,0 | 12,55,6 | S=(0,0);(0,1) | I= | sp=882,883 | ip= | E=(0,0,0,0) | ep=1
0,1,0 | 12,55,6 | S=(0,0);(0,1) | I= | sp=882,93 | ip= | E=(0,0,0,0) | ep=2
0,1,0 | 12,55,6 | S=(0,0);(0,1) | I= | sp=883,882 | ip= | E=(0,0,0,0) | ep=1
0,1,0 | 12,55,6 | S=(0,0);(0,1) | I= | sp=884,1 | ip= | E=(0,0,0,0) | ep=1
0,1,0 | 12,55,6 | S=(0,0);(0,1) | I= | sp=24,1 | ip= | E=(0,0,0,0) | ep=1
0,1,0 | 12,55,6 | S=(0,0);(0,1) | I= | sp=93,882 | ip= | E=(0,0,0,0) | ep=2
0,1,0 | 12,55,6 | S=(0,0);(0,1) | I= | sp=9912,1 | ip= | E=(0,0,0,0) | ep=2
0,1,0 | 12,55,6 | S=(0,0);(0,1) | I= | sp=921,1 | ip= | E=(0,0,0,0) | ep=5
0,1,0 | 12,55,6 | S=(0,0);(0,1) | I= | sp=922,1 | ip= | E=(0,0,0,0) | ep=3
0,1,0 | 12,55,7 | S=(0,0);(0,1) | I= | sp=1,885 | ip= | E=(0,0,0,0) | ep=2
0,1,0 | 12,55,7 | S=(0,0);(0,1) | I= | sp=1,96 | ip= | E=(0,0,0,0) | ep=2
0,1,0 | 12,55,7 | S=(0,0);(0,1) | I= | sp=1,35 | ip= | E=(0,0,0,0) | ep=2
0,1,0 | 12,55,7 | S=(0,0);(0,1) | I= | sp=1,45 | ip= | E=(0,0,0,0) | ep=2
0,1,0 | 12,55,7 | S=(0,0);(0,1) | I= | sp=1,55 | ip= | E=(0,0,0,0) | ep=2
0,1,0 | 12,55,7 | S=(0,0);(0,1) | I= | sp=1,99930 | ip= | E=(0,0,0,0) | ep=2
0,1,0 | 12,55,7 | S=(0,0);(0,1) | I= | sp=1,9912 | ip= | E=(0,0,0,0) | ep=1
0,1,0 | 12,55,7 | S=(0,0);(0,1) | I= | sp=882,884 | ip= | E=(0,0,0,0) | ep=2
0,1,0 | 12,55,7 | S=(0,0);(0,1) | I= | sp=882,24 | ip= | E=(0,0,0,0) | ep=2
0,1,0 | 12,55,7 | S=(0,0);(0,1) | I= | sp=882,93 | ip= | E=(0,0,0,0) | ep=1
0,1,0 | 12,55,7 | S=(0,0);(0,1) | I= | sp=883,883 | ip= | E=(0,0,0,0) | ep=2
0,1,0 | 12,55,7 | S=(0,0);(0,1) | I= | sp=884,882 | ip= | E=(0,0,0,0) | ep=2
0,1,0 | 12,55,7 | S=(0,0);(0,1) | I= | sp=885,1 | ip= | E=(0,0,0,0) | ep=2
0,1,0 | 12,55,7 | S=(0,0);(0,1) | I= | sp=24,882 | ip= | E=(0,0,0,0) | ep=2
0,1,0 | 12,55,7 | S=(0,0);(0,1) | I= | sp=93,882 | ip= | E=(0,0,0,0) | ep=1
0,1,0 | 12,55,7 | S=(0,0);(0,1) | I= | sp=96,1 | ip= | E=(0,0,0,0) | ep=2
0,1,0 | 12,55,7 | S=(0,0);(0,1) | I= | sp=35,1 | ip= | E=(0,0,0,0) | ep=2
0,1,0 | 12,55,7 | S=(0,0);(0,1) | I= | sp=45,1 | ip= | E=(0,0,0,0) | ep=2
0,1,0 | 12,55,7 | S=(0,0);(0,1) | I= | sp=55,1 | ip= | E=(0,0,0,0) | ep=2
0,1,0 | 12,55,7 | S=(0,0);(0,1) | I= | sp=99930,1 | ip= | E=(0,0,0,0) | ep=2
0,1,0 | 12,55,7 | S=(0,0);(0,1) | I= | sp=9912,1 | ip= | E=(0,0,0,0) | ep=1
0,1,0 | 12,55,8 | S=(0,0);(0,1) | I= | sp=1,922 | ip= | E=(0,0,0,0) | ep=1
0,1,0 | 12,55,8 | S=(0,0);(0,1) | I= | sp=922,1 | ip= | E=(0,0,0,0) | ep=1
