0,1,0 | 4,11,4 | S=(0,0);(0,1);(2,2) | I= | sp=1,1,882 | ip=
0,1,0 | 4,11,4 | S=(0,0);(0,1);(2,2) | I= | sp=1,1,22 | ip=
0,1,0 | 4,11,4 | S=(0,0);(0,1);(2,2) | I= | sp=1,1,32 | ip=
0,1,0 | 4,11,4 | S=(0,0);(0,1);(2,2) | I= | sp=1,1,42 | ip=
0,1,0 | 4,11,4 | S=(0,0);(0,1);(2,2) | I= | sp=1,1,92 | ip=
0,1,0 | 4,11,4 | S=(0,0);(0,1);(2,2) | I= | sp=1,912,1 | ip=
0,1,0 | 4,11,4 | S=(0,0);(0,1);(2,2) | I= | sp=912,1,1 | ip=
0,1,0 | 6,22,4 | S=(0,0);(0,1);(2,2) | I= | sp=1,1,912 | ip=
0,1,0 | 6,22,4 | S=(0,0);(0,1);(2,2) | I= | sp=1,882,1 | ip=
0,1,0 | 6,22,4 | S=(0,0);(0,1);(2,2) | I= | sp=1,22,1 | ip=
0,1,0 | 6,22,4 | S=(0,0);(0,1);(2,2) | I= | sp=882,1,1 | ip=
0,1,0 | 6,22,4 | S=(0,0);(0,1);(2,2) | I= | sp=22,1,1 | ip=
0,1,0 | 6,22,4 | S=(0,0);(0,1);(2,2) | I= | sp=912,912,1 | ip=
0,1,0 | 6,22,6 | S=(0,0);(0,1);(2,2) | I= | sp=1,1,93 | ip=
0,1,0 | 6,22,6 | S=(0,0);(0,1);(2,2) | I= | sp=1,1,9913 | ip=
0,1,0 | 6,22,6 | S=(0,0);(0,1);(2,2) | I= | sp=1,1,925 | ip=
0,1,0 | 6,22,6 | S=(0,0);(0,1);(2,2) | I= | sp=1,1,956 | ip=
0,1,0 | 6,22,6 | S=(0,0);(0,1);(2,2) | I= | sp=1,882,883 | ip=
0,1,0 | 6,22,6 | S=(0,0);(0,1);(2,2) | I= | sp=1,882,23 | ip=
0,1,0 | 6,22,6 | S=(0,0);(0,1);(2,2) | I= | sp=1,882,33 | ip=
0,1,0 | 6,22,6 | S=(0,0);(0,1);(2,2) | I= | sp=1,882,915 | ip=
0,1,0 | 6,22,6 | S=(0,0);(0,1);(2,2) | I= | sp=1,882,331 | ip=
0,1,0 | 6,22,6 | S=(0,0);(0,1);(2,2) | I= | sp=1,882,43 | ip=
0,1,0 | 6,22,6 | S=(0,0);(0,1);(2,2) | I= | sp=1,882,53 | ip=
0,1,0 | 6,22,6 | S=(0,0);(0,1);(2,2) | I= | sp=1,882,99910 | ip=
0,1,0 | 6,22,6 | S=(0,0);(0,1);(2,2) | I= | sp=1,882,943 | ip=
0,1,0 | 6,22,6 | S=(0,0);(0,1);(2,2) | I= | sp=1,22,883 | ip=
0,1,0 | 6,22,6 | S=(0,0);(0,1);(2,2) | I= | sp=1,22,23 | ip=
0,1,0 | 6,22,6 | S=(0,0);(0,1);(2,2) | I= | sp=1,22,33 | ip=
0,1,0 | 6,22,6 | S=(0,0);(0,1);(2,2) | I= | sp=1,22,915 | ip=
0,1,0 | 6,22,6 | S=(0,0);(0,1);(2,2) | I= | sp=1,22,331 | ip=
0,1,0 | 6,22,6 | S=(0,0);(0,1);(2,2) | I= | sp=1,22,43 | ip=
0,1,0 | 6,22,6 | S=(0,0);(0,1);(2,2) | I= | sp=1,22,53 | ip=
0,1,0 | 6,22,6 | S=(0,0);(0,1);(2,2) | I= | sp=1,22,99910 | ip=
0,1,0 | 6,22,6 | S=(0,0);(0,1);(2,2) | I= | sp=1,22,943 | ip=
0,1,0 | 6,22,6 | S=(0,0);(0,1);(2,2) | I= | sp=1,97,882 | ip=
0,1,0 | 6,22,6 | S=(0,0);(0,1);(2,2) | I= | sp=1,97,22 | ip=
0,1,0 | 6,22,6 | S=(0,0);(0,1);(2,2) | I= | sp=1,98,1 | ip=
0,1,0 | 6,22,6 | S=(0,0);(0,1);(2,2) | I= | sp=1,912,924 | ip=
0,1,0 | 6,22,6 | S=(0,0);(0,1);(2,2) | I= | sp=1,934,97 | ip=
0,1,0 | 6,22,6 | S=(0,0);(0,1);(2,2) | I= | sp=1,938,1 | ip=
0,1,0 | 6,22,6 | S=(0,0);(0,1);(2,2) | I= | sp=882,1,883 | ip=
0,1,0 | 6,22,6 | S=(0,0);(0,1);(2,2) | I= | sp=882,1,23 | ip=
0,1,0 | 6,22,6 | S=(0,0);(0,1);(2,2) | I= | sp=882,1,33 | ip=
0,1,0 | 6,22,6 | S=(0,0);(0,1);(2,2) | I= | sp=882,1,915 | ip=
0,1,0 | 6,22,6 | S=(0,0);(0,1);(2,2) | I= | sp=882,1,331 | ip=
0,1,0 | 6,22,6 | S=(0,0);(0,1);(2,2) | I= | sp=882,1,43 | ip=
0,1,0 | 6,22,6 | S=(0,0);(0,1);(2,2) | I= | sp=882,1,53 | ip=
0,1,0 | 6,22,6 | S=(0,0);(0,1);(2,2) | I= | sp=882,1,99910 | ip=
0,1,0 | 6,22,6 | S=(0,0);(0,1);(2,2) | I= | sp=882,1,943 | ip=
0,1,0 | 6,22,6 | S=(0,0);(0,1);(2,2) | I= | sp=882,912,882 | ip=
0,1,0 | 6,22,6 | S=(0,0);(0,1);(2,2) | I= | sp=882,912,22 | ip=
0,1,0 | 6,22,6 | S=(0,0);(0,1);(2,2) | I= | sp=22,1,883 | ip=
0,1,0 | 6,22,6 | S=(0,0);(0,1);(2,2) | I= | sp=22,1,23 | ip=
0,1,0 | 6,22,6 | S=(0,0);(0,1);(2,2) | I= | sp=22,1,33 | ip=
0,1,0 | 6,22,6 | S=(0,0);(0,1);(2,2) | I= | sp=22,1,915 | ip=
0,1,0 | 6,22,6 | S=(0,0);(0,1);(2,2) | I= | sp=22,1,331 | ip=
0,1,0 | 6,22,6 | S=(0,0);(0,1);(2,2) | I= | sp=22,1,43 | ip=
0,1,0 | 6,22,6 | S=(0,0);(0,1);(2,2) | I= | sp=22,1,53 | ip=
0,1,0 | 6,22,6 | S=(0,0);(0,1);(2,2) | I= | sp=22,1,99910 | ip=
0,1,0 | 6,22,6 | S=(0,0);(0,1);(2,2) | I= | sp=22,1,943 | ip=
0,1,0 | 6,22,6 | S=(0,0);(0,1);(2,2) | I= | sp=22,912,882 | ip=
0,1,0 | 6,22,6 | S=(0,0);(0,1);(2,2) | I= | sp=22,912,22 | ip=
0,1,0 | 6,22,6 | S=(0,0);(0,1);(2,2) | I= | sp=97,1,882 | ip=
0,1,0 | 6,22,6 | S=(0,0);(0,1);(2,2) | I= | sp=97,1,22 | ip=
0,1,0 | 6,22,6 | S=(0,0);(0,1);(2,2) | I= | sp=98,1,1 | ip=
0,1,0 | 6,22,6 | S=(0,0);(0,1);(2,2) | I= | sp=912,1,924 | ip=
0,1,0 | 6,22,6 | S=(0,0);(0,1);(2,2) | I= | sp=912,882,882 | ip=
0,1,0 | 6,22,6 | S=(0,0);(0,1);(2,2) | I= | sp=912,882,22 | ip=
0,1,0 | 6,22,6 | S=(0,0);(0,1);(2,2) | I= | sp=912,22,882 | ip=
0,1,0 | 6,22,6 | S=(0,0);(0,1);(2,2) | I= | sp=912,22,22 | ip=
0,1,0 | 6,22,6 | S=(0,0);(0,1);(2,2) | I= | sp=912,912,883 | ip=
0,1,0 | 6,22,6 | S=(0,0);(0,1);(2,2) | I= | sp=912,912,23 | ip=
0,1,0 | 6,22,6 | S=(0,0);(0,1);(2,2) | I= | sp=912,912,33 | ip=
0,1,0 | 6,22,6 | S=(0,0);(0,1);(2,2) | I= | sp=912,912,915 | ip=
0,1,0 | 6,22,6 | S=(0,0);(0,1);(2,2) | I= | sp=912,912,331 | ip=
0,1,0 | 6,22,6 | S=(0,0);(0,1);(2,2) | I= | sp=912,912,43 | ip=
0,1,0 | 6,22,6 | S=(0,0);(0,1);(2,2) | I= | sp=912,912,53 | ip=
0,1,0 | 6,22,6 | S=(0,0);(0,1);(2,2) | I= | sp=912,912,99910 | ip=
0,1,0 | 6,22,6 | S=(0,0);(0,1);(2,2) | I= | sp=912,912,943 | ip=
0,1,0 | 6,22,6 | S=(0,0);(0,1);(2,2) | I= | sp=934,1,97 | ip=
0,1,0 | 6,22,6 | S=(0,0);(0,1);(2,2) | I= | sp=938,1,1 | ip=
0,1,0 | 6,32,4 | S=(0,0);(0,1);(2,2) | I= | sp=1,1,1 | ip=
0,1,0 | 6,33,6 | S=(0,0);(0,1);(2,2) | I= | sp=1,1,882 | ip=
0,1,0 | 6,33,6 | S=(0,0);(0,1);(2,2) | I= | sp=1,1,22 | ip=
0,1,0 | 6,33,6 | S=(0,0);(0,1);(2,2) | I= | sp=1,912,1 | ip=
0,1,0 | 6,33,6 | S=(0,0);(0,1);(2,2) | I= | sp=912,1,1 | ip=
0,1,0 | 6,33,7 | S=(0,0);(0,1);(2,2) | I= | sp=1,1,883 | ip=
0,1,0 | 6,33,7 | S=(0,0);(0,1);(2,2) | I= | sp=1,1,23 | ip=
0,1,0 | 6,33,7 | S=(0,0);(0,1);(2,2) | I= | sp=1,1,33 | ip=
0,1,0 | 6,33,7 | S=(0,0);(0,1);(2,2) | I= | sp=1,912,882 | ip=
0,1,0 | 6,33,7 | S=(0,0);(0,1);(2,2) | I= | sp=912,1,882 | ip=
0,1,0 | 6,33,8 | S=(0,0);(0,1);(2,2) | I= | sp=1,1,884 | ip=
0,1,0 | 6,33,8 | S=(0,0);(0,1);(2,2) | I= | sp=1,1,24 | ip=
0,1,0 | 6,33,8 | S=(0,0);(0,1);(2,2) | I= | sp=1,1,993 | ip=
0,1,0 | 6,33,8 | S=(0,0);(0,1);(2,2) | I= | sp=1,1,911 | ip=
0,1,0 | 6,33,8 | S=(0,0);(0,1);(2,2) | I= | sp=1,1,34 | ip=
0,1,0 | 6,33,8 | S=(0,0);(0,1);(2,2) | I= | sp=1,1,44 | ip=
0,1,0 | 6,33,8 | S=(0,0);(0,1);(2,2) | I= | sp=1,1,54 | ip=
0,1,0 | 6,33,8 | S=(0,0);(0,1);(2,2) | I= | sp=1,1,99920 | ip=
0,1,0 | 6,33,8 | S=(0,0);(0,1);(2,2) | I= | sp=1,1,9914 | ip=
0,1,0 | 6,33,8 | S=(0,0);(0,1);(2,2) | I= | sp=1,1,944 | ip=
0,1,0 | 6,33,8 | S=(0,0);(0,1);(2,2) | I= | sp=1,912,883 | ip=
0,1,0 | 6,33,8 | S=(0,0);(0,1);(2,2) | I= | sp=1,912,23 | ip=
0,1,0 | 6,33,8 | S=(0,0);(0,1);(2,2) | I= | sp=1,912,33 | ip=
0,1,0 | 6,33,8 | S=(0,0);(0,1);(2,2) | I= | sp=912,1,883 | ip=
0,1,0 | 6,33,8 | S=(0,0);(0,1);(2,2) | I= | sp=912,1,23 | ip=
0,1,0 | 6,33,8 | S=(0,0);(0,1);(2,2) | I= | sp=912,1,33 | ip=
0,1,0 | 6,331,6 | S=(0,0);(0,1);(2,2) | I= | sp=1,1,882 | ip=
0,1,0 | 6,331,6 | S=(0,0);(0,1);(2,2) | I= | sp=1,1,22 | ip=
0,1,0 | 6,331,6 | S=(0,0);(0,1);(2,2) | I= | sp=1,912,1 | ip=
0,1,0 | 6,331,6 | S=(0,0);(0,1);(2,2) | I= | sp=912,1,1 | ip=
0,1,0 | 6,34,6 | S=(0,0);(0,1);(2,2) | I= | sp=1,1,1 | ip=
0,1,0 | 6,34,7 | S=(0,0);(0,1);(2,2) | I= | sp=1,1,882 | ip=
0,1,0 | 6,34,7 | S=(0,0);(0,1);(2,2) | I= | sp=1,912,1 | ip=
0,1,0 | 6,34,7 | S=(0,0);(0,1);(2,2) | I= | sp=912,1,1 | ip=
0,1,0 | 6,34,8 | S=(0,0);(0,1);(2,2) | I= | sp=1,1,883 | ip=
0,1,0 | 6,34,8 | S=(0,0);(0,1);(2,2) | I= | sp=1,1,23 | ip=
0,1,0 | 6,34,8 | S=(0,0);(0,1);(2,2) | I= | sp=1,1,33 | ip=
0,1,0 | 6,34,8 | S=(0,0);(0,1);(2,2) | I= | sp=1,912,882 | ip=
0,1,0 | 6,34,8 | S=(0,0);(0,1);(2,2) | I= | sp=912,1,882 | ip=
0,1,0 | 6,35,7 | S=(0,0);(0,1);(2,2) | I= | sp=1,1,1 | ip=
0,1,0 | 6,35,8 | S=(0,0);(0,1);(2,2) | I= | sp=1,1,882 | ip=
0,1,0 | 6,35,8 | S=(0,0);(0,1);(2,2) | I= | sp=1,912,1 | ip=
0,1,0 | 6,35,8 | S=(0,0);(0,1);(2,2) | I= | sp=912,1,1 | ip=
0,1,0 | 6,35,12 | S=(0,0);(0,1);(2,2) | I= | sp=1,1,886 | ip=
0,1,0 | 6,35,12 | S=(0,0);(0,1);(2,2) | I= | sp=1,1,94 | ip=
0,1,0 | 6,35,12 | S=(0,0);(0,1);(2,2) | I= | sp=1,1,996 | ip=
0,1,0 | 6,35,12 | S=(0,0);(0,1);(2,2) | I= | sp=1,1,919 | ip=
0,1,0 | 6,35,12 | S=(0,0);(0,1);(2,2) | I= | sp=1,1,9915 | ip=
0,1,0 | 6,35,12 | S=(0,0);(0,1);(2,2) | I= | sp=1,1,946 | ip=
0,1,0 | 6,35,12 | S=(0,0);(0,1);(2,2) | I= | sp=1,912,885 | ip=
0,1,0 | 6,35,12 | S=(0,0);(0,1);(2,2) | I= | sp=1,912,96 | ip=
0,1,0 | 6,35,12 | S=(0,0);(0,1);(2,2) | I= | sp=1,912,35 | ip=
0,1,0 | 6,35,12 | S=(0,0);(0,1);(2,2) | I= | sp=1,912,45 | ip=
0,1,0 | 6,35,12 | S=(0,0);(0,1);(2,2) | I= | sp=1,912,55 | ip=
0,1,0 | 6,35,12 | S=(0,0);(0,1);(2,2) | I= | sp=1,912,99930 | ip=
0,1,0 | 6,35,12 | S=(0,0);(0,1);(2,2) | I= | sp=1,912,945 | ip=
0,1,0 | 6,35,12 | S=(0,0);(0,1);(2,2) | I= | sp=912,1,885 | ip=
0,1,0 | 6,35,12 | S=(0,0);(0,1);(2,2) | I= | sp=912,1,96 | ip=
0,1,0 | 6,35,12 | S=(0,0);(0,1);(2,2) | I= | sp=912,1,35 | ip=
0,1,0 | 6,35,12 | S=(0,0);(0,1);(2,2) | I= | sp=912,1,45 | ip=
0,1,0 | 6,35,12 | S=(0,0);(0,1);(2,2) | I= | sp=912,1,55 | ip=
0,1,0 | 6,35,12 | S=(0,0);(0,1);(2,2) | I= | sp=912,1,99930 | ip=
0,1,0 | 6,35,12 | S=(0,0);(0,1);(2,2) | I= | sp=912,1,945 | ip=
0,1,0 | 7,32,4 | S=(0,0);(0,1);(2,2) | I= | sp=1,1,912 | ip=
0,1,0 | 7,32,4 | S=(0,0);(0,1);(2,2) | I= | sp=1,882,1 | ip=
0,1,0 | 7,32,4 | S=(0,0);(0,1);(2,2) | I= | sp=882,1,1 | ip=
0,1,0 | 7,33,6 | S=(0,0);(0,1);(2,2) | I= | sp=1,1,97 | ip=
0,1,0 | 7,33,6 | S=(0,0);(0,1);(2,2) | I= | sp=1,882,882 | ip=
0,1,0 | 7,33,6 | S=(0,0);(0,1);(2,2) | I= | sp=1,882,22 | ip=
0,1,0 | 7,33,6 | S=(0,0);(0,1);(2,2) | I= | sp=1,97,1 | ip=
0,1,0 | 7,33,6 | S=(0,0);(0,1);(2,2) | I= | sp=882,1,882 | ip=
0,1,0 | 7,33,6 | S=(0,0);(0,1);(2,2) | I= | sp=882,1,22 | ip=
0,1,0 | 7,33,6 | S=(0,0);(0,1);(2,2) | I= | sp=97,1,1 | ip=
0,1,0 | 7,33,7 | S=(0,0);(0,1);(2,2) | I= | sp=1,1,93 | ip=
0,1,0 | 7,33,7 | S=(0,0);(0,1);(2,2) | I= | sp=1,1,9913 | ip=
0,1,0 | 7,33,7 | S=(0,0);(0,1);(2,2) | I= | sp=1,1,925 | ip=
0,1,0 | 7,33,7 | S=(0,0);(0,1);(2,2) | I= | sp=1,882,883 | ip=
0,1,0 | 7,33,7 | S=(0,0);(0,1);(2,2) | I= | sp=1,882,23 | ip=
0,1,0 | 7,33,7 | S=(0,0);(0,1);(2,2) | I= | sp=1,882,33 | ip=
0,1,0 | 7,33,7 | S=(0,0);(0,1);(2,2) | I= | sp=1,97,882 | ip=
0,1,0 | 7,33,7 | S=(0,0);(0,1);(2,2) | I= | sp=1,98,1 | ip=
0,1,0 | 7,33,7 | S=(0,0);(0,1);(2,2) | I= | sp=882,1,883 | ip=
0,1,0 | 7,33,7 | S=(0,0);(0,1);(2,2) | I= | sp=882,1,23 | ip=
0,1,0 | 7,33,7 | S=(0,0);(0,1);(2,2) | I= | sp=882,1,33 | ip=
0,1,0 | 7,33,7 | S=(0,0);(0,1);(2,2) | I= | sp=97,1,882 | ip=
0,1,0 | 7,33,7 | S=(0,0);(0,1);(2,2) | I= | sp=98,1,1 | ip=
0,1,0 | 7,33,8 | S=(0,0);(0,1);(2,2) | I= | sp=1,1,9912 | ip=
0,1,0 | 7,33,8 | S=(0,0);(0,1);(2,2) | I= | sp=1,1,952 | ip=
0,1,0 | 7,33,8 | S=(0,0);(0,1);(2,2) | I= | sp=1,882,884 | ip=
0,1,0 | 7,33,8 | S=(0,0);(0,1);(2,2) | I= | sp=1,882,24 | ip=
0,1,0 | 7,33,8 | S=(0,0);(0,1);(2,2) | I= | sp=1,882,993 | ip=
0,1,0 | 7,33,8 | S=(0,0);(0,1);(2,2) | I= | sp=1,882,911 | ip=
0,1,0 | 7,33,8 | S=(0,0);(0,1);(2,2) | I= | sp=1,882,34 | ip=
0,1,0 | 7,33,8 | S=(0,0);(0,1);(2,2) | I= | sp=1,882,44 | ip=
0,1,0 | 7,33,8 | S=(0,0);(0,1);(2,2) | I= | sp=1,882,54 | ip=
0,1,0 | 7,33,8 | S=(0,0);(0,1);(2,2) | I= | sp=1,882,99920 | ip=
0,1,0 | 7,33,8 | S=(0,0);(0,1);(2,2) | I= | sp=1,882,9914 | ip=
0,1,0 | 7,33,8 | S=(0,0);(0,1);(2,2) | I= | sp=1,882,944 | ip=
0,1,0 | 7,33,8 | S=(0,0);(0,1);(2,2) | I= | sp=1,97,883 | ip=
0,1,0 | 7,33,8 | S=(0,0);(0,1);(2,2) | I= | sp=1,97,23 | ip=
0,1,0 | 7,33,8 | S=(0,0);(0,1);(2,2) | I= | sp=1,97,33 | ip=
0,1,0 | 7,33,8 | S=(0,0);(0,1);(2,2) | I= | sp=1,98,882 | ip=
0,1,0 | 7,33,8 | S=(0,0);(0,1);(2,2) | I= | sp=882,1,884 | ip=
0,1,0 | 7,33,8 | S=(0,0);(0,1);(2,2) | I= | sp=882,1,24 | ip=
0,1,0 | 7,33,8 | S=(0,0);(0,1);(2,2) | I= | sp=882,1,993 | ip=
0,1,0 | 7,33,8 | S=(0,0);(0,1);(2,2) | I= | sp=882,1,911 | ip=
0,1,0 | 7,33,8 | S=(0,0);(0,1);(2,2) | I= | sp=882,1,34 | ip=
0,1,0 | 7,33,8 | S=(0,0);(0,1);(2,2) | I= | sp=882,1,44 | ip=
0,1,0 | 7,33,8 | S=(0,0);(0,1);(2,2) | I= | sp=882,1,54 | ip=
0,1,0 | 7,33,8 | S=(0,0);(0,1);(2,2) | I= | sp=882,1,99920 | ip=
0,1,0 | 7,33,8 | S=(0,0);(0,1);(2,2) | I= | sp=882,1,9914 | ip=
0,1,0 | 7,33,8 | S=(0,0);(0,1);(2,2) | I= | sp=882,1,944 | ip=
0,1,0 | 7,33,8 | S=(0,0);(0,1);(2,2) | I= | sp=97,1,883 | ip=
0,1,0 | 7,33,8 | S=(0,0);(0,1);(2,2) | I= | sp=97,1,23 | ip=
0,1,0 | 7,33,8 | S=(0,0);(0,1);(2,2) | I= | sp=97,1,33 | ip=
0,1,0 | 7,33,8 | S=(0,0);(0,1);(2,2) | I= | sp=98,1,882 | ip=
0,1,0 | 7,42,4 | S=(0,0);(0,1);(2,2) | I= | sp=1,1,1 | ip=
0,1,0 | 7,43,6 | S=(0,0);(0,1);(2,2) | I= | sp=1,1,882 | ip=
0,1,0 | 7,43,6 | S=(0,0);(0,1);(2,2) | I= | sp=1,1,22 | ip=
0,1,0 | 7,44,6 | S=(0,0);(0,1);(2,2) | I= | sp=1,1,1 | ip=
0,1,0 | 7,44,7 | S=(0,0);(0,1);(2,2) | I= | sp=1,1,882 | ip=
0,1,0 | 7,44,8 | S=(0,0);(0,1);(2,2) | I= | sp=1,1,883 | ip=
0,1,0 | 7,44,8 | S=(0,0);(0,1);(2,2) | I= | sp=1,1,23 | ip=
0,1,0 | 7,44,8 | S=(0,0);(0,1);(2,2) | I= | sp=1,1,33 | ip=
0,1,0 | 7,45,7 | S=(0,0);(0,1);(2,2) | I= | sp=1,1,1 | ip=
0,1,0 | 7,45,8 | S=(0,0);(0,1);(2,2) | I= | sp=1,1,882 | ip=
0,1,0 | 7,45,12 | S=(0,0);(0,1);(2,2) | I= | sp=1,1,886 | ip=
0,1,0 | 7,45,12 | S=(0,0);(0,1);(2,2) | I= | sp=1,1,94 | ip=
0,1,0 | 7,45,12 | S=(0,0);(0,1);(2,2) | I= | sp=1,1,996 | ip=
0,1,0 | 7,45,12 | S=(0,0);(0,1);(2,2) | I= | sp=1,1,919 | ip=
0,1,0 | 7,45,12 | S=(0,0);(0,1);(2,2) | I= | sp=1,1,9915 | ip=
0,1,0 | 7,45,12 | S=(0,0);(0,1);(2,2) | I= | sp=1,1,946 | ip=
0,1,0 | 8,32,4 | S=(0,0);(0,1);(2,2) | I= | sp=1,1,916 | ip=
0,1,0 | 8,32,4 | S=(0,0);(0,1);(2,2) | I= | sp=1,882,912 | ip=
0,1,0 | 8,32,4 | S=(0,0);(0,1);(2,2) | I= | sp=1,883,1 | ip=
0,1,0 | 8,32,4 | S=(0,0);(0,1);(2,2) | I= | sp=1,23,1 | ip=
0,1,0 | 8,32,4 | S=(0,0);(0,1);(2,2) | I= | sp=1,33,1 | ip=
0,1,0 | 8,32,4 | S=(0,0);(0,1);(2,2) | I= | sp=882,1,912 | ip=
0,1,0 | 8,32,4 | S=(0,0);(0,1);(2,2) | I= | sp=882,882,1 | ip=
0,1,0 | 8,32,4 | S=(0,0);(0,1);(2,2) | I= | sp=883,1,1 | ip=
0,1,0 | 8,32,4 | S=(0,0);(0,1);(2,2) | I= | sp=23,1,1 | ip=
0,1,0 | 8,32,4 | S=(0,0);(0,1);(2,2) | I= | sp=33,1,1 | ip=
0,1,0 | 8,33,6 | S=(0,0);(0,1);(2,2) | I= | sp=1,1,98 | ip=
0,1,0 | 8,33,6 | S=(0,0);(0,1);(2,2) | I= | sp=1,1,938 | ip=
0,1,0 | 8,33,6 | S=(0,0);(0,1);(2,2) | I= | sp=1,882,97 | ip=
0,1,0 | 8,33,6 | S=(0,0);(0,1);(2,2) | I= | sp=1,883,882 | ip=
0,1,0 | 8,33,6 | S=(0,0);(0,1);(2,2) | I= | sp=1,883,22 | ip=
0,1,0 | 8,33,6 | S=(0,0);(0,1);(2,2) | I= | sp=1,23,882 | ip=
0,1,0 | 8,33,6 | S=(0,0);(0,1);(2,2) | I= | sp=1,23,22 | ip=
0,1,0 | 8,33,6 | S=(0,0);(0,1);(2,2) | I= | sp=1,33,882 | ip=
0,1,0 | 8,33,6 | S=(0,0);(0,1);(2,2) | I= | sp=1,33,22 | ip=
0,1,0 | 8,33,6 | S=(0,0);(0,1);(2,2) | I= | sp=1,93,1 | ip=
0,1,0 | 8,33,6 | S=(0,0);(0,1);(2,2) | I= | sp=1,97,934 | ip=
0,1,0 | 8,33,6 | S=(0,0);(0,1);(2,2) | I= | sp=1,9913,1 | ip=
0,1,0 | 8,33,6 | S=(0,0);(0,1);(2,2) | I= | sp=1,924,912 | ip=
0,1,0 | 8,33,6 | S=(0,0);(0,1);(2,2) | I= | sp=1,925,1 | ip=
0,1,0 | 8,33,6 | S=(0,0);(0,1);(2,2) | I= | sp=882,1,97 | ip=
0,1,0 | 8,33,6 | S=(0,0);(0,1);(2,2) | I= | sp=882,882,882 | ip=
0,1,0 | 8,33,6 | S=(0,0);(0,1);(2,2) | I= | sp=882,882,22 | ip=
0,1,0 | 8,33,6 | S=(0,0);(0,1);(2,2) | I= | sp=882,97,1 | ip=
0,1,0 | 8,33,6 | S=(0,0);(0,1);(2,2) | I= | sp=883,1,882 | ip=
0,1,0 | 8,33,6 | S=(0,0);(0,1);(2,2) | I= | sp=883,1,22 | ip=
0,1,0 | 8,33,6 | S=(0,0);(0,1);(2,2) | I= | sp=23,1,882 | ip=
0,1,0 | 8,33,6 | S=(0,0);(0,1);(2,2) | I= | sp=23,1,22 | ip=
0,1,0 | 8,33,6 | S=(0,0);(0,1);(2,2) | I= | sp=33,1,882 | ip=
0,1,0 | 8,33,6 | S=(0,0);(0,1);(2,2) | I= | sp=33,1,22 | ip=
0,1,0 | 8,33,6 | S=(0,0);(0,1);(2,2) | I= | sp=93,1,1 | ip=
0,1,0 | 8,33,6 | S=(0,0);(0,1);(2,2) | I= | sp=97,1,934 | ip=
0,1,0 | 8,33,6 | S=(0,0);(0,1);(2,2) | I= | sp=97,882,1 | ip=
0,1,0 | 8,33,6 | S=(0,0);(0,1);(2,2) | I= | sp=9913,1,1 | ip=
0,1,0 | 8,33,6 | S=(0,0);(0,1);(2,2) | I= | sp=924,1,912 | ip=
0,1,0 | 8,33,6 | S=(0,0);(0,1);(2,2) | I= | sp=925,1,1 | ip=
0,1,0 | 8,33,7 | S=(0,0);(0,1);(2,2) | I= | sp=1,1,929 | ip=
0,1,0 | 8,33,7 | S=(0,0);(0,1);(2,2) | I= | sp=1,882,93 | ip=
0,1,0 | 8,33,7 | S=(0,0);(0,1);(2,2) | I= | sp=1,882,9913 | ip=
0,1,0 | 8,33,7 | S=(0,0);(0,1);(2,2) | I= | sp=1,882,925 | ip=
0,1,0 | 8,33,7 | S=(0,0);(0,1);(2,2) | I= | sp=1,883,883 | ip=
0,1,0 | 8,33,7 | S=(0,0);(0,1);(2,2) | I= | sp=1,883,23 | ip=
0,1,0 | 8,33,7 | S=(0,0);(0,1);(2,2) | I= | sp=1,883,33 | ip=
0,1,0 | 8,33,7 | S=(0,0);(0,1);(2,2) | I= | sp=1,23,883 | ip=
0,1,0 | 8,33,7 | S=(0,0);(0,1);(2,2) | I= | sp=1,23,23 | ip=
0,1,0 | 8,33,7 | S=(0,0);(0,1);(2,2) | I= | sp=1,23,33 | ip=
0,1,0 | 8,33,7 | S=(0,0);(0,1);(2,2) | I= | sp=1,33,883 | ip=
0,1,0 | 8,33,7 | S=(0,0);(0,1);(2,2) | I= | sp=1,33,23 | ip=
0,1,0 | 8,33,7 | S=(0,0);(0,1);(2,2) | I= | sp=1,33,33 | ip=
0,1,0 | 8,33,7 | S=(0,0);(0,1);(2,2) | I= | sp=1,93,882 | ip=
0,1,0 | 8,33,7 | S=(0,0);(0,1);(2,2) | I= | sp=1,97,924 | ip=
0,1,0 | 8,33,7 | S=(0,0);(0,1);(2,2) | I= | sp=1,9913,882 | ip=
0,1,0 | 8,33,7 | S=(0,0);(0,1);(2,2) | I= | sp=1,924,97 | ip=
0,1,0 | 8,33,7 | S=(0,0);(0,1);(2,2) | I= | sp=1,925,882 | ip=
0,1,0 | 8,33,7 | S=(0,0);(0,1);(2,2) | I= | sp=1,929,1 | ip=
0,1,0 | 8,33,7 | S=(0,0);(0,1);(2,2) | I= | sp=882,1,93 | ip=
0,1,0 | 8,33,7 | S=(0,0);(0,1);(2,2) | I= | sp=882,1,9913 | ip=
0,1,0 | 8,33,7 | S=(0,0);(0,1);(2,2) | I= | sp=882,1,925 | ip=
0,1,0 | 8,33,7 | S=(0,0);(0,1);(2,2) | I= | sp=882,882,883 | ip=
0,1,0 | 8,33,7 | S=(0,0);(0,1);(2,2) | I= | sp=882,882,23 | ip=
0,1,0 | 8,33,7 | S=(0,0);(0,1);(2,2) | I= | sp=882,882,33 | ip=
0,1,0 | 8,33,7 | S=(0,0);(0,1);(2,2) | I= | sp=882,97,882 | ip=
0,1,0 | 8,33,7 | S=(0,0);(0,1);(2,2) | I= | sp=882,98,1 | ip=
0,1,0 | 8,33,7 | S=(0,0);(0,1);(2,2) | I= | sp=883,1,883 | ip=
0,1,0 | 8,33,7 | S=(0,0);(0,1);(2,2) | I= | sp=883,1,23 | ip=
0,1,0 | 8,33,7 | S=(0,0);(0,1);(2,2) | I= | sp=883,1,33 | ip=
0,1,0 | 8,33,7 | S=(0,0);(0,1);(2,2) | I= | sp=23,1,883 | ip=
0,1,0 | 8,33,7 | S=(0,0);(0,1);(2,2) | I= | sp=23,1,23 | ip=
0,1,0 | 8,33,7 | S=(0,0);(0,1);(2,2) | I= | sp=23,1,33 | ip=
0,1,0 | 8,33,7 | S=(0,0);(0,1);(2,2) | I= | sp=33,1,883 | ip=
0,1,0 | 8,33,7 | S=(0,0);(0,1);(2,2) | I= | sp=33,1,23 | ip=
0,1,0 | 8,33,7 | S=(0,0);(0,1);(2,2) | I= | sp=33,1,33 | ip=
0,1,0 | 8,33,7 | S=(0,0);(0,1);(2,2) | I= | sp=93,1,882 | ip=
0,1,0 | 8,33,7 | S=(0,0);(0,1);(2,2) | I= | sp=97,1,924 | ip=
0,1,0 | 8,33,7 | S=(0,0);(0,1);(2,2) | I= | sp=97,882,882 | ip=
0,1,0 | 8,33,7 | S=(0,0);(0,1);(2,2) | I= | sp=98,882,1 | ip=
0,1,0 | 8,33,7 | S=(0,0);(0,1);(2,2) | I= | sp=9913,1,882 | ip=
0,1,0 | 8,33,7 | S=(0,0);(0,1);(2,2) | I= | sp=924,1,97 | ip=
0,1,0 | 8,33,7 | S=(0,0);(0,1);(2,2) | I= | sp=925,1,882 | ip=
0,1,0 | 8,33,7 | S=(0,0);(0,1);(2,2) | I= | sp=929,1,1 | ip=
0,1,0 | 8,33,8 | S=(0,0);(0,1);(2,2) | I= | sp=1,1,922 | ip=
0,1,0 | 8,33,8 | S=(0,0);(0,1);(2,2) | I= | sp=1,882,9912 | ip=
0,1,0 | 8,33,8 | S=(0,0);(0,1);(2,2) | I= | sp=1,882,952 | ip=
0,1,0 | 8,33,8 | S=(0,0);(0,1);(2,2) | I= | sp=1,883,884 | ip=
0,1,0 | 8,33,8 | S=(0,0);(0,1);(2,2) | I= | sp=1,883,24 | ip=
0,1,0 | 8,33,8 | S=(0,0);(0,1);(2,2) | I= | sp=1,883,993 | ip=
0,1,0 | 8,33,8 | S=(0,0);(0,1);(2,2) | I= | sp=1,883,911 | ip=
0,1,0 | 8,33,8 | S=(0,0);(0,1);(2,2) | I= | sp=1,883,34 | ip=
0,1,0 | 8,33,8 | S=(0,0);(0,1);(2,2) | I= | sp=1,883,44 | ip=
0,1,0 | 8,33,8 | S=(0,0);(0,1);(2,2) | I= | sp=1,883,54 | ip=
0,1,0 | 8,33,8 | S=(0,0);(0,1);(2,2) | I= | sp=1,883,99920 | ip=
0,1,0 | 8,33,8 | S=(0,0);(0,1);(2,2) | I= | sp=1,883,9914 | ip=
0,1,0 | 8,33,8 | S=(0,0);(0,1);(2,2) | I= | sp=1,883,944 | ip=
0,1,0 | 8,33,8 | S=(0,0);(0,1);(2,2) | I= | sp=1,23,884 | ip=
0,1,0 | 8,33,8 | S=(0,0);(0,1);(2,2) | I= | sp=1,23,24 | ip=
0,1,0 | 8,33,8 | S=(0,0);(0,1);(2,2) | I= | sp=1,23,993 | ip=
0,1,0 | 8,33,8 | S=(0,0);(0,1);(2,2) | I= | sp=1,23,911 | ip=
0,1,0 | 8,33,8 | S=(0,0);(0,1);(2,2) | I= | sp=1,23,34 | ip=
0,1,0 | 8,33,8 | S=(0,0);(0,1);(2,2) | I= | sp=1,23,44 | ip=
0,1,0 | 8,33,8 | S=(0,0);(0,1);(2,2) | I= | sp=1,23,54 | ip=
0,1,0 | 8,33,8 | S=(0,0);(0,1);(2,2) | I= | sp=1,23,99920 | ip=
0,1,0 | 8,33,8 | S=(0,0);(0,1);(2,2) | I= | sp=1,23,9914 | ip=
0,1,0 | 8,33,8 | S=(0,0);(0,1);(2,2) | I= | sp=1,23,944 | ip=
0,1,0 | 8,33,8 | S=(0,0);(0,1);(2,2) | I= | sp=1,33,884 | ip=
0,1,0 | 8,33,8 | S=(0,0);(0,1);(2,2) | I= | sp=1,33,24 | ip=
0,1,0 | 8,33,8 | S=(0,0);(0,1);(2,2) | I= | sp=1,33,993 | ip=
0,1,0 | 8,33,8 | S=(0,0);(0,1);(2,2) | I= | sp=1,33,911 | ip=
0,1,0 | 8,33,8 | S=(0,0);(0,1);(2,2) | I= | sp=1,33,34 | ip=
0,1,0 | 8,33,8 | S=(0,0);(0,1);(2,2) | I= | sp=1,33,44 | ip=
0,1,0 | 8,33,8 | S=(0,0);(0,1);(2,2) | I= | sp=1,33,54 | ip=
0,1,0 | 8,33,8 | S=(0,0);(0,1);(2,2) | I= | sp=1,33,99920 | ip=
0,1,0 | 8,33,8 | S=(0,0);(0,1);(2,2) | I= | sp=1,33,9914 | ip=
0,1,0 | 8,33,8 | S=(0,0);(0,1);(2,2) | I= | sp=1,33,944 | ip=
0,1,0 | 8,33,8 | S=(0,0);(0,1);(2,2) | I= | sp=1,93,883 | ip=
0,1,0 | 8,33,8 | S=(0,0);(0,1);(2,2) | I= | sp=1,93,23 | ip=
0,1,0 | 8,33,8 | S=(0,0);(0,1);(2,2) | I= | sp=1,93,33 | ip=
0,1,0 | 8,33,8 | S=(0,0);(0,1);(2,2) | I= | sp=1,97,918 | ip=
0,1,0 | 8,33,8 | S=(0,0);(0,1);(2,2) | I= | sp=1,9913,883 | ip=
0,1,0 | 8,33,8 | S=(0,0);(0,1);(2,2) | I= | sp=1,9913,23 | ip=
0,1,0 | 8,33,8 | S=(0,0);(0,1);(2,2) | I= | sp=1,9913,33 | ip=
0,1,0 | 8,33,8 | S=(0,0);(0,1);(2,2) | I= | sp=1,924,93 | ip=
0,1,0 | 8,33,8 | S=(0,0);(0,1);(2,2) | I= | sp=1,924,9913 | ip=
0,1,0 | 8,33,8 | S=(0,0);(0,1);(2,2) | I= | sp=1,924,925 | ip=
0,1,0 | 8,33,8 | S=(0,0);(0,1);(2,2) | I= | sp=1,925,883 | ip=
0,1,0 | 8,33,8 | S=(0,0);(0,1);(2,2) | I= | sp=1,925,23 | ip=
0,1,0 | 8,33,8 | S=(0,0);(0,1);(2,2) | I= | sp=1,925,33 | ip=
0,1,0 | 8,33,8 | S=(0,0);(0,1);(2,2) | I= | sp=1,927,1 | ip=
0,1,0 | 8,33,8 | S=(0,0);(0,1);(2,2) | I= | sp=1,929,882 | ip=
0,1,0 | 8,33,8 | S=(0,0);(0,1);(2,2) | I= | sp=882,1,9912 | ip=
0,1,0 | 8,33,8 | S=(0,0);(0,1);(2,2) | I= | sp=882,1,952 | ip=
0,1,0 | 8,33,8 | S=(0,0);(0,1);(2,2) | I= | sp=882,882,884 | ip=
0,1,0 | 8,33,8 | S=(0,0);(0,1);(2,2) | I= | sp=882,882,24 | ip=
0,1,0 | 8,33,8 | S=(0,0);(0,1);(2,2) | I= | sp=882,882,993 | ip=
0,1,0 | 8,33,8 | S=(0,0);(0,1);(2,2) | I= | sp=882,882,911 | ip=
0,1,0 | 8,33,8 | S=(0,0);(0,1);(2,2) | I= | sp=882,882,34 | ip=
0,1,0 | 8,33,8 | S=(0,0);(0,1);(2,2) | I= | sp=882,882,44 | ip=
0,1,0 | 8,33,8 | S=(0,0);(0,1);(2,2) | I= | sp=882,882,54 | ip=
0,1,0 | 8,33,8 | S=(0,0);(0,1);(2,2) | I= | sp=882,882,99920 | ip=
0,1,0 | 8,33,8 | S=(0,0);(0,1);(2,2) | I= | sp=882,882,9914 | ip=
0,1,0 | 8,33,8 | S=(0,0);(0,1);(2,2) | I= | sp=882,882,944 | ip=
0,1,0 | 8,33,8 | S=(0,0);(0,1);(2,2) | I= | sp=882,97,883 | ip=
0,1,0 | 8,33,8 | S=(0,0);(0,1);(2,2) | I= | sp=882,97,23 | ip=
0,1,0 | 8,33,8 | S=(0,0);(0,1);(2,2) | I= | sp=882,97,33 | ip=
0,1,0 | 8,33,8 | S=(0,0);(0,1);(2,2) | I= | sp=882,98,882 | ip=
0,1,0 | 8,33,8 | S=(0,0);(0,1);(2,2) | I= | sp=883,1,884 | ip=
0,1,0 | 8,33,8 | S=(0,0);(0,1);(2,2) | I= | sp=883,1,24 | ip=
0,1,0 | 8,33,8 | S=(0,0);(0,1);(2,2) | I= | sp=883,1,993 | ip=
0,1,0 | 8,33,8 | S=(0,0);(0,1);(2,2) | I= | sp=883,1,911 | ip=
0,1,0 | 8,33,8 | S=(0,0);(0,1);(2,2) | I= | sp=883,1,34 | ip=
0,1,0 | 8,33,8 | S=(0,0);(0,1);(2,2) | I= | sp=883,1,44 | ip=
0,1,0 | 8,33,8 | S=(0,0);(0,1);(2,2) | I= | sp=883,1,54 | ip=
0,1,0 | 8,33,8 | S=(0,0);(0,1);(2,2) | I= | sp=883,1,99920 | ip=
0,1,0 | 8,33,8 | S=(0,0);(0,1);(2,2) | I= | sp=883,1,9914 | ip=
0,1,0 | 8,33,8 | S=(0,0);(0,1);(2,2) | I= | sp=883,1,944 | ip=
0,1,0 | 8,33,8 | S=(0,0);(0,1);(2,2) | I= | sp=23,1,884 | ip=
0,1,0 | 8,33,8 | S=(0,0);(0,1);(2,2) | I= | sp=23,1,24 | ip=
0,1,0 | 8,33,8 | S=(0,0);(0,1);(2,2) | I= | sp=23,1,993 | ip=
0,1,0 | 8,33,8 | S=(0,0);(0,1);(2,2) | I= | sp=23,1,911 | ip=
0,1,0 | 8,33,8 | S=(0,0);(0,1);(2,2) | I= | sp=23,1,34 | ip=
0,1,0 | 8,33,8 | S=(0,0);(0,1);(2,2) | I= | sp=23,1,44 | ip=
0,1,0 | 8,33,8 | S=(0,0);(0,1);(2,2) | I= | sp=23,1,54 | ip=
0,1,0 | 8,33,8 | S=(0,0);(0,1);(2,2) | I= | sp=23,1,99920 | ip=
0,1,0 | 8,33,8 | S=(0,0);(0,1);(2,2) | I= | sp=23,1,9914 | ip=
0,1,0 | 8,33,8 | S=(0,0);(0,1);(2,2) | I= | sp=23,1,944 | ip=
0,1,0 | 8,33,8 | S=(0,0);(0,1);(2,2) | I= | sp=33,1,884 | ip=
0,1,0 | 8,33,8 | S=(0,0);(0,1);(2,2) | I= | sp=33,1,24 | ip=
0,1,0 | 8,33,8 | S=(0,0);(0,1);(2,2) | I= | sp=33,1,993 | ip=
0,1,0 | 8,33,8 | S=(0,0);(0,1);(2,2) | I= | sp=33,1,911 | ip=
0,1,0 | 8,33,8 | S=(0,0);(0,1);(2,2) | I= | sp=33,1,34 | ip=
0,1,0 | 8,33,8 | S=(0,0);(0,1);(2,2) | I= | sp=33,1,44 | ip=
0,1,0 | 8,33,8 | S=(0,0);(0,1);(2,2) | I= | sp=33,1,54 | ip=
0,1,0 | 8,33,8 | S=(0,0);(0,1);(2,2) | I= | sp=33,1,99920 | ip=
0,1,0 | 8,33,8 | S=(0,0);(0,1);(2,2) | I= | sp=33,1,9914 | ip=
0,1,0 | 8,33,8 | S=(0,0);(0,1);(2,2) | I= | sp=33,1,944 | ip=
0,1,0 | 8,33,8 | S=(0,0);(0,1);(2,2) | I= | sp=93,1,883 | ip=
0,1,0 | 8,33,8 | S=(0,0);(0,1);(2,2) | I= | sp=93,1,23 | ip=
0,1,0 | 8,33,8 | S=(0,0);(0,1);(2,2) | I= | sp=93,1,33 | ip=
0,1,0 | 8,33,8 | S=(0,0);(0,1);(2,2) | I= | sp=97,1,918 | ip=
0,1,0 | 8,33,8 | S=(0,0);(0,1);(2,2) | I= | sp=97,882,883 | ip=
0,1,0 | 8,33,8 | S=(0,0);(0,1);(2,2) | I= | sp=97,882,23 | ip=
0,1,0 | 8,33,8 | S=(0,0);(0,1);(2,2) | I= | sp=97,882,33 | ip=
0,1,0 | 8,33,8 | S=(0,0);(0,1);(2,2) | I= | sp=98,882,882 | ip=
0,1,0 | 8,33,8 | S=(0,0);(0,1);(2,2) | I= | sp=9913,1,883 | ip=
0,1,0 | 8,33,8 | S=(0,0);(0,1);(2,2) | I= | sp=9913,1,23 | ip=
0,1,0 | 8,33,8 | S=(0,0);(0,1);(2,2) | I= | sp=9913,1,33 | ip=
0,1,0 | 8,33,8 | S=(0,0);(0,1);(2,2) | I= | sp=924,1,93 | ip=
0,1,0 | 8,33,8 | S=(0,0);(0,1);(2,2) | I= | sp=924,1,9913 | ip=
0,1,0 | 8,33,8 | S=(0,0);(0,1);(2,2) | I= | sp=924,1,925 | ip=
0,1,0 | 8,33,8 | S=(0,0);(0,1);(2,2) | I= | sp=925,1,883 | ip=
0,1,0 | 8,33,8 | S=(0,0);(0,1);(2,2) | I= | sp=925,1,23 | ip=
0,1,0 | 8,33,8 | S=(0,0);(0,1);(2,2) | I= | sp=925,1,33 | ip=
0,1,0 | 8,33,8 | S=(0,0);(0,1);(2,2) | I= | sp=927,1,1 | ip=
0,1,0 | 8,33,8 | S=(0,0);(0,1);(2,2) | I= | sp=929,1,882 | ip=
0,1,0 | 8,42,4 | S=(0,0);(0,1);(2,2) | I= | sp=1,1,912 | ip=
0,1,0 | 8,42,4 | S=(0,0);(0,1);(2,2) | I= | sp=1,882,1 | ip=
0,1,0 | 8,42,4 | S=(0,0);(0,1);(2,2) | I= | sp=882,1,1 | ip=
0,1,0 | 8,43,6 | S=(0,0);(0,1);(2,2) | I= | sp=1,1,97 | ip=
0,1,0 | 8,43,6 | S=(0,0);(0,1);(2,2) | I= | sp=1,882,882 | ip=
0,1,0 | 8,43,6 | S=(0,0);(0,1);(2,2) | I= | sp=1,882,22 | ip=
0,1,0 | 8,43,6 | S=(0,0);(0,1);(2,2) | I= | sp=1,97,1 | ip=
0,1,0 | 8,43,6 | S=(0,0);(0,1);(2,2) | I= | sp=882,1,882 | ip=
0,1,0 | 8,43,6 | S=(0,0);(0,1);(2,2) | I= | sp=882,1,22 | ip=
0,1,0 | 8,43,6 | S=(0,0);(0,1);(2,2) | I= | sp=97,1,1 | ip=
0,1,0 | 8,44,6 | S=(0,0);(0,1);(2,2) | I= | sp=1,1,912 | ip=
0,1,0 | 8,44,6 | S=(0,0);(0,1);(2,2) | I= | sp=1,882,1 | ip=
0,1,0 | 8,44,6 | S=(0,0);(0,1);(2,2) | I= | sp=882,1,1 | ip=
0,1,0 | 8,44,7 | S=(0,0);(0,1);(2,2) | I= | sp=1,1,97 | ip=
0,1,0 | 8,44,7 | S=(0,0);(0,1);(2,2) | I= | sp=1,882,882 | ip=
0,1,0 | 8,44,7 | S=(0,0);(0,1);(2,2) | I= | sp=1,97,1 | ip=
0,1,0 | 8,44,7 | S=(0,0);(0,1);(2,2) | I= | sp=882,1,882 | ip=
0,1,0 | 8,44,7 | S=(0,0);(0,1);(2,2) | I= | sp=97,1,1 | ip=
0,1,0 | 8,44,8 | S=(0,0);(0,1);(2,2) | I= | sp=1,1,93 | ip=
0,1,0 | 8,44,8 | S=(0,0);(0,1);(2,2) | I= | sp=1,1,9913 | ip=
0,1,0 | 8,44,8 | S=(0,0);(0,1);(2,2) | I= | sp=1,1,925 | ip=
0,1,0 | 8,44,8 | S=(0,0);(0,1);(2,2) | I= | sp=1,882,883 | ip=
0,1,0 | 8,44,8 | S=(0,0);(0,1);(2,2) | I= | sp=1,882,23 | ip=
0,1,0 | 8,44,8 | S=(0,0);(0,1);(2,2) | I= | sp=1,882,33 | ip=
0,1,0 | 8,44,8 | S=(0,0);(0,1);(2,2) | I= | sp=1,97,882 | ip=
0,1,0 | 8,44,8 | S=(0,0);(0,1);(2,2) | I= | sp=1,98,1 | ip=
0,1,0 | 8,44,8 | S=(0,0);(0,1);(2,2) | I= | sp=882,1,883 | ip=
0,1,0 | 8,44,8 | S=(0,0);(0,1);(2,2) | I= | sp=882,1,23 | ip=
0,1,0 | 8,44,8 | S=(0,0);(0,1);(2,2) | I= | sp=882,1,33 | ip=
0,1,0 | 8,44,8 | S=(0,0);(0,1);(2,2) | I= | sp=97,1,882 | ip=
0,1,0 | 8,44,8 | S=(0,0);(0,1);(2,2) | I= | sp=98,1,1 | ip=
0,1,0 | 8,53,6 | S=(0,0);(0,1);(2,2) | I= | sp=1,1,882 | ip=
0,1,0 | 8,53,6 | S=(0,0);(0,1);(2,2) | I= | sp=1,1,22 | ip=
0,1,0 | 8,54,6 | S=(0,0);(0,1);(2,2) | I= | sp=1,1,1 | ip=
0,1,0 | 8,54,7 | S=(0,0);(0,1);(2,2) | I= | sp=1,1,882 | ip=
0,1,0 | 8,54,8 | S=(0,0);(0,1);(2,2) | I= | sp=1,1,883 | ip=
0,1,0 | 8,54,8 | S=(0,0);(0,1);(2,2) | I= | sp=1,1,23 | ip=
0,1,0 | 8,54,8 | S=(0,0);(0,1);(2,2) | I= | sp=1,1,33 | ip=
0,1,0 | 8,45,7 | S=(0,0);(0,1);(2,2) | I= | sp=1,882,1 | ip=
0,1,0 | 8,45,7 | S=(0,0);(0,1);(2,2) | I= | sp=882,1,1 | ip=
0,1,0 | 8,45,8 | S=(0,0);(0,1);(2,2) | I= | sp=1,1,97 | ip=
0,1,0 | 8,45,8 | S=(0,0);(0,1);(2,2) | I= | sp=1,882,882 | ip=
0,1,0 | 8,45,8 | S=(0,0);(0,1);(2,2) | I= | sp=1,97,1 | ip=
0,1,0 | 8,45,8 | S=(0,0);(0,1);(2,2) | I= | sp=882,1,882 | ip=
0,1,0 | 8,45,8 | S=(0,0);(0,1);(2,2) | I= | sp=97,1,1 | ip=
0,1,0 | 8,45,12 | S=(0,0);(0,1);(2,2) | I= | sp=1,882,886 | ip=
0,1,0 | 8,45,12 | S=(0,0);(0,1);(2,2) | I= | sp=1,882,94 | ip=
0,1,0 | 8,45,12 | S=(0,0);(0,1);(2,2) | I= | sp=1,882,996 | ip=
0,1,0 | 8,45,12 | S=(0,0);(0,1);(2,2) | I= | sp=1,882,919 | ip=
0,1,0 | 8,45,12 | S=(0,0);(0,1);(2,2) | I= | sp=1,882,9915 | ip=
0,1,0 | 8,45,12 | S=(0,0);(0,1);(2,2) | I= | sp=1,882,946 | ip=
0,1,0 | 8,45,12 | S=(0,0);(0,1);(2,2) | I= | sp=1,97,885 | ip=
0,1,0 | 8,45,12 | S=(0,0);(0,1);(2,2) | I= | sp=1,97,96 | ip=
0,1,0 | 8,45,12 | S=(0,0);(0,1);(2,2) | I= | sp=1,97,35 | ip=
0,1,0 | 8,45,12 | S=(0,0);(0,1);(2,2) | I= | sp=1,97,45 | ip=
0,1,0 | 8,45,12 | S=(0,0);(0,1);(2,2) | I= | sp=1,97,55 | ip=
0,1,0 | 8,45,12 | S=(0,0);(0,1);(2,2) | I= | sp=1,97,99930 | ip=
0,1,0 | 8,45,12 | S=(0,0);(0,1);(2,2) | I= | sp=1,97,945 | ip=
0,1,0 | 8,45,12 | S=(0,0);(0,1);(2,2) | I= | sp=1,98,884 | ip=
0,1,0 | 8,45,12 | S=(0,0);(0,1);(2,2) | I= | sp=1,98,24 | ip=
0,1,0 | 8,45,12 | S=(0,0);(0,1);(2,2) | I= | sp=882,1,886 | ip=
0,1,0 | 8,45,12 | S=(0,0);(0,1);(2,2) | I= | sp=882,1,94 | ip=
0,1,0 | 8,45,12 | S=(0,0);(0,1);(2,2) | I= | sp=882,1,996 | ip=
0,1,0 | 8,45,12 | S=(0,0);(0,1);(2,2) | I= | sp=882,1,919 | ip=
0,1,0 | 8,45,12 | S=(0,0);(0,1);(2,2) | I= | sp=882,1,9915 | ip=
0,1,0 | 8,45,12 | S=(0,0);(0,1);(2,2) | I= | sp=882,1,946 | ip=
0,1,0 | 8,45,12 | S=(0,0);(0,1);(2,2) | I= | sp=97,1,885 | ip=
0,1,0 | 8,45,12 | S=(0,0);(0,1);(2,2) | I= | sp=97,1,96 | ip=
0,1,0 | 8,45,12 | S=(0,0);(0,1);(2,2) | I= | sp=97,1,35 | ip=
0,1,0 | 8,45,12 | S=(0,0);(0,1);(2,2) | I= | sp=97,1,45 | ip=
0,1,0 | 8,45,12 | S=(0,0);(0,1);(2,2) | I= | sp=97,1,55 | ip=
0,1,0 | 8,45,12 | S=(0,0);(0,1);(2,2) | I= | sp=97,1,99930 | ip=
0,1,0 | 8,45,12 | S=(0,0);(0,1);(2,2) | I= | sp=97,1,945 | ip=
0,1,0 | 8,45,12 | S=(0,0);(0,1);(2,2) | I= | sp=98,1,884 | ip=
0,1,0 | 8,45,12 | S=(0,0);(0,1);(2,2) | I= | sp=98,1,24 | ip=
0,1,0 | 8,55,7 | S=(0,0);(0,1);(2,2) | I= | sp=1,1,1 | ip=
0,1,0 | 8,55,8 | S=(0,0);(0,1);(2,2) | I= | sp=1,1,882 | ip=
0,1,0 | 8,55,12 | S=(0,0);(0,1);(2,2) | I= | sp=1,1,886 | ip=
0,1,0 | 8,55,12 | S=(0,0);(0,1);(2,2) | I= | sp=1,1,94 | ip=
0,1,0 | 8,55,12 | S=(0,0);(0,1);(2,2) | I= | sp=1,1,996 | ip=
0,1,0 | 8,55,12 | S=(0,0);(0,1);(2,2) | I= | sp=1,1,919 | ip=
0,1,0 | 8,55,12 | S=(0,0);(0,1);(2,2) | I= | sp=1,1,9915 | ip=
0,1,0 | 8,55,12 | S=(0,0);(0,1);(2,2) | I= | sp=1,1,946 | ip=
0,1,0 | 12,42,4 | S=(0,0);(0,1);(2,2) | I= | sp=1,883,917 | ip=
0,1,0 | 12,42,4 | S=(0,0);(0,1);(2,2) | I= | sp=1,884,916 | ip=
0,1,0 | 12,42,4 | S=(0,0);(0,1);(2,2) | I= | sp=1,885,912 | ip=
0,1,0 | 12,42,4 | S=(0,0);(0,1);(2,2) | I= | sp=1,886,1 | ip=
0,1,0 | 12,42,4 | S=(0,0);(0,1);(2,2) | I= | sp=1,24,916 | ip=
0,1,0 | 12,42,4 | S=(0,0);(0,1);(2,2) | I= | sp=1,94,1 | ip=
0,1,0 | 12,42,4 | S=(0,0);(0,1);(2,2) | I= | sp=1,96,912 | ip=
0,1,0 | 12,42,4 | S=(0,0);(0,1);(2,2) | I= | sp=1,35,912 | ip=
0,1,0 | 12,42,4 | S=(0,0);(0,1);(2,2) | I= | sp=1,45,912 | ip=
0,1,0 | 12,42,4 | S=(0,0);(0,1);(2,2) | I= | sp=1,55,912 | ip=
0,1,0 | 12,42,4 | S=(0,0);(0,1);(2,2) | I= | sp=1,99930,912 | ip=
0,1,0 | 12,42,4 | S=(0,0);(0,1);(2,2) | I= | sp=1,996,1 | ip=
0,1,0 | 12,42,4 | S=(0,0);(0,1);(2,2) | I= | sp=1,919,1 | ip=
0,1,0 | 12,42,4 | S=(0,0);(0,1);(2,2) | I= | sp=1,945,912 | ip=
0,1,0 | 12,42,4 | S=(0,0);(0,1);(2,2) | I= | sp=1,9915,1 | ip=
0,1,0 | 12,42,4 | S=(0,0);(0,1);(2,2) | I= | sp=1,946,1 | ip=
0,1,0 | 12,42,4 | S=(0,0);(0,1);(2,2) | I= | sp=882,882,917 | ip=
0,1,0 | 12,42,4 | S=(0,0);(0,1);(2,2) | I= | sp=882,883,916 | ip=
0,1,0 | 12,42,4 | S=(0,0);(0,1);(2,2) | I= | sp=882,884,912 | ip=
0,1,0 | 12,42,4 | S=(0,0);(0,1);(2,2) | I= | sp=882,885,1 | ip=
0,1,0 | 12,42,4 | S=(0,0);(0,1);(2,2) | I= | sp=882,24,912 | ip=
0,1,0 | 12,42,4 | S=(0,0);(0,1);(2,2) | I= | sp=882,96,1 | ip=
0,1,0 | 12,42,4 | S=(0,0);(0,1);(2,2) | I= | sp=882,35,1 | ip=
0,1,0 | 12,42,4 | S=(0,0);(0,1);(2,2) | I= | sp=882,45,1 | ip=
0,1,0 | 12,42,4 | S=(0,0);(0,1);(2,2) | I= | sp=882,55,1 | ip=
0,1,0 | 12,42,4 | S=(0,0);(0,1);(2,2) | I= | sp=882,99930,1 | ip=
0,1,0 | 12,42,4 | S=(0,0);(0,1);(2,2) | I= | sp=882,945,1 | ip=
0,1,0 | 12,42,4 | S=(0,0);(0,1);(2,2) | I= | sp=883,1,917 | ip=
0,1,0 | 12,42,4 | S=(0,0);(0,1);(2,2) | I= | sp=883,882,916 | ip=
0,1,0 | 12,42,4 | S=(0,0);(0,1);(2,2) | I= | sp=883,883,912 | ip=
0,1,0 | 12,42,4 | S=(0,0);(0,1);(2,2) | I= | sp=883,884,1 | ip=
0,1,0 | 12,42,4 | S=(0,0);(0,1);(2,2) | I= | sp=883,24,1 | ip=
0,1,0 | 12,42,4 | S=(0,0);(0,1);(2,2) | I= | sp=884,1,916 | ip=
0,1,0 | 12,42,4 | S=(0,0);(0,1);(2,2) | I= | sp=884,882,912 | ip=
0,1,0 | 12,42,4 | S=(0,0);(0,1);(2,2) | I= | sp=884,883,1 | ip=
0,1,0 | 12,42,4 | S=(0,0);(0,1);(2,2) | I= | sp=885,1,912 | ip=
0,1,0 | 12,42,4 | S=(0,0);(0,1);(2,2) | I= | sp=885,882,1 | ip=
0,1,0 | 12,42,4 | S=(0,0);(0,1);(2,2) | I= | sp=886,1,1 | ip=
0,1,0 | 12,42,4 | S=(0,0);(0,1);(2,2) | I= | sp=24,1,916 | ip=
0,1,0 | 12,42,4 | S=(0,0);(0,1);(2,2) | I= | sp=24,882,912 | ip=
0,1,0 | 12,42,4 | S=(0,0);(0,1);(2,2) | I= | sp=24,883,1 | ip=
0,1,0 | 12,42,4 | S=(0,0);(0,1);(2,2) | I= | sp=93,93,1 | ip=
0,1,0 | 12,42,4 | S=(0,0);(0,1);(2,2) | I= | sp=94,1,1 | ip=
0,1,0 | 12,42,4 | S=(0,0);(0,1);(2,2) | I= | sp=96,1,912 | ip=
0,1,0 | 12,42,4 | S=(0,0);(0,1);(2,2) | I= | sp=96,882,1 | ip=
0,1,0 | 12,42,4 | S=(0,0);(0,1);(2,2) | I= | sp=35,1,912 | ip=
0,1,0 | 12,42,4 | S=(0,0);(0,1);(2,2) | I= | sp=35,882,1 | ip=
0,1,0 | 12,42,4 | S=(0,0);(0,1);(2,2) | I= | sp=45,1,912 | ip=
0,1,0 | 12,42,4 | S=(0,0);(0,1);(2,2) | I= | sp=45,882,1 | ip=
0,1,0 | 12,42,4 | S=(0,0);(0,1);(2,2) | I= | sp=55,1,912 | ip=
0,1,0 | 12,42,4 | S=(0,0);(0,1);(2,2) | I= | sp=55,882,1 | ip=
0,1,0 | 12,42,4 | S=(0,0);(0,1);(2,2) | I= | sp=99930,1,912 | ip=
0,1,0 | 12,42,4 | S=(0,0);(0,1);(2,2) | I= | sp=99930,882,1 | ip=
0,1,0 | 12,42,4 | S=(0,0);(0,1);(2,2) | I= | sp=996,1,1 | ip=
0,1,0 | 12,42,4 | S=(0,0);(0,1);(2,2) | I= | sp=919,1,1 | ip=
0,1,0 | 12,42,4 | S=(0,0);(0,1);(2,2) | I= | sp=945,1,912 | ip=
0,1,0 | 12,42,4 | S=(0,0);(0,1);(2,2) | I= | sp=945,882,1 | ip=
0,1,0 | 12,42,4 | S=(0,0);(0,1);(2,2) | I= | sp=9915,1,1 | ip=
0,1,0 | 12,42,4 | S=(0,0);(0,1);(2,2) | I= | sp=946,1,1 | ip=
0,1,0 | 12,53,6 | S=(0,0);(0,1);(2,2) | I= | sp=1,1,937 | ip=
0,1,0 | 12,53,6 | S=(0,0);(0,1);(2,2) | I= | sp=1,882,936 | ip=
0,1,0 | 12,53,6 | S=(0,0);(0,1);(2,2) | I= | sp=1,883,98 | ip=
0,1,0 | 12,53,6 | S=(0,0);(0,1);(2,2) | I= | sp=1,883,938 | ip=
0,1,0 | 12,53,6 | S=(0,0);(0,1);(2,2) | I= | sp=1,884,97 | ip=
0,1,0 | 12,53,6 | S=(0,0);(0,1);(2,2) | I= | sp=1,885,882 | ip=
0,1,0 | 12,53,6 | S=(0,0);(0,1);(2,2) | I= | sp=1,885,22 | ip=
0,1,0 | 12,53,6 | S=(0,0);(0,1);(2,2) | I= | sp=1,24,97 | ip=
0,1,0 | 12,53,6 | S=(0,0);(0,1);(2,2) | I= | sp=1,96,882 | ip=
0,1,0 | 12,53,6 | S=(0,0);(0,1);(2,2) | I= | sp=1,96,22 | ip=
0,1,0 | 12,53,6 | S=(0,0);(0,1);(2,2) | I= | sp=1,35,882 | ip=
0,1,0 | 12,53,6 | S=(0,0);(0,1);(2,2) | I= | sp=1,35,22 | ip=
0,1,0 | 12,53,6 | S=(0,0);(0,1);(2,2) | I= | sp=1,45,882 | ip=
0,1,0 | 12,53,6 | S=(0,0);(0,1);(2,2) | I= | sp=1,45,22 | ip=
0,1,0 | 12,53,6 | S=(0,0);(0,1);(2,2) | I= | sp=1,55,882 | ip=
0,1,0 | 12,53,6 | S=(0,0);(0,1);(2,2) | I= | sp=1,55,22 | ip=
0,1,0 | 12,53,6 | S=(0,0);(0,1);(2,2) | I= | sp=1,99930,882 | ip=
0,1,0 | 12,53,6 | S=(0,0);(0,1);(2,2) | I= | sp=1,99930,22 | ip=
0,1,0 | 12,53,6 | S=(0,0);(0,1);(2,2) | I= | sp=1,9912,934 | ip=
0,1,0 | 12,53,6 | S=(0,0);(0,1);(2,2) | I= | sp=1,945,882 | ip=
0,1,0 | 12,53,6 | S=(0,0);(0,1);(2,2) | I= | sp=1,945,22 | ip=
0,1,0 | 12,53,6 | S=(0,0);(0,1);(2,2) | I= | sp=1,947,1 | ip=
0,1,0 | 12,53,6 | S=(0,0);(0,1);(2,2) | I= | sp=882,1,936 | ip=
0,1,0 | 12,53,6 | S=(0,0);(0,1);(2,2) | I= | sp=882,882,98 | ip=
0,1,0 | 12,53,6 | S=(0,0);(0,1);(2,2) | I= | sp=882,882,938 | ip=
0,1,0 | 12,53,6 | S=(0,0);(0,1);(2,2) | I= | sp=882,883,97 | ip=
0,1,0 | 12,53,6 | S=(0,0);(0,1);(2,2) | I= | sp=882,884,882 | ip=
0,1,0 | 12,53,6 | S=(0,0);(0,1);(2,2) | I= | sp=882,884,22 | ip=
0,1,0 | 12,53,6 | S=(0,0);(0,1);(2,2) | I= | sp=882,24,882 | ip=
0,1,0 | 12,53,6 | S=(0,0);(0,1);(2,2) | I= | sp=882,24,22 | ip=
0,1,0 | 12,53,6 | S=(0,0);(0,1);(2,2) | I= | sp=882,93,934 | ip=
0,1,0 | 12,53,6 | S=(0,0);(0,1);(2,2) | I= | sp=882,9912,1 | ip=
0,1,0 | 12,53,6 | S=(0,0);(0,1);(2,2) | I= | sp=882,918,912 | ip=
0,1,0 | 12,53,6 | S=(0,0);(0,1);(2,2) | I= | sp=883,1,98 | ip=
0,1,0 | 12,53,6 | S=(0,0);(0,1);(2,2) | I= | sp=883,1,938 | ip=
0,1,0 | 12,53,6 | S=(0,0);(0,1);(2,2) | I= | sp=883,882,97 | ip=
0,1,0 | 12,53,6 | S=(0,0);(0,1);(2,2) | I= | sp=883,883,882 | ip=
0,1,0 | 12,53,6 | S=(0,0);(0,1);(2,2) | I= | sp=883,883,22 | ip=
0,1,0 | 12,53,6 | S=(0,0);(0,1);(2,2) | I= | sp=883,93,1 | ip=
0,1,0 | 12,53,6 | S=(0,0);(0,1);(2,2) | I= | sp=884,1,97 | ip=
0,1,0 | 12,53,6 | S=(0,0);(0,1);(2,2) | I= | sp=884,882,882 | ip=
0,1,0 | 12,53,6 | S=(0,0);(0,1);(2,2) | I= | sp=884,882,22 | ip=
0,1,0 | 12,53,6 | S=(0,0);(0,1);(2,2) | I= | sp=885,1,882 | ip=
0,1,0 | 12,53,6 | S=(0,0);(0,1);(2,2) | I= | sp=885,1,22 | ip=
0,1,0 | 12,53,6 | S=(0,0);(0,1);(2,2) | I= | sp=24,1,97 | ip=
0,1,0 | 12,53,6 | S=(0,0);(0,1);(2,2) | I= | sp=24,882,882 | ip=
0,1,0 | 12,53,6 | S=(0,0);(0,1);(2,2) | I= | sp=24,882,22 | ip=
0,1,0 | 12,53,6 | S=(0,0);(0,1);(2,2) | I= | sp=93,882,934 | ip=
0,1,0 | 12,53,6 | S=(0,0);(0,1);(2,2) | I= | sp=93,883,1 | ip=
0,1,0 | 12,53,6 | S=(0,0);(0,1);(2,2) | I= | sp=96,1,882 | ip=
0,1,0 | 12,53,6 | S=(0,0);(0,1);(2,2) | I= | sp=96,1,22 | ip=
0,1,0 | 12,53,6 | S=(0,0);(0,1);(2,2) | I= | sp=35,1,882 | ip=
0,1,0 | 12,53,6 | S=(0,0);(0,1);(2,2) | I= | sp=35,1,22 | ip=
0,1,0 | 12,53,6 | S=(0,0);(0,1);(2,2) | I= | sp=45,1,882 | ip=
0,1,0 | 12,53,6 | S=(0,0);(0,1);(2,2) | I= | sp=45,1,22 | ip=
0,1,0 | 12,53,6 | S=(0,0);(0,1);(2,2) | I= | sp=55,1,882 | ip=
0,1,0 | 12,53,6 | S=(0,0);(0,1);(2,2) | I= | sp=55,1,22 | ip=
0,1,0 | 12,53,6 | S=(0,0);(0,1);(2,2) | I= | sp=99930,1,882 | ip=
0,1,0 | 12,53,6 | S=(0,0);(0,1);(2,2) | I= | sp=99930,1,22 | ip=
0,1,0 | 12,53,6 | S=(0,0);(0,1);(2,2) | I= | sp=9912,1,934 | ip=
0,1,0 | 12,53,6 | S=(0,0);(0,1);(2,2) | I= | sp=9912,882,1 | ip=
0,1,0 | 12,53,6 | S=(0,0);(0,1);(2,2) | I= | sp=918,882,912 | ip=
0,1,0 | 12,53,6 | S=(0,0);(0,1);(2,2) | I= | sp=945,1,882 | ip=
0,1,0 | 12,53,6 | S=(0,0);(0,1);(2,2) | I= | sp=945,1,22 | ip=
0,1,0 | 12,53,6 | S=(0,0);(0,1);(2,2) | I= | sp=947,1,1 | ip=
0,1,0 | 12,54,6 | S=(0,0);(0,1);(2,2) | I= | sp=1,884,912 | ip=
0,1,0 | 12,54,6 | S=(0,0);(0,1);(2,2) | I= | sp=1,885,1 | ip=
0,1,0 | 12,54,6 | S=(0,0);(0,1);(2,2) | I= | sp=1,24,912 | ip=
0,1,0 | 12,54,6 | S=(0,0);(0,1);(2,2) | I= | sp=1,96,1 | ip=
0,1,0 | 12,54,6 | S=(0,0);(0,1);(2,2) | I= | sp=1,35,1 | ip=
0,1,0 | 12,54,6 | S=(0,0);(0,1);(2,2) | I= | sp=1,45,1 | ip=
0,1,0 | 12,54,6 | S=(0,0);(0,1);(2,2) | I= | sp=1,55,1 | ip=
0,1,0 | 12,54,6 | S=(0,0);(0,1);(2,2) | I= | sp=1,99930,1 | ip=
0,1,0 | 12,54,6 | S=(0,0);(0,1);(2,2) | I= | sp=1,945,1 | ip=
0,1,0 | 12,54,6 | S=(0,0);(0,1);(2,2) | I= | sp=882,883,912 | ip=
0,1,0 | 12,54,6 | S=(0,0);(0,1);(2,2) | I= | sp=882,884,1 | ip=
0,1,0 | 12,54,6 | S=(0,0);(0,1);(2,2) | I= | sp=882,24,1 | ip=
0,1,0 | 12,54,6 | S=(0,0);(0,1);(2,2) | I= | sp=883,882,912 | ip=
0,1,0 | 12,54,6 | S=(0,0);(0,1);(2,2) | I= | sp=883,883,1 | ip=
0,1,0 | 12,54,6 | S=(0,0);(0,1);(2,2) | I= | sp=884,1,912 | ip=
0,1,0 | 12,54,6 | S=(0,0);(0,1);(2,2) | I= | sp=884,882,1 | ip=
0,1,0 | 12,54,6 | S=(0,0);(0,1);(2,2) | I= | sp=885,1,1 | ip=
0,1,0 | 12,54,6 | S=(0,0);(0,1);(2,2) | I= | sp=24,1,912 | ip=
0,1,0 | 12,54,6 | S=(0,0);(0,1);(2,2) | I= | sp=24,882,1 | ip=
0,1,0 | 12,54,6 | S=(0,0);(0,1);(2,2) | I= | sp=96,1,1 | ip=
0,1,0 | 12,54,6 | S=(0,0);(0,1);(2,2) | I= | sp=35,1,1 | ip=
0,1,0 | 12,54,6 | S=(0,0);(0,1);(2,2) | I= | sp=45,1,1 | ip=
0,1,0 | 12,54,6 | S=(0,0);(0,1);(2,2) | I= | sp=55,1,1 | ip=
0,1,0 | 12,54,6 | S=(0,0);(0,1);(2,2) | I= | sp=99930,1,1 | ip=
0,1,0 | 12,54,6 | S=(0,0);(0,1);(2,2) | I= | sp=945,1,1 | ip=
0,1,0 | 12,54,7 | S=(0,0);(0,1);(2,2) | I= | sp=1,883,98 | ip=
0,1,0 | 12,54,7 | S=(0,0);(0,1);(2,2) | I= | sp=1,884,97 | ip=
0,1,0 | 12,54,7 | S=(0,0);(0,1);(2,2) | I= | sp=1,885,882 | ip=
0,1,0 | 12,54,7 | S=(0,0);(0,1);(2,2) | I= | sp=1,24,97 | ip=
0,1,0 | 12,54,7 | S=(0,0);(0,1);(2,2) | I= | sp=1,96,882 | ip=
0,1,0 | 12,54,7 | S=(0,0);(0,1);(2,2) | I= | sp=1,35,882 | ip=
0,1,0 | 12,54,7 | S=(0,0);(0,1);(2,2) | I= | sp=1,45,882 | ip=
0,1,0 | 12,54,7 | S=(0,0);(0,1);(2,2) | I= | sp=1,55,882 | ip=
0,1,0 | 12,54,7 | S=(0,0);(0,1);(2,2) | I= | sp=1,99930,882 | ip=
0,1,0 | 12,54,7 | S=(0,0);(0,1);(2,2) | I= | sp=1,945,882 | ip=
0,1,0 | 12,54,7 | S=(0,0);(0,1);(2,2) | I= | sp=1,947,1 | ip=
0,1,0 | 12,54,7 | S=(0,0);(0,1);(2,2) | I= | sp=882,882,98 | ip=
0,1,0 | 12,54,7 | S=(0,0);(0,1);(2,2) | I= | sp=882,883,97 | ip=
0,1,0 | 12,54,7 | S=(0,0);(0,1);(2,2) | I= | sp=882,884,882 | ip=
0,1,0 | 12,54,7 | S=(0,0);(0,1);(2,2) | I= | sp=882,24,882 | ip=
0,1,0 | 12,54,7 | S=(0,0);(0,1);(2,2) | I= | sp=882,9912,1 | ip=
0,1,0 | 12,54,7 | S=(0,0);(0,1);(2,2) | I= | sp=883,1,98 | ip=
0,1,0 | 12,54,7 | S=(0,0);(0,1);(2,2) | I= | sp=883,882,97 | ip=
0,1,0 | 12,54,7 | S=(0,0);(0,1);(2,2) | I= | sp=883,883,882 | ip=
0,1,0 | 12,54,7 | S=(0,0);(0,1);(2,2) | I= | sp=883,93,1 | ip=
0,1,0 | 12,54,7 | S=(0,0);(0,1);(2,2) | I= | sp=884,1,97 | ip=
0,1,0 | 12,54,7 | S=(0,0);(0,1);(2,2) | I= | sp=884,882,882 | ip=
0,1,0 | 12,54,7 | S=(0,0);(0,1);(2,2) | I= | sp=885,1,882 | ip=
0,1,0 | 12,54,7 | S=(0,0);(0,1);(2,2) | I= | sp=24,1,97 | ip=
0,1,0 | 12,54,7 | S=(0,0);(0,1);(2,2) | I= | sp=24,882,882 | ip=
0,1,0 | 12,54,7 | S=(0,0);(0,1);(2,2) | I= | sp=93,883,1 | ip=
0,1,0 | 12,54,7 | S=(0,0);(0,1);(2,2) | I= | sp=96,1,882 | ip=
0,1,0 | 12,54,7 | S=(0,0);(0,1);(2,2) | I= | sp=35,1,882 | ip=
0,1,0 | 12,54,7 | S=(0,0);(0,1);(2,2) | I= | sp=45,1,882 | ip=
0,1,0 | 12,54,7 | S=(0,0);(0,1);(2,2) | I= | sp=55,1,882 | ip=
0,1,0 | 12,54,7 | S=(0,0);(0,1);(2,2) | I= | sp=99930,1,882 | ip=
0,1,0 | 12,54,7 | S=(0,0);(0,1);(2,2) | I= | sp=9912,882,1 | ip=
0,1,0 | 12,54,7 | S=(0,0);(0,1);(2,2) | I= | sp=945,1,882 | ip=
0,1,0 | 12,54,7 | S=(0,0);(0,1);(2,2) | I= | sp=947,1,1 | ip=
0,1,0 | 12,54,8 | S=(0,0);(0,1);(2,2) | I= | sp=1,1,928 | ip=
0,1,0 | 12,54,8 | S=(0,0);(0,1);(2,2) | I= | sp=1,882,927 | ip=
0,1,0 | 12,54,8 | S=(0,0);(0,1);(2,2) | I= | sp=1,883,929 | ip=
0,1,0 | 12,54,8 | S=(0,0);(0,1);(2,2) | I= | sp=1,884,93 | ip=
0,1,0 | 12,54,8 | S=(0,0);(0,1);(2,2) | I= | sp=1,884,9913 | ip=
0,1,0 | 12,54,8 | S=(0,0);(0,1);(2,2) | I= | sp=1,884,925 | ip=
0,1,0 | 12,54,8 | S=(0,0);(0,1);(2,2) | I= | sp=1,885,883 | ip=
0,1,0 | 12,54,8 | S=(0,0);(0,1);(2,2) | I= | sp=1,885,23 | ip=
0,1,0 | 12,54,8 | S=(0,0);(0,1);(2,2) | I= | sp=1,885,33 | ip=
0,1,0 | 12,54,8 | S=(0,0);(0,1);(2,2) | I= | sp=1,24,93 | ip=
0,1,0 | 12,54,8 | S=(0,0);(0,1);(2,2) | I= | sp=1,24,9913 | ip=
0,1,0 | 12,54,8 | S=(0,0);(0,1);(2,2) | I= | sp=1,24,925 | ip=
0,1,0 | 12,54,8 | S=(0,0);(0,1);(2,2) | I= | sp=1,96,883 | ip=
0,1,0 | 12,54,8 | S=(0,0);(0,1);(2,2) | I= | sp=1,96,23 | ip=
0,1,0 | 12,54,8 | S=(0,0);(0,1);(2,2) | I= | sp=1,96,33 | ip=
0,1,0 | 12,54,8 | S=(0,0);(0,1);(2,2) | I= | sp=1,35,883 | ip=
0,1,0 | 12,54,8 | S=(0,0);(0,1);(2,2) | I= | sp=1,35,23 | ip=
0,1,0 | 12,54,8 | S=(0,0);(0,1);(2,2) | I= | sp=1,35,33 | ip=
0,1,0 | 12,54,8 | S=(0,0);(0,1);(2,2) | I= | sp=1,45,883 | ip=
0,1,0 | 12,54,8 | S=(0,0);(0,1);(2,2) | I= | sp=1,45,23 | ip=
0,1,0 | 12,54,8 | S=(0,0);(0,1);(2,2) | I= | sp=1,45,33 | ip=
0,1,0 | 12,54,8 | S=(0,0);(0,1);(2,2) | I= | sp=1,55,883 | ip=
0,1,0 | 12,54,8 | S=(0,0);(0,1);(2,2) | I= | sp=1,55,23 | ip=
0,1,0 | 12,54,8 | S=(0,0);(0,1);(2,2) | I= | sp=1,55,33 | ip=
0,1,0 | 12,54,8 | S=(0,0);(0,1);(2,2) | I= | sp=1,99930,883 | ip=
0,1,0 | 12,54,8 | S=(0,0);(0,1);(2,2) | I= | sp=1,99930,23 | ip=
0,1,0 | 12,54,8 | S=(0,0);(0,1);(2,2) | I= | sp=1,99930,33 | ip=
0,1,0 | 12,54,8 | S=(0,0);(0,1);(2,2) | I= | sp=1,9912,924 | ip=
0,1,0 | 12,54,8 | S=(0,0);(0,1);(2,2) | I= | sp=1,945,883 | ip=
0,1,0 | 12,54,8 | S=(0,0);(0,1);(2,2) | I= | sp=1,945,23 | ip=
0,1,0 | 12,54,8 | S=(0,0);(0,1);(2,2) | I= | sp=1,945,33 | ip=
0,1,0 | 12,54,8 | S=(0,0);(0,1);(2,2) | I= | sp=1,947,882 | ip=
0,1,0 | 12,54,8 | S=(0,0);(0,1);(2,2) | I= | sp=882,1,927 | ip=
0,1,0 | 12,54,8 | S=(0,0);(0,1);(2,2) | I= | sp=882,882,929 | ip=
0,1,0 | 12,54,8 | S=(0,0);(0,1);(2,2) | I= | sp=882,883,93 | ip=
0,1,0 | 12,54,8 | S=(0,0);(0,1);(2,2) | I= | sp=882,883,9913 | ip=
0,1,0 | 12,54,8 | S=(0,0);(0,1);(2,2) | I= | sp=882,883,925 | ip=
0,1,0 | 12,54,8 | S=(0,0);(0,1);(2,2) | I= | sp=882,884,883 | ip=
0,1,0 | 12,54,8 | S=(0,0);(0,1);(2,2) | I= | sp=882,884,23 | ip=
0,1,0 | 12,54,8 | S=(0,0);(0,1);(2,2) | I= | sp=882,884,33 | ip=
0,1,0 | 12,54,8 | S=(0,0);(0,1);(2,2) | I= | sp=882,24,883 | ip=
0,1,0 | 12,54,8 | S=(0,0);(0,1);(2,2) | I= | sp=882,24,23 | ip=
0,1,0 | 12,54,8 | S=(0,0);(0,1);(2,2) | I= | sp=882,24,33 | ip=
0,1,0 | 12,54,8 | S=(0,0);(0,1);(2,2) | I= | sp=882,93,924 | ip=
0,1,0 | 12,54,8 | S=(0,0);(0,1);(2,2) | I= | sp=882,9912,882 | ip=
0,1,0 | 12,54,8 | S=(0,0);(0,1);(2,2) | I= | sp=882,918,97 | ip=
0,1,0 | 12,54,8 | S=(0,0);(0,1);(2,2) | I= | sp=882,922,1 | ip=
0,1,0 | 12,54,8 | S=(0,0);(0,1);(2,2) | I= | sp=883,1,929 | ip=
0,1,0 | 12,54,8 | S=(0,0);(0,1);(2,2) | I= | sp=883,882,93 | ip=
0,1,0 | 12,54,8 | S=(0,0);(0,1);(2,2) | I= | sp=883,882,9913 | ip=
0,1,0 | 12,54,8 | S=(0,0);(0,1);(2,2) | I= | sp=883,882,925 | ip=
0,1,0 | 12,54,8 | S=(0,0);(0,1);(2,2) | I= | sp=883,883,883 | ip=
0,1,0 | 12,54,8 | S=(0,0);(0,1);(2,2) | I= | sp=883,883,23 | ip=
0,1,0 | 12,54,8 | S=(0,0);(0,1);(2,2) | I= | sp=883,883,33 | ip=
0,1,0 | 12,54,8 | S=(0,0);(0,1);(2,2) | I= | sp=883,93,882 | ip=
0,1,0 | 12,54,8 | S=(0,0);(0,1);(2,2) | I= | sp=884,1,93 | ip=
0,1,0 | 12,54,8 | S=(0,0);(0,1);(2,2) | I= | sp=884,1,9913 | ip=
0,1,0 | 12,54,8 | S=(0,0);(0,1);(2,2) | I= | sp=884,1,925 | ip=
0,1,0 | 12,54,8 | S=(0,0);(0,1);(2,2) | I= | sp=884,882,883 | ip=
0,1,0 | 12,54,8 | S=(0,0);(0,1);(2,2) | I= | sp=884,882,23 | ip=
0,1,0 | 12,54,8 | S=(0,0);(0,1);(2,2) | I= | sp=884,882,33 | ip=
0,1,0 | 12,54,8 | S=(0,0);(0,1);(2,2) | I= | sp=885,1,883 | ip=
0,1,0 | 12,54,8 | S=(0,0);(0,1);(2,2) | I= | sp=885,1,23 | ip=
0,1,0 | 12,54,8 | S=(0,0);(0,1);(2,2) | I= | sp=885,1,33 | ip=
0,1,0 | 12,54,8 | S=(0,0);(0,1);(2,2) | I= | sp=24,1,93 | ip=
0,1,0 | 12,54,8 | S=(0,0);(0,1);(2,2) | I= | sp=24,1,9913 | ip=
0,1,0 | 12,54,8 | S=(0,0);(0,1);(2,2) | I= | sp=24,1,925 | ip=
0,1,0 | 12,54,8 | S=(0,0);(0,1);(2,2) | I= | sp=24,882,883 | ip=
0,1,0 | 12,54,8 | S=(0,0);(0,1);(2,2) | I= | sp=24,882,23 | ip=
0,1,0 | 12,54,8 | S=(0,0);(0,1);(2,2) | I= | sp=24,882,33 | ip=
0,1,0 | 12,54,8 | S=(0,0);(0,1);(2,2) | I= | sp=93,882,924 | ip=
0,1,0 | 12,54,8 | S=(0,0);(0,1);(2,2) | I= | sp=93,883,882 | ip=
0,1,0 | 12,54,8 | S=(0,0);(0,1);(2,2) | I= | sp=96,1,883 | ip=
0,1,0 | 12,54,8 | S=(0,0);(0,1);(2,2) | I= | sp=96,1,23 | ip=
0,1,0 | 12,54,8 | S=(0,0);(0,1);(2,2) | I= | sp=96,1,33 | ip=
0,1,0 | 12,54,8 | S=(0,0);(0,1);(2,2) | I= | sp=35,1,883 | ip=
0,1,0 | 12,54,8 | S=(0,0);(0,1);(2,2) | I= | sp=35,1,23 | ip=
0,1,0 | 12,54,8 | S=(0,0);(0,1);(2,2) | I= | sp=35,1,33 | ip=
0,1,0 | 12,54,8 | S=(0,0);(0,1);(2,2) | I= | sp=45,1,883 | ip=
0,1,0 | 12,54,8 | S=(0,0);(0,1);(2,2) | I= | sp=45,1,23 | ip=
0,1,0 | 12,54,8 | S=(0,0);(0,1);(2,2) | I= | sp=45,1,33 | ip=
0,1,0 | 12,54,8 | S=(0,0);(0,1);(2,2) | I= | sp=55,1,883 | ip=
0,1,0 | 12,54,8 | S=(0,0);(0,1);(2,2) | I= | sp=55,1,23 | ip=
0,1,0 | 12,54,8 | S=(0,0);(0,1);(2,2) | I= | sp=55,1,33 | ip=
0,1,0 | 12,54,8 | S=(0,0);(0,1);(2,2) | I= | sp=99930,1,883 | ip=
0,1,0 | 12,54,8 | S=(0,0);(0,1);(2,2) | I= | sp=99930,1,23 | ip=
0,1,0 | 12,54,8 | S=(0,0);(0,1);(2,2) | I= | sp=99930,1,33 | ip=
0,1,0 | 12,54,8 | S=(0,0);(0,1);(2,2) | I= | sp=9912,1,924 | ip=
0,1,0 | 12,54,8 | S=(0,0);(0,1);(2,2) | I= | sp=9912,882,882 | ip=
0,1,0 | 12,54,8 | S=(0,0);(0,1);(2,2) | I= | sp=918,882,97 | ip=
0,1,0 | 12,54,8 | S=(0,0);(0,1);(2,2) | I= | sp=922,882,1 | ip=
0,1,0 | 12,54,8 | S=(0,0);(0,1);(2,2) | I= | sp=945,1,883 | ip=
0,1,0 | 12,54,8 | S=(0,0);(0,1);(2,2) | I= | sp=945,1,23 | ip=
0,1,0 | 12,54,8 | S=(0,0);(0,1);(2,2) | I= | sp=945,1,33 | ip=
0,1,0 | 12,54,8 | S=(0,0);(0,1);(2,2) | I= | sp=947,1,882 | ip=
0,1,0 | 12,55,7 | S=(0,0);(0,1);(2,2) | I= | sp=1,885,1 | ip=
0,1,0 | 12,55,7 | S=(0,0);(0,1);(2,2) | I= | sp=1,96,1 | ip=
0,1,0 | 12,55,7 | S=(0,0);(0,1);(2,2) | I= | sp=1,35,1 | ip=
0,1,0 | 12,55,7 | S=(0,0);(0,1);(2,2) | I= | sp=1,45,1 | ip=
0,1,0 | 12,55,7 | S=(0,0);(0,1);(2,2) | I= | sp=1,55,1 | ip=
0,1,0 | 12,55,7 | S=(0,0);(0,1);(2,2) | I= | sp=1,99930,1 | ip=
0,1,0 | 12,55,7 | S=(0,0);(0,1);(2,2) | I= | sp=1,945,1 | ip=
0,1,0 | 12,55,7 | S=(0,0);(0,1);(2,2) | I= | sp=882,884,1 | ip=
0,1,0 | 12,55,7 | S=(0,0);(0,1);(2,2) | I= | sp=882,24,1 | ip=
0,1,0 | 12,55,7 | S=(0,0);(0,1);(2,2) | I= | sp=883,883,1 | ip=
0,1,0 | 12,55,7 | S=(0,0);(0,1);(2,2) | I= | sp=884,882,1 | ip=
0,1,0 | 12,55,7 | S=(0,0);(0,1);(2,2) | I= | sp=885,1,1 | ip=
0,1,0 | 12,55,7 | S=(0,0);(0,1);(2,2) | I= | sp=24,882,1 | ip=
0,1,0 | 12,55,7 | S=(0,0);(0,1);(2,2) | I= | sp=96,1,1 | ip=
0,1,0 | 12,55,7 | S=(0,0);(0,1);(2,2) | I= | sp=35,1,1 | ip=
0,1,0 | 12,55,7 | S=(0,0);(0,1);(2,2) | I= | sp=45,1,1 | ip=
0,1,0 | 12,55,7 | S=(0,0);(0,1);(2,2) | I= | sp=55,1,1 | ip=
0,1,0 | 12,55,7 | S=(0,0);(0,1);(2,2) | I= | sp=99930,1,1 | ip=
0,1,0 | 12,55,7 | S=(0,0);(0,1);(2,2) | I= | sp=945,1,1 | ip=
0,1,0 | 12,55,8 | S=(0,0);(0,1);(2,2) | I= | sp=1,883,98 | ip=
0,1,0 | 12,55,8 | S=(0,0);(0,1);(2,2) | I= | sp=1,884,97 | ip=
0,1,0 | 12,55,8 | S=(0,0);(0,1);(2,2) | I= | sp=1,885,882 | ip=
0,1,0 | 12,55,8 | S=(0,0);(0,1);(2,2) | I= | sp=1,24,97 | ip=
0,1,0 | 12,55,8 | S=(0,0);(0,1);(2,2) | I= | sp=1,96,882 | ip=
0,1,0 | 12,55,8 | S=(0,0);(0,1);(2,2) | I= | sp=1,35,882 | ip=
0,1,0 | 12,55,8 | S=(0,0);(0,1);(2,2) | I= | sp=1,45,882 | ip=
0,1,0 | 12,55,8 | S=(0,0);(0,1);(2,2) | I= | sp=1,55,882 | ip=
0,1,0 | 12,55,8 | S=(0,0);(0,1);(2,2) | I= | sp=1,99930,882 | ip=
0,1,0 | 12,55,8 | S=(0,0);(0,1);(2,2) | I= | sp=1,945,882 | ip=
0,1,0 | 12,55,8 | S=(0,0);(0,1);(2,2) | I= | sp=1,947,1 | ip=
0,1,0 | 12,55,8 | S=(0,0);(0,1);(2,2) | I= | sp=882,882,98 | ip=
0,1,0 | 12,55,8 | S=(0,0);(0,1);(2,2) | I= | sp=882,883,97 | ip=
0,1,0 | 12,55,8 | S=(0,0);(0,1);(2,2) | I= | sp=882,884,882 | ip=
0,1,0 | 12,55,8 | S=(0,0);(0,1);(2,2) | I= | sp=882,24,882 | ip=
0,1,0 | 12,55,8 | S=(0,0);(0,1);(2,2) | I= | sp=882,9912,1 | ip=
0,1,0 | 12,55,8 | S=(0,0);(0,1);(2,2) | I= | sp=883,1,98 | ip=
0,1,0 | 12,55,8 | S=(0,0);(0,1);(2,2) | I= | sp=883,882,97 | ip=
0,1,0 | 12,55,8 | S=(0,0);(0,1);(2,2) | I= | sp=883,883,882 | ip=
0,1,0 | 12,55,8 | S=(0,0);(0,1);(2,2) | I= | sp=883,93,1 | ip=
0,1,0 | 12,55,8 | S=(0,0);(0,1);(2,2) | I= | sp=884,1,97 | ip=
0,1,0 | 12,55,8 | S=(0,0);(0,1);(2,2) | I= | sp=884,882,882 | ip=
0,1,0 | 12,55,8 | S=(0,0);(0,1);(2,2) | I= | sp=885,1,882 | ip=
0,1,0 | 12,55,8 | S=(0,0);(0,1);(2,2) | I= | sp=24,1,97 | ip=
0,1,0 | 12,55,8 | S=(0,0);(0,1);(2,2) | I= | sp=24,882,882 | ip=
0,1,0 | 12,55,8 | S=(0,0);(0,1);(2,2) | I= | sp=93,883,1 | ip=
0,1,0 | 12,55,8 | S=(0,0);(0,1);(2,2) | I= | sp=96,1,882 | ip=
0,1,0 | 12,55,8 | S=(0,0);(0,1);(2,2) | I= | sp=35,1,882 | ip=
0,1,0 | 12,55,8 | S=(0,0);(0,1);(2,2) | I= | sp=45,1,882 | ip=
0,1,0 | 12,55,8 | S=(0,0);(0,1);(2,2) | I= | sp=55,1,882 | ip=
0,1,0 | 12,55,8 | S=(0,0);(0,1);(2,2) | I= | sp=99930,1,882 | ip=
0,1,0 | 12,55,8 | S=(0,0);(0,1);(2,2) | I= | sp=9912,882,1 | ip=
0,1,0 | 12,55,8 | S=(0,0);(0,1);(2,2) | I= | sp=945,1,882 | ip=
0,1,0 | 12,55,8 | S=(0,0);(0,1);(2,2) | I= | sp=947,1,1 | ip=
0,1,0 | 12,55,12 | S=(0,0);(0,1);(2,2) | I= | sp=1,885,886 | ip=
0,1,0 | 12,55,12 | S=(0,0);(0,1);(2,2) | I= | sp=1,885,94 | ip=
0,1,0 | 12,55,12 | S=(0,0);(0,1);(2,2) | I= | sp=1,885,996 | ip=
0,1,0 | 12,55,12 | S=(0,0);(0,1);(2,2) | I= | sp=1,885,919 | ip=
0,1,0 | 12,55,12 | S=(0,0);(0,1);(2,2) | I= | sp=1,885,9915 | ip=
0,1,0 | 12,55,12 | S=(0,0);(0,1);(2,2) | I= | sp=1,885,946 | ip=
0,1,0 | 12,55,12 | S=(0,0);(0,1);(2,2) | I= | sp=1,96,886 | ip=
0,1,0 | 12,55,12 | S=(0,0);(0,1);(2,2) | I= | sp=1,96,94 | ip=
0,1,0 | 12,55,12 | S=(0,0);(0,1);(2,2) | I= | sp=1,96,996 | ip=
0,1,0 | 12,55,12 | S=(0,0);(0,1);(2,2) | I= | sp=1,96,919 | ip=
0,1,0 | 12,55,12 | S=(0,0);(0,1);(2,2) | I= | sp=1,96,9915 | ip=
0,1,0 | 12,55,12 | S=(0,0);(0,1);(2,2) | I= | sp=1,96,946 | ip=
0,1,0 | 12,55,12 | S=(0,0);(0,1);(2,2) | I= | sp=1,35,886 | ip=
0,1,0 | 12,55,12 | S=(0,0);(0,1);(2,2) | I= | sp=1,35,94 | ip=
0,1,0 | 12,55,12 | S=(0,0);(0,1);(2,2) | I= | sp=1,35,996 | ip=
0,1,0 | 12,55,12 | S=(0,0);(0,1);(2,2) | I= | sp=1,35,919 | ip=
0,1,0 | 12,55,12 | S=(0,0);(0,1);(2,2) | I= | sp=1,35,9915 | ip=
0,1,0 | 12,55,12 | S=(0,0);(0,1);(2,2) | I= | sp=1,35,946 | ip=
0,1,0 | 12,55,12 | S=(0,0);(0,1);(2,2) | I= | sp=1,45,886 | ip=
0,1,0 | 12,55,12 | S=(0,0);(0,1);(2,2) | I= | sp=1,45,94 | ip=
0,1,0 | 12,55,12 | S=(0,0);(0,1);(2,2) | I= | sp=1,45,996 | ip=
0,1,0 | 12,55,12 | S=(0,0);(0,1);(2,2) | I= | sp=1,45,919 | ip=
0,1,0 | 12,55,12 | S=(0,0);(0,1);(2,2) | I= | sp=1,45,9915 | ip=
0,1,0 | 12,55,12 | S=(0,0);(0,1);(2,2) | I= | sp=1,45,946 | ip=
0,1,0 | 12,55,12 | S=(0,0);(0,1);(2,2) | I= | sp=1,55,886 | ip=
0,1,0 | 12,55,12 | S=(0,0);(0,1);(2,2) | I= | sp=1,55,94 | ip=
0,1,0 | 12,55,12 | S=(0,0);(0,1);(2,2) | I= | sp=1,55,996 | ip=
0,1,0 | 12,55,12 | S=(0,0);(0,1);(2,2) | I= | sp=1,55,919 | ip=
0,1,0 | 12,55,12 | S=(0,0);(0,1);(2,2) | I= | sp=1,55,9915 | ip=
0,1,0 | 12,55,12 | S=(0,0);(0,1);(2,2) | I= | sp=1,55,946 | ip=
0,1,0 | 12,55,12 | S=(0,0);(0,1);(2,2) | I= | sp=1,99930,886 | ip=
0,1,0 | 12,55,12 | S=(0,0);(0,1);(2,2) | I= | sp=1,99930,94 | ip=
0,1,0 | 12,55,12 | S=(0,0);(0,1);(2,2) | I= | sp=1,99930,996 | ip=
0,1,0 | 12,55,12 | S=(0,0);(0,1);(2,2) | I= | sp=1,99930,919 | ip=
0,1,0 | 12,55,12 | S=(0,0);(0,1);(2,2) | I= | sp=1,99930,9915 | ip=
0,1,0 | 12,55,12 | S=(0,0);(0,1);(2,2) | I= | sp=1,99930,946 | ip=
0,1,0 | 12,55,12 | S=(0,0);(0,1);(2,2) | I= | sp=1,945,886 | ip=
0,1,0 | 12,55,12 | S=(0,0);(0,1);(2,2) | I= | sp=1,945,94 | ip=
0,1,0 | 12,55,12 | S=(0,0);(0,1);(2,2) | I= | sp=1,945,996 | ip=
0,1,0 | 12,55,12 | S=(0,0);(0,1);(2,2) | I= | sp=1,945,919 | ip=
0,1,0 | 12,55,12 | S=(0,0);(0,1);(2,2) | I= | sp=1,945,9915 | ip=
0,1,0 | 12,55,12 | S=(0,0);(0,1);(2,2) | I= | sp=1,945,946 | ip=
0,1,0 | 12,55,12 | S=(0,0);(0,1);(2,2) | I= | sp=1,947,885 | ip=
0,1,0 | 12,55,12 | S=(0,0);(0,1);(2,2) | I= | sp=1,947,96 | ip=
0,1,0 | 12,55,12 | S=(0,0);(0,1);(2,2) | I= | sp=1,947,35 | ip=
0,1,0 | 12,55,12 | S=(0,0);(0,1);(2,2) | I= | sp=1,947,45 | ip=
0,1,0 | 12,55,12 | S=(0,0);(0,1);(2,2) | I= | sp=1,947,55 | ip=
0,1,0 | 12,55,12 | S=(0,0);(0,1);(2,2) | I= | sp=1,947,99930 | ip=
0,1,0 | 12,55,12 | S=(0,0);(0,1);(2,2) | I= | sp=1,947,945 | ip=
0,1,0 | 12,55,12 | S=(0,0);(0,1);(2,2) | I= | sp=882,884,886 | ip=
0,1,0 | 12,55,12 | S=(0,0);(0,1);(2,2) | I= | sp=882,884,94 | ip=
0,1,0 | 12,55,12 | S=(0,0);(0,1);(2,2) | I= | sp=882,884,996 | ip=
0,1,0 | 12,55,12 | S=(0,0);(0,1);(2,2) | I= | sp=882,884,919 | ip=
0,1,0 | 12,55,12 | S=(0,0);(0,1);(2,2) | I= | sp=882,884,9915 | ip=
0,1,0 | 12,55,12 | S=(0,0);(0,1);(2,2) | I= | sp=882,884,946 | ip=
0,1,0 | 12,55,12 | S=(0,0);(0,1);(2,2) | I= | sp=882,24,886 | ip=
0,1,0 | 12,55,12 | S=(0,0);(0,1);(2,2) | I= | sp=882,24,94 | ip=
0,1,0 | 12,55,12 | S=(0,0);(0,1);(2,2) | I= | sp=882,24,996 | ip=
0,1,0 | 12,55,12 | S=(0,0);(0,1);(2,2) | I= | sp=882,24,919 | ip=
0,1,0 | 12,55,12 | S=(0,0);(0,1);(2,2) | I= | sp=882,24,9915 | ip=
0,1,0 | 12,55,12 | S=(0,0);(0,1);(2,2) | I= | sp=882,24,946 | ip=
0,1,0 | 12,55,12 | S=(0,0);(0,1);(2,2) | I= | sp=882,9912,885 | ip=
0,1,0 | 12,55,12 | S=(0,0);(0,1);(2,2) | I= | sp=882,9912,96 | ip=
0,1,0 | 12,55,12 | S=(0,0);(0,1);(2,2) | I= | sp=882,9912,35 | ip=
0,1,0 | 12,55,12 | S=(0,0);(0,1);(2,2) | I= | sp=882,9912,45 | ip=
0,1,0 | 12,55,12 | S=(0,0);(0,1);(2,2) | I= | sp=882,9912,55 | ip=
0,1,0 | 12,55,12 | S=(0,0);(0,1);(2,2) | I= | sp=882,9912,99930 | ip=
0,1,0 | 12,55,12 | S=(0,0);(0,1);(2,2) | I= | sp=882,9912,945 | ip=
0,1,0 | 12,55,12 | S=(0,0);(0,1);(2,2) | I= | sp=882,918,947 | ip=
0,1,0 | 12,55,12 | S=(0,0);(0,1);(2,2) | I= | sp=882,920,883 | ip=
0,1,0 | 12,55,12 | S=(0,0);(0,1);(2,2) | I= | sp=882,921,882 | ip=
0,1,0 | 12,55,12 | S=(0,0);(0,1);(2,2) | I= | sp=882,922,884 | ip=
0,1,0 | 12,55,12 | S=(0,0);(0,1);(2,2) | I= | sp=882,922,24 | ip=
0,1,0 | 12,55,12 | S=(0,0);(0,1);(2,2) | I= | sp=883,883,886 | ip=
0,1,0 | 12,55,12 | S=(0,0);(0,1);(2,2) | I= | sp=883,883,94 | ip=
0,1,0 | 12,55,12 | S=(0,0);(0,1);(2,2) | I= | sp=883,883,996 | ip=
0,1,0 | 12,55,12 | S=(0,0);(0,1);(2,2) | I= | sp=883,883,919 | ip=
0,1,0 | 12,55,12 | S=(0,0);(0,1);(2,2) | I= | sp=883,883,9915 | ip=
0,1,0 | 12,55,12 | S=(0,0);(0,1);(2,2) | I= | sp=883,883,946 | ip=
0,1,0 | 12,55,12 | S=(0,0);(0,1);(2,2) | I= | sp=883,93,885 | ip=
0,1,0 | 12,55,12 | S=(0,0);(0,1);(2,2) | I= | sp=883,93,96 | ip=
0,1,0 | 12,55,12 | S=(0,0);(0,1);(2,2) | I= | sp=883,93,35 | ip=
0,1,0 | 12,55,12 | S=(0,0);(0,1);(2,2) | I= | sp=883,93,45 | ip=
0,1,0 | 12,55,12 | S=(0,0);(0,1);(2,2) | I= | sp=883,93,55 | ip=
0,1,0 | 12,55,12 | S=(0,0);(0,1);(2,2) | I= | sp=883,93,99930 | ip=
0,1,0 | 12,55,12 | S=(0,0);(0,1);(2,2) | I= | sp=883,93,945 | ip=
0,1,0 | 12,55,12 | S=(0,0);(0,1);(2,2) | I= | sp=884,882,886 | ip=
0,1,0 | 12,55,12 | S=(0,0);(0,1);(2,2) | I= | sp=884,882,94 | ip=
0,1,0 | 12,55,12 | S=(0,0);(0,1);(2,2) | I= | sp=884,882,996 | ip=
0,1,0 | 12,55,12 | S=(0,0);(0,1);(2,2) | I= | sp=884,882,919 | ip=
0,1,0 | 12,55,12 | S=(0,0);(0,1);(2,2) | I= | sp=884,882,9915 | ip=
0,1,0 | 12,55,12 | S=(0,0);(0,1);(2,2) | I= | sp=884,882,946 | ip=
0,1,0 | 12,55,12 | S=(0,0);(0,1);(2,2) | I= | sp=885,1,886 | ip=
0,1,0 | 12,55,12 | S=(0,0);(0,1);(2,2) | I= | sp=885,1,94 | ip=
0,1,0 | 12,55,12 | S=(0,0);(0,1);(2,2) | I= | sp=885,1,996 | ip=
0,1,0 | 12,55,12 | S=(0,0);(0,1);(2,2) | I= | sp=885,1,919 | ip=
0,1,0 | 12,55,12 | S=(0,0);(0,1);(2,2) | I= | sp=885,1,9915 | ip=
0,1,0 | 12,55,12 | S=(0,0);(0,1);(2,2) | I= | sp=885,1,946 | ip=
0,1,0 | 12,55,12 | S=(0,0);(0,1);(2,2) | I= | sp=24,882,886 | ip=
0,1,0 | 12,55,12 | S=(0,0);(0,1);(2,2) | I= | sp=24,882,94 | ip=
0,1,0 | 12,55,12 | S=(0,0);(0,1);(2,2) | I= | sp=24,882,996 | ip=
0,1,0 | 12,55,12 | S=(0,0);(0,1);(2,2) | I= | sp=24,882,919 | ip=
0,1,0 | 12,55,12 | S=(0,0);(0,1);(2,2) | I= | sp=24,882,9915 | ip=
0,1,0 | 12,55,12 | S=(0,0);(0,1);(2,2) | I= | sp=24,882,946 | ip=
0,1,0 | 12,55,12 | S=(0,0);(0,1);(2,2) | I= | sp=93,883,885 | ip=
0,1,0 | 12,55,12 | S=(0,0);(0,1);(2,2) | I= | sp=93,883,96 | ip=
0,1,0 | 12,55,12 | S=(0,0);(0,1);(2,2) | I= | sp=93,883,35 | ip=
0,1,0 | 12,55,12 | S=(0,0);(0,1);(2,2) | I= | sp=93,883,45 | ip=
0,1,0 | 12,55,12 | S=(0,0);(0,1);(2,2) | I= | sp=93,883,55 | ip=
0,1,0 | 12,55,12 | S=(0,0);(0,1);(2,2) | I= | sp=93,883,99930 | ip=
0,1,0 | 12,55,12 | S=(0,0);(0,1);(2,2) | I= | sp=93,883,945 | ip=
0,1,0 | 12,55,12 | S=(0,0);(0,1);(2,2) | I= | sp=96,1,886 | ip=
0,1,0 | 12,55,12 | S=(0,0);(0,1);(2,2) | I= | sp=96,1,94 | ip=
0,1,0 | 12,55,12 | S=(0,0);(0,1);(2,2) | I= | sp=96,1,996 | ip=
0,1,0 | 12,55,12 | S=(0,0);(0,1);(2,2) | I= | sp=96,1,919 | ip=
0,1,0 | 12,55,12 | S=(0,0);(0,1);(2,2) | I= | sp=96,1,9915 | ip=
0,1,0 | 12,55,12 | S=(0,0);(0,1);(2,2) | I= | sp=96,1,946 | ip=
0,1,0 | 12,55,12 | S=(0,0);(0,1);(2,2) | I= | sp=35,1,886 | ip=
0,1,0 | 12,55,12 | S=(0,0);(0,1);(2,2) | I= | sp=35,1,94 | ip=
0,1,0 | 12,55,12 | S=(0,0);(0,1);(2,2) | I= | sp=35,1,996 | ip=
0,1,0 | 12,55,12 | S=(0,0);(0,1);(2,2) | I= | sp=35,1,919 | ip=
0,1,0 | 12,55,12 | S=(0,0);(0,1);(2,2) | I= | sp=35,1,9915 | ip=
0,1,0 | 12,55,12 | S=(0,0);(0,1);(2,2) | I= | sp=35,1,946 | ip=
0,1,0 | 12,55,12 | S=(0,0);(0,1);(2,2) | I= | sp=45,1,886 | ip=
0,1,0 | 12,55,12 | S=(0,0);(0,1);(2,2) | I= | sp=45,1,94 | ip=
0,1,0 | 12,55,12 | S=(0,0);(0,1);(2,2) | I= | sp=45,1,996 | ip=
0,1,0 | 12,55,12 | S=(0,0);(0,1);(2,2) | I= | sp=45,1,919 | ip=
0,1,0 | 12,55,12 | S=(0,0);(0,1);(2,2) | I= | sp=45,1,9915 | ip=
0,1,0 | 12,55,12 | S=(0,0);(0,1);(2,2) | I= | sp=45,1,946 | ip=
0,1,0 | 12,55,12 | S=(0,0);(0,1);(2,2) | I= | sp=55,1,886 | ip=
0,1,0 | 12,55,12 | S=(0,0);(0,1);(2,2) | I= | sp=55,1,94 | ip=
0,1,0 | 12,55,12 | S=(0,0);(0,1);(2,2) | I= | sp=55,1,996 | ip=
0,1,0 | 12,55,12 | S=(0,0);(0,1);(2,2) | I= | sp=55,1,919 | ip=
0,1,0 | 12,55,12 | S=(0,0);(0,1);(2,2) | I= | sp=55,1,9915 | ip=
0,1,0 | 12,55,12 | S=(0,0);(0,1);(2,2) | I= | sp=55,1,946 | ip=
0,1,0 | 12,55,12 | S=(0,0);(0,1);(2,2) | I= | sp=99930,1,886 | ip=
0,1,0 | 12,55,12 | S=(0,0);(0,1);(2,2) | I= | sp=99930,1,94 | ip=
0,1,0 | 12,55,12 | S=(0,0);(0,1);(2,2) | I= | sp=99930,1,996 | ip=
0,1,0 | 12,55,12 | S=(0,0);(0,1);(2,2) | I= | sp=99930,1,919 | ip=
0,1,0 | 12,55,12 | S=(0,0);(0,1);(2,2) | I= | sp=99930,1,9915 | ip=
0,1,0 | 12,55,12 | S=(0,0);(0,1);(2,2) | I= | sp=99930,1,946 | ip=
0,1,0 | 12,55,12 | S=(0,0);(0,1);(2,2) | I= | sp=9912,882,885 | ip=
0,1,0 | 12,55,12 | S=(0,0);(0,1);(2,2) | I= | sp=9912,882,96 | ip=
0,1,0 | 12,55,12 | S=(0,0);(0,1);(2,2) | I= | sp=9912,882,35 | ip=
0,1,0 | 12,55,12 | S=(0,0);(0,1);(2,2) | I= | sp=9912,882,45 | ip=
0,1,0 | 12,55,12 | S=(0,0);(0,1);(2,2) | I= | sp=9912,882,55 | ip=
0,1,0 | 12,55,12 | S=(0,0);(0,1);(2,2) | I= | sp=9912,882,99930 | ip=
0,1,0 | 12,55,12 | S=(0,0);(0,1);(2,2) | I= | sp=9912,882,945 | ip=
0,1,0 | 12,55,12 | S=(0,0);(0,1);(2,2) | I= | sp=918,882,947 | ip=
0,1,0 | 12,55,12 | S=(0,0);(0,1);(2,2) | I= | sp=920,882,883 | ip=
0,1,0 | 12,55,12 | S=(0,0);(0,1);(2,2) | I= | sp=921,882,882 | ip=
0,1,0 | 12,55,12 | S=(0,0);(0,1);(2,2) | I= | sp=922,882,884 | ip=
0,1,0 | 12,55,12 | S=(0,0);(0,1);(2,2) | I= | sp=922,882,24 | ip=
0,1,0 | 12,55,12 | S=(0,0);(0,1);(2,2) | I= | sp=945,1,886 | ip=
0,1,0 | 12,55,12 | S=(0,0);(0,1);(2,2) | I= | sp=945,1,94 | ip=
0,1,0 | 12,55,12 | S=(0,0);(0,1);(2,2) | I= | sp=945,1,996 | ip=
0,1,0 | 12,55,12 | S=(0,0);(0,1);(2,2) | I= | sp=945,1,919 | ip=
0,1,0 | 12,55,12 | S=(0,0);(0,1);(2,2) | I= | sp=945,1,9915 | ip=
0,1,0 | 12,55,12 | S=(0,0);(0,1);(2,2) | I= | sp=945,1,946 | ip=
0,1,0 | 12,55,12 | S=(0,0);(0,1);(2,2) | I= | sp=947,1,885 | ip=
0,1,0 | 12,55,12 | S=(0,0);(0,1);(2,2) | I= | sp=947,1,96 | ip=
0,1,0 | 12,55,12 | S=(0,0);(0,1);(2,2) | I= | sp=947,1,35 | ip=
0,1,0 | 12,55,12 | S=(0,0);(0,1);(2,2) | I= | sp=947,1,45 | ip=
0,1,0 | 12,55,12 | S=(0,0);(0,1);(2,2) | I= | sp=947,1,55 | ip=
0,1,0 | 12,55,12 | S=(0,0);(0,1);(2,2) | I= | sp=947,1,99930 | ip=
0,1,0 | 12,55,12 | S=(0,0);(0,1);(2,2) | I= | sp=947,1,945 | ip=
