0,1,0 | 4,11,4 | S=(0,0);(0,1) | I= | sp=1,916 | ip=
0,1,0 | 4,11,4 | S=(0,0);(0,1) | I= | sp=916,1 | ip=
0,1,0 | 6,22,4 | S=(0,0);(0,1) | I= | sp=1,97 | ip=
0,1,0 | 6,22,4 | S=(0,0);(0,1) | I= | sp=882,912 | ip=
0,1,0 | 6,22,4 | S=(0,0);(0,1) | I= | sp=22,912 | ip=
0,1,0 | 6,22,4 | S=(0,0);(0,1) | I= | sp=97,1 | ip=
0,1,0 | 6,22,4 | S=(0,0);(0,1) | I= | sp=912,882 | ip=
0,1,0 | 6,22,4 | S=(0,0);(0,1) | I= | sp=912,22 | ip=
0,1,0 | 6,22,6 | S=(0,0);(0,1) | I= | sp=1,936 | ip=
0,1,0 | 6,22,6 | S=(0,0);(0,1) | I= | sp=936,1 | ip=
0,1,0 | 6,32,4 | S=(0,0);(0,1) | I= | sp=1,912 | ip=
0,1,0 | 6,32,4 | S=(0,0);(0,1) | I= | sp=912,1 | ip=
0,1,0 | 6,33,4 | S=(0,0);(0,1) | I= | sp=1,1 | ip=
0,1,0 | 6,331,4 | S=(0,0);(0,1) | I= | sp=1,1 | ip=
0,1,0 | 6,34,6 | S=(0,0);(0,1) | I= | sp=1,912 | ip=
0,1,0 | 6,34,6 | S=(0,0);(0,1) | I= | sp=912,1 | ip=
0,1,0 | 6,35,6 | S=(0,0);(0,1) | I= | sp=1,1 | ip=
0,1,0 | 6,35,7 | S=(0,0);(0,1) | I= | sp=1,912 | ip=
0,1,0 | 6,35,7 | S=(0,0);(0,1) | I= | sp=912,1 | ip=
0,1,0 | 7,32,4 | S=(0,0);(0,1) | I= | sp=1,97 | ip=
0,1,0 | 7,32,4 | S=(0,0);(0,1) | I= | sp=97,1 | ip=
0,1,0 | 7,33,4 | S=(0,0);(0,1) | I= | sp=1,882 | ip=
0,1,0 | 7,33,4 | S=(0,0);(0,1) | I= | sp=882,1 | ip=
0,1,0 | 7,33,6 | S=(0,0);(0,1) | I= | sp=1,98 | ip=
0,1,0 | 7,33,6 | S=(0,0);(0,1) | I= | sp=98,1 | ip=
0,1,0 | 7,43,4 | S=(0,0);(0,1) | I= | sp=1,1 | ip=
0,1,0 | 7,45,6 | S=(0,0);(0,1) | I= | sp=1,1 | ip=
0,1,0 | 8,32,4 | S=(0,0);(0,1) | I= | sp=1,93 | ip=
0,1,0 | 8,32,4 | S=(0,0);(0,1) | I= | sp=1,9913 | ip=
0,1,0 | 8,32,4 | S=(0,0);(0,1) | I= | sp=1,925 | ip=
0,1,0 | 8,32,4 | S=(0,0);(0,1) | I= | sp=882,97 | ip=
0,1,0 | 8,32,4 | S=(0,0);(0,1) | I= | sp=93,1 | ip=
0,1,0 | 8,32,4 | S=(0,0);(0,1) | I= | sp=97,882 | ip=
0,1,0 | 8,32,4 | S=(0,0);(0,1) | I= | sp=9913,1 | ip=
0,1,0 | 8,32,4 | S=(0,0);(0,1) | I= | sp=925,1 | ip=
0,1,0 | 8,33,4 | S=(0,0);(0,1) | I= | sp=1,883 | ip=
0,1,0 | 8,33,4 | S=(0,0);(0,1) | I= | sp=1,23 | ip=
0,1,0 | 8,33,4 | S=(0,0);(0,1) | I= | sp=1,33 | ip=
0,1,0 | 8,33,4 | S=(0,0);(0,1) | I= | sp=882,882 | ip=
0,1,0 | 8,33,4 | S=(0,0);(0,1) | I= | sp=883,1 | ip=
0,1,0 | 8,33,4 | S=(0,0);(0,1) | I= | sp=23,1 | ip=
0,1,0 | 8,33,4 | S=(0,0);(0,1) | I= | sp=33,1 | ip=
0,1,0 | 8,33,6 | S=(0,0);(0,1) | I= | sp=1,929 | ip=
0,1,0 | 8,33,6 | S=(0,0);(0,1) | I= | sp=882,98 | ip=
0,1,0 | 8,33,6 | S=(0,0);(0,1) | I= | sp=98,882 | ip=
0,1,0 | 8,33,6 | S=(0,0);(0,1) | I= | sp=929,1 | ip=
0,1,0 | 8,33,7 | S=(0,0);(0,1) | I= | sp=1,927 | ip=
0,1,0 | 8,33,7 | S=(0,0);(0,1) | I= | sp=927,1 | ip=
0,1,0 | 8,33,8 | S=(0,0);(0,1) | I= | sp=1,928 | ip=
0,1,0 | 8,33,8 | S=(0,0);(0,1) | I= | sp=928,1 | ip=
0,1,0 | 8,42,4 | S=(0,0);(0,1) | I= | sp=1,97 | ip=
0,1,0 | 8,42,4 | S=(0,0);(0,1) | I= | sp=97,1 | ip=
0,1,0 | 8,43,4 | S=(0,0);(0,1) | I= | sp=1,882 | ip=
0,1,0 | 8,43,4 | S=(0,0);(0,1) | I= | sp=882,1 | ip=
0,1,0 | 8,43,6 | S=(0,0);(0,1) | I= | sp=1,98 | ip=
0,1,0 | 8,43,6 | S=(0,0);(0,1) | I= | sp=98,1 | ip=
0,1,0 | 8,44,6 | S=(0,0);(0,1) | I= | sp=1,97 | ip=
0,1,0 | 8,44,6 | S=(0,0);(0,1) | I= | sp=97,1 | ip=
0,1,0 | 8,44,7 | S=(0,0);(0,1) | I= | sp=1,98 | ip=
0,1,0 | 8,44,7 | S=(0,0);(0,1) | I= | sp=98,1 | ip=
0,1,0 | 8,53,4 | S=(0,0);(0,1) | I= | sp=1,1 | ip=
0,1,0 | 8,45,6 | S=(0,0);(0,1) | I= | sp=1,882 | ip=
0,1,0 | 8,45,6 | S=(0,0);(0,1) | I= | sp=882,1 | ip=
0,1,0 | 8,45,7 | S=(0,0);(0,1) | I= | sp=1,97 | ip=
0,1,0 | 8,45,7 | S=(0,0);(0,1) | I= | sp=97,1 | ip=
0,1,0 | 8,45,8 | S=(0,0);(0,1) | I= | sp=1,98 | ip=
0,1,0 | 8,45,8 | S=(0,0);(0,1) | I= | sp=98,1 | ip=
0,1,0 | 8,55,6 | S=(0,0);(0,1) | I= | sp=1,1 | ip=
0,1,0 | 12,42,4 | S=(0,0);(0,1) | I= | sp=882,947 | ip=
0,1,0 | 12,42,4 | S=(0,0);(0,1) | I= | sp=883,9912 | ip=
0,1,0 | 12,42,4 | S=(0,0);(0,1) | I= | sp=884,93 | ip=
0,1,0 | 12,42,4 | S=(0,0);(0,1) | I= | sp=24,93 | ip=
0,1,0 | 12,42,4 | S=(0,0);(0,1) | I= | sp=93,884 | ip=
0,1,0 | 12,42,4 | S=(0,0);(0,1) | I= | sp=93,24 | ip=
0,1,0 | 12,42,4 | S=(0,0);(0,1) | I= | sp=9912,883 | ip=
0,1,0 | 12,42,4 | S=(0,0);(0,1) | I= | sp=947,882 | ip=
0,1,0 | 12,53,4 | S=(0,0);(0,1) | I= | sp=1,885 | ip=
0,1,0 | 12,53,4 | S=(0,0);(0,1) | I= | sp=1,96 | ip=
0,1,0 | 12,53,4 | S=(0,0);(0,1) | I= | sp=1,35 | ip=
0,1,0 | 12,53,4 | S=(0,0);(0,1) | I= | sp=1,45 | ip=
0,1,0 | 12,53,4 | S=(0,0);(0,1) | I= | sp=1,55 | ip=
0,1,0 | 12,53,4 | S=(0,0);(0,1) | I= | sp=1,99930 | ip=
0,1,0 | 12,53,4 | S=(0,0);(0,1) | I= | sp=1,945 | ip=
0,1,0 | 12,53,4 | S=(0,0);(0,1) | I= | sp=882,884 | ip=
0,1,0 | 12,53,4 | S=(0,0);(0,1) | I= | sp=882,24 | ip=
0,1,0 | 12,53,4 | S=(0,0);(0,1) | I= | sp=883,883 | ip=
0,1,0 | 12,53,4 | S=(0,0);(0,1) | I= | sp=884,882 | ip=
0,1,0 | 12,53,4 | S=(0,0);(0,1) | I= | sp=885,1 | ip=
0,1,0 | 12,53,4 | S=(0,0);(0,1) | I= | sp=24,882 | ip=
0,1,0 | 12,53,4 | S=(0,0);(0,1) | I= | sp=96,1 | ip=
0,1,0 | 12,53,4 | S=(0,0);(0,1) | I= | sp=35,1 | ip=
0,1,0 | 12,53,4 | S=(0,0);(0,1) | I= | sp=45,1 | ip=
0,1,0 | 12,53,4 | S=(0,0);(0,1) | I= | sp=55,1 | ip=
0,1,0 | 12,53,4 | S=(0,0);(0,1) | I= | sp=99930,1 | ip=
0,1,0 | 12,53,4 | S=(0,0);(0,1) | I= | sp=945,1 | ip=
0,1,0 | 12,53,6 | S=(0,0);(0,1) | I= | sp=882,922 | ip=
0,1,0 | 12,53,6 | S=(0,0);(0,1) | I= | sp=922,882 | ip=
0,1,0 | 12,54,6 | S=(0,0);(0,1) | I= | sp=1,947 | ip=
0,1,0 | 12,54,6 | S=(0,0);(0,1) | I= | sp=882,9912 | ip=
0,1,0 | 12,54,6 | S=(0,0);(0,1) | I= | sp=883,93 | ip=
0,1,0 | 12,54,6 | S=(0,0);(0,1) | I= | sp=93,883 | ip=
0,1,0 | 12,54,6 | S=(0,0);(0,1) | I= | sp=9912,882 | ip=
0,1,0 | 12,54,6 | S=(0,0);(0,1) | I= | sp=947,1 | ip=
0,1,0 | 12,54,7 | S=(0,0);(0,1) | I= | sp=882,922 | ip=
0,1,0 | 12,54,7 | S=(0,0);(0,1) | I= | sp=922,882 | ip=
0,1,0 | 12,54,8 | S=(0,0);(0,1) | I= | sp=882,920 | ip=
0,1,0 | 12,54,8 | S=(0,0);(0,1) | I= | sp=920,882 | ip=
0,1,0 | 12,55,6 | S=(0,0);(0,1) | I= | sp=1,885 | ip=
0,1,0 | 12,55,6 | S=(0,0);(0,1) | I= | sp=1,96 | ip=
0,1,0 | 12,55,6 | S=(0,0);(0,1) | I= | sp=1,35 | ip=
0,1,0 | 12,55,6 | S=(0,0);(0,1) | I= | sp=1,45 | ip=
0,1,0 | 12,55,6 | S=(0,0);(0,1) | I= | sp=1,55 | ip=
0,1,0 | 12,55,6 | S=(0,0);(0,1) | I= | sp=1,99930 | ip=
0,1,0 | 12,55,6 | S=(0,0);(0,1) | I= | sp=1,945 | ip=
0,1,0 | 12,55,6 | S=(0,0);(0,1) | I= | sp=882,884 | ip=
0,1,0 | 12,55,6 | S=(0,0);(0,1) | I= | sp=882,24 | ip=
0,1,0 | 12,55,6 | S=(0,0);(0,1) | I= | sp=883,883 | ip=
0,1,0 | 12,55,6 | S=(0,0);(0,1) | I= | sp=884,882 | ip=
0,1,0 | 12,55,6 | S=(0,0);(0,1) | I= | sp=885,1 | ip=
0,1,0 | 12,55,6 | S=(0,0);(0,1) | I= | sp=24,882 | ip=
0,1,0 | 12,55,6 | S=(0,0);(0,1) | I= | sp=96,1 | ip=
0,1,0 | 12,55,6 | S=(0,0);(0,1) | I= | sp=35,1 | ip=
0,1,0 | 12,55,6 | S=(0,0);(0,1) | I= | sp=45,1 | ip=
0,1,0 | 12,55,6 | S=(0,0);(0,1) | I= | sp=55,1 | ip=
0,1,0 | 12,55,6 | S=(0,0);(0,1) | I= | sp=99930,1 | ip=
0,1,0 | 12,55,6 | S=(0,0);(0,1) | I= | sp=945,1 | ip=
0,1,0 | 12,55,7 | S=(0,0);(0,1) | I= | sp=1,947 | ip=
0,1,0 | 12,55,7 | S=(0,0);(0,1) | I= | sp=882,9912 | ip=
0,1,0 | 12,55,7 | S=(0,0);(0,1) | I= | sp=883,93 | ip=
0,1,0 | 12,55,7 | S=(0,0);(0,1) | I= | sp=93,883 | ip=
0,1,0 | 12,55,7 | S=(0,0);(0,1) | I= | sp=9912,882 | ip=
0,1,0 | 12,55,7 | S=(0,0);(0,1) | I= | sp=947,1 | ip=
0,1,0 | 12,55,8 | S=(0,0);(0,1) | I= | sp=882,922 | ip=
0,1,0 | 12,55,8 | S=(0,0);(0,1) | I= | sp=922,882 | ip=
