0,1,0,1,0,1,0,1,0,1,0,1,0,1,0,1,0,1,0,1,0 | 6,33,8,33,8,33,8,33,8,33,8,33,8,33,8,33,8,33,8,33,4 | S=(0,0);(0,1) | I= | sp=1,1 | ip=
0,1,0,1,0,1,0,1,0,1,0,1,0,1,0,1,0,1,0,1,0 | 6,35,12,55,12,55,12,55,12,55,12,55,12,55,12,55,12,55,12,53,4 | S=(0,0);(0,1) | I= | sp=1,1 | ip=
0,1,0,1,0,1,0,1,0,1,0,1,0,1,0,1,0,1,0,1,0 | 6,35,12,55,12,55,12,55,12,55,12,55,12,55,12,55,12,55,12,55,6 | S=(0,0);(0,1) | I= | sp=1,1 | ip=
0,1,0,1,0,1,0,1,0,1,0,1,0,1,0,1,0,1,0,1,0 | 7,33,8,33,8,33,8,33,8,33,8,33,8,33,8,33,8,33,8,33,4 | S=(0,0);(0,1) | I= | sp=1,882 | ip=
0,1,0,1,0,1,0,1,0,1,0,1,0,1,0,1,0,1,0,1,0 | 7,33,8,33,8,33,8,33,8,33,8,33,8,33,8,33,8,33,8,33,4 | S=(0,0);(0,1) | I= | sp=882,1 | ip=
0,1,0,1,0,1,0,1,0,1,0,1,0,1,0,1,0,1,0,1,0 | 7,45,12,55,12,55,12,55,12,55,12,55,12,55,12,55,12,55,12,53,4 | S=(0,0);(0,1) | I= | sp=1,1 | ip=
0,1,0,1,0,1,0,1,0,1,0,1,0,1,0,1,0,1,0,1,0 | 7,45,12,55,12,55,12,55,12,55,12,55,12,55,12,55,12,55,12,55,6 | S=(0,0);(0,1) | I= | sp=1,1 | ip=
0,1,0,1,0,1,0,1,0,1,0,1,0,1,0,1,0,1,0,1,0 | 8,33,8,33,8,33,8,33,8,33,8,33,8,33,8,33,8,33,8,33,4 | S=(0,0);(0,1) | I= | sp=1,883 | ip=
0,1,0,1,0,1,0,1,0,1,0,1,0,1,0,1,0,1,0,1,0 | 8,33,8,33,8,33,8,33,8,33,8,33,8,33,8,33,8,33,8,33,4 | S=(0,0);(0,1) | I= | sp=1,23 | ip=
0,1,0,1,0,1,0,1,0,1,0,1,0,1,0,1,0,1,0,1,0 | 8,33,8,33,8,33,8,33,8,33,8,33,8,33,8,33,8,33,8,33,4 | S=(0,0);(0,1) | I= | sp=1,33 | ip=
0,1,0,1,0,1,0,1,0,1,0,1,0,1,0,1,0,1,0,1,0 | 8,33,8,33,8,33,8,33,8,33,8,33,8,33,8,33,8,33,8,33,4 | S=(0,0);(0,1) | I= | sp=882,882 | ip=
0,1,0,1,0,1,0,1,0,1,0,1,0,1,0,1,0,1,0,1,0 | 8,33,8,33,8,33,8,33,8,33,8,33,8,33,8,33,8,33,8,33,4 | S=(0,0);(0,1) | I= | sp=883,1 | ip=
0,1,0,1,0,1,0,1,0,1,0,1,0,1,0,1,0,1,0,1,0 | 8,33,8,33,8,33,8,33,8,33,8,33,8,33,8,33,8,33,8,33,4 | S=(0,0);(0,1) | I= | sp=23,1 | ip=
0,1,0,1,0,1,0,1,0,1,0,1,0,1,0,1,0,1,0,1,0 | 8,33,8,33,8,33,8,33,8,33,8,33,8,33,8,33,8,33,8,33,4 | S=(0,0);(0,1) | I= | sp=33,1 | ip=
0,1,0,1,0,1,0,1,0,1,0,1,0,1,0,1,0,1,0,1,0 | 8,45,12,55,12,55,12,55,12,55,12,55,12,55,12,55,12,55,12,53,4 | S=(0,0);(0,1) | I= | sp=1,882 | ip=
0,1,0,1,0,1,0,1,0,1,0,1,0,1,0,1,0,1,0,1,0 | 8,45,12,55,12,55,12,55,12,55,12,55,12,55,12,55,12,55,12,53,4 | S=(0,0);(0,1) | I= | sp=882,1 | ip=
0,1,0,1,0,1,0,1,0,1,0,1,0,1,0,1,0,1,0,1,0 | 8,45,12,55,12,55,12,55,12,55,12,55,12,55,12,55,12,55,12,55,6 | S=(0,0);(0,1) | I= | sp=1,882 | ip=
0,1,0,1,0,1,0,1,0,1,0,1,0,1,0,1,0,1,0,1,0 | 8,45,12,55,12,55,12,55,12,55,12,55,12,55,12,55,12,55,12,55,6 | S=(0,0);(0,1) | I= | sp=882,1 | ip=
0,1,0,1,0,1,0,1,0,1,0,1,0,1,0,1,0,1,0,1,0 | 8,55,12,55,12,55,12,55,12,55,12,55,12,55,12,55,12,55,12,53,4 | S=(0,0);(0,1) | I= | sp=1,1 | ip=
0,1,0,1,0,1,0,1,0,1,0,1,0,1,0,1,0,1,0,1,0 | 8,55,12,55,12,55,12,55,12,55,12,55,12,55,12,55,12,55,12,55,6 | S=(0,0);(0,1) | I= | sp=1,1 | ip=
0,1,0,1,0,1,0,1,0,1,0,1,0,1,0,1,0,1,0,1,0 | 12,55,12,55,12,55,12,55,12,55,12,55,12,55,12,55,12,55,12,53,4 | S=(0,0);(0,1) | I= | sp=1,885 | ip=
0,1,0,1,0,1,0,1,0,1,0,1,0,1,0,1,0,1,0,1,0 | 12,55,12,55,12,55,12,55,12,55,12,55,12,55,12,55,12,55,12,53,4 | S=(0,0);(0,1) | I= | sp=1,96 | ip=
0,1,0,1,0,1,0,1,0,1,0,1,0,1,0,1,0,1,0,1,0 | 12,55,12,55,12,55,12,55,12,55,12,55,12,55,12,55,12,55,12,53,4 | S=(0,0);(0,1) | I= | sp=1,35 | ip=
0,1,0,1,0,1,0,1,0,1,0,1,0,1,0,1,0,1,0,1,0 | 12,55,12,55,12,55,12,55,12,55,12,55,12,55,12,55,12,55,12,53,4 | S=(0,0);(0,1) | I= | sp=1,45 | ip=
0,1,0,1,0,1,0,1,0,1,0,1,0,1,0,1,0,1,0,1,0 | 12,55,12,55,12,55,12,55,12,55,12,55,12,55,12,55,12,55,12,53,4 | S=(0,0);(0,1) | I= | sp=1,55 | ip=
0,1,0,1,0,1,0,1,0,1,0,1,0,1,0,1,0,1,0,1,0 | 12,55,12,55,12,55,12,55,12,55,12,55,12,55,12,55,12,55,12,53,4 | S=(0,0);(0,1) | I= | sp=1,99930 | ip=
0,1,0,1,0,1,0,1,0,1,0,1,0,1,0,1,0,1,0,1,0 | 12,55,12,55,12,55,12,55,12,55,12,55,12,55,12,55,12,55,12,53,4 | S=(0,0);(0,1) | I= | sp=1,945 | ip=
0,1,0,1,0,1,0,1,0,1,0,1,0,1,0,1,0,1,0,1,0 | 12,55,12,55,12,55,12,55,12,55,12,55,12,55,12,55,12,55,12,53,4 | S=(0,0);(0,1) | I= | sp=882,884 | ip=
0,1,0,1,0,1,0,1,0,1,0,1,0,1,0,1,0,1,0,1,0 | 12,55,12,55,12,55,12,55,12,55,12,55,12,55,12,55,12,55,12,53,4 | S=(0,0);(0,1) | I= | sp=882,24 | ip=
0,1,0,1,0,1,0,1,0,1,0,1,0,1,0,1,0,1,0,1,0 | 12,55,12,55,12,55,12,55,12,55,12,55,12,55,12,55,12,55,12,53,4 | S=(0,0);(0,1) | I= | sp=883,883 | ip=
0,1,0,1,0,1,0,1,0,1,0,1,0,1,0,1,0,1,0,1,0 | 12,55,12,55,12,55,12,55,12,55,12,55,12,55,12,55,12,55,12,53,4 | S=(0,0);(0,1) | I= | sp=884,882 | ip=
0,1,0,1,0,1,0,1,0,1,0,1,0,1,0,1,0,1,0,1,0 | 12,55,12,55,12,55,12,55,12,55,12,55,12,55,12,55,12,55,12,53,4 | S=(0,0);(0,1) | I= | sp=885,1 | ip=
0,1,0,1,0,1,0,1,0,1,0,1,0,1,0,1,0,1,0,1,0 | 12,55,12,55,12,55,12,55,12,55,12,55,12,55,12,55,12,55,12,53,4 | S=(0,0);(0,1) | I= | sp=24,882 | ip=
0,1,0,1,0,1,0,1,0,1,0,1,0,1,0,1,0,1,0,1,0 | 12,55,12,55,12,55,12,55,12,55,12,55,12,55,12,55,12,55,12,53,4 | S=(0,0);(0,1) | I= | sp=96,1 | ip=
0,1,0,1,0,1,0,1,0,1,0,1,0,1,0,1,0,1,0,1,0 | 12,55,12,55,12,55,12,55,12,55,12,55,12,55,12,55,12,55,12,53,4 | S=(0,0);(0,1) | I= | sp=35,1 | ip=
0,1,0,1,0,1,0,1,0,1,0,1,0,1,0,1,0,1,0,1,0 | 12,55,12,55,12,55,12,55,12,55,12,55,12,55,12,55,12,55,12,53,4 | S=(0,0);(0,1) | I= | sp=45,1 | ip=
0,1,0,1,0,1,0,1,0,1,0,1,0,1,0,1,0,1,0,1,0 | 12,55,12,55,12,55,12,55,12,55,12,55,12,55,12,55,12,55,12,53,4 | S=(0,0);(0,1) | I= | sp=55,1 | ip=
0,1,0,1,0,1,0,1,0,1,0,1,0,1,0,1,0,1,0,1,0 | 12,55,12,55,12,55,12,55,12,55,12,55,12,55,12,55,12,55,12,53,4 | S=(0,0);(0,1) | I= | sp=99930,1 | ip=
0,1,0,1,0,1,0,1,0,1,0,1,0,1,0,1,0,1,0,1,0 | 12,55,12,55,12,55,12,55,12,55,12,55,12,55,12,55,12,55,12,53,4 | S=(0,0);(0,1) | I= | sp=945,1 | ip=
0,1,0,1,0,1,0,1,0,1,0,1,0,1,0,1,0,1,0,1,0 | 12,55,12,55,12,55,12,55,12,55,12,55,12,55,12,55,12,55,12,55,6 | S=(0,0);(0,1) | I= | sp=1,885 | ip=
0,1,0,1,0,1,0,1,0,1,0,1,0,1,0,1,0,1,0,1,0 | 12,55,12,55,12,55,12,55,12,55,12,55,12,55,12,55,12,55,12,55,6 | S=(0,0);(0,1) | I= | sp=1,96 | ip=
0,1,0,1,0,1,0,1,0,1,0,1,0,1,0,1,0,1,0,1,0 | 12,55,12,55,12,55,12,55,12,55,12,55,12,55,12,55,12,55,12,55,6 | S=(0,0);(0,1) | I= | sp=1,35 | ip=
0,1,0,1,0,1,0,1,0,1,0,1,0,1,0,1,0,1,0,1,0 | 12,55,12,55,12,55,12,55,12,55,12,55,12,55,12,55,12,55,12,55,6 | S=(0,0);(0,1) | I= | sp=1,45 | ip=
0,1,0,1,0,1,0,1,0,1,0,1,0,1,0,1,0,1,0,1,0 | 12,55,12,55,12,55,12,55,12,55,12,55,12,55,12,55,12,55,12,55,6 | S=(0,0);(0,1) | I= | sp=1,55 | ip=
0,1,0,1,0,1,0,1,0,1,0,1,0,1,0,1,0,1,0,1,0 | 12,55,12,55,12,55,12,55,12,55,12,55,12,55,12,55,12,55,12,55,6 | S=(0,0);(0,1) | I= | sp=1,99930 | ip=
0,1,0,1,0,1,0,1,0,1,0,1,0,1,0,1,0,1,0,1,0 | 12,55,12,55,12,55,12,55,12,55,12,55,12,55,12,55,12,55,12,55,6 | S=(0,0);(0,1) | I= | sp=1,945 | ip=
0,1,0,1,0,1,0,1,0,1,0,1,0,1,0,1,0,1,0,1,0 | 12,55,12,55,12,55,12,55,12,55,12,55,12,55,12,55,12,55,12,55,6 | S=(0,0);(0,1) | I= | sp=882,884 | ip=
0,1,0,1,0,1,0,1,0,1,0,1,0,1,0,1,0,1,0,1,0 | 12,55,12,55,12,55,12,55,12,55,12,55,12,55,12,55,12,55,12,55,6 | S=(0,0);(0,1) | I= | sp=882,24 | ip=
0,1,0,1,0,1,0,1,0,1,0,1,0,1,0,1,0,1,0,1,0 | 12,55,12,55,12,55,12,55,12,55,12,55,12,55,12,55,12,55,12,55,6 | S=(0,0);(0,1) | I= | sp=883,883 | ip=
0,1,0,1,0,1,0,1,0,1,0,1,0,1,0,1,0,1,0,1,0 | 12,55,12,55,12,55,12,55,12,55,12,55,12,55,12,55,12,55,12,55,6 | S=(0,0);(0,1) | I= | sp=884,882 | ip=
0,1,0,1,0,1,0,1,0,1,0,1,0,1,0,1,0,1,0,1,0 | 12,55,12,55,12,55,12,55,12,55,12,55,12,55,12,55,12,55,12,55,6 | S=(0,0);(0,1) | I= | sp=885,1 | ip=
0,1,0,1,0,1,0,1,0,1,0,1,0,1,0,1,0,1,0,1,0 | 12,55,12,55,12,55,12,55,12,55,12,55,12,55,12,55,12,55,12,55,6 | S=(0,0);(0,1) | I= | sp=24,882 | ip=
0,1,0,1,0,1,0,1,0,1,0,1,0,1,0,1,0,1,0,1,0 | 12,55,12,55,12,55,12,55,12,55,12,55,12,55,12,55,12,55,12,55,6 | S=(0,0);(0,1) | I= | sp=96,1 | ip=
0,1,0,1,0,1,0,1,0,1,0,1,0,1,0,1,0,1,0,1,0 | 12,55,12,55,12,55,12,55,12,55,12,55,12,55,12,55,12,55,12,55,6 | S=(0,0);(0,1) | I= | sp=35,1 | ip=
0,1,0,1,0,1,0,1,0,1,0,1,0,1,0,1,0,1,0,1,0 | 12,55,12,55,12,55,12,55,12,55,12,55,12,55,12,55,12,55,12,55,6 | S=(0,0);(0,1) | I= | sp=45,1 | ip=
0,1,0,1,0,1,0,1,0,1,0,1,0,1,0,1,0,1,0,1,0 | 12,55,12,55,12,55,12,55,12,55,12,55,12,55,12,55,12,55,12,55,6 | S=(0,0);(0,1) | I= | sp=55,1 | ip=
0,1,0,1,0,1,0,1,0,1,0,1,0,1,0,1,0,1,0,1,0 | 12,55,12,55,12,55,12,55,12,55,12,55,12,55,12,55,12,55,12,55,6 | S=(0,0);(0,1) | I= | sp=99930,1 | ip=
0,1,0,1,0,1,0,1,0,1,0,1,0,1,0,1,0,1,0,1,0 | 12,55,12,55,12,55,12,55,12,55,12,55,12,55,12,55,12,55,12,55,6 | S=(0,0);(0,1) | I= | sp=945,1 | ip=
