0,1,0,1,0 | 4,24,12,42,4 | S=(0,0);(4,1) | I=(2,0) | sp=1,1 | ip=1
0,1,0,1,0 | 4,24,12,53,6 | S=(0,0);(4,1) | I=(2,0) | sp=1,1 | ip=1
0,1,0,1,0 | 4,24,12,53,6 | S=(0,0);(4,1) | I=(2,0) | sp=1,912 | ip=1
0,1,0,1,0 | 4,24,12,54,7 | S=(0,0);(4,1) | I=(2,0) | sp=1,1 | ip=1
0,1,0,1,0 | 4,24,12,54,8 | S=(0,0);(4,1) | I=(2,0) | sp=1,1 | ip=1
0,1,0,1,0 | 4,24,12,54,8 | S=(0,0);(4,1) | I=(2,0) | sp=1,882 | ip=1
0,1,0,1,0 | 4,24,12,54,8 | S=(0,0);(4,1) | I=(2,0) | sp=1,97 | ip=1
0,1,0,1,0 | 4,24,12,54,8 | S=(0,0);(4,1) | I=(2,0) | sp=1,98 | ip=1
0,1,0,1,0 | 4,24,12,55,8 | S=(0,0);(4,1) | I=(2,0) | sp=1,1 | ip=1
0,1,0,1,0 | 4,24,12,55,12 | S=(0,0);(4,1) | I=(2,0) | sp=1,1 | ip=1
0,1,0,1,0 | 4,24,12,55,12 | S=(0,0);(4,1) | I=(2,0) | sp=1,882 | ip=1
0,1,0,1,0 | 4,24,12,55,12 | S=(0,0);(4,1) | I=(2,0) | sp=1,883 | ip=1
0,1,0,1,0 | 4,24,12,55,12 | S=(0,0);(4,1) | I=(2,0) | sp=1,884 | ip=1
0,1,0,1,0 | 4,24,12,55,12 | S=(0,0);(4,1) | I=(2,0) | sp=1,885 | ip=1
0,1,0,1,0 | 4,24,12,55,12 | S=(0,0);(4,1) | I=(2,0) | sp=1,24 | ip=1
0,1,0,1,0 | 4,24,12,55,12 | S=(0,0);(4,1) | I=(2,0) | sp=1,93 | ip=1
0,1,0,1,0 | 4,24,12,55,12 | S=(0,0);(4,1) | I=(2,0) | sp=1,96 | ip=1
0,1,0,1,0 | 4,24,12,55,12 | S=(0,0);(4,1) | I=(2,0) | sp=1,35 | ip=1
0,1,0,1,0 | 4,24,12,55,12 | S=(0,0);(4,1) | I=(2,0) | sp=1,45 | ip=1
0,1,0,1,0 | 4,24,12,55,12 | S=(0,0);(4,1) | I=(2,0) | sp=1,55 | ip=1
0,1,0,1,0 | 4,24,12,55,12 | S=(0,0);(4,1) | I=(2,0) | sp=1,99930 | ip=1
0,1,0,1,0 | 4,24,12,55,12 | S=(0,0);(4,1) | I=(2,0) | sp=1,9912 | ip=1
0,1,0,1,0 | 4,24,12,55,12 | S=(0,0);(4,1) | I=(2,0) | sp=1,918 | ip=1
0,1,0,1,0 | 4,24,12,55,12 | S=(0,0);(4,1) | I=(2,0) | sp=1,920 | ip=1
0,1,0,1,0 | 4,24,12,55,12 | S=(0,0);(4,1) | I=(2,0) | sp=1,921 | ip=1
0,1,0,1,0 | 4,24,12,55,12 | S=(0,0);(4,1) | I=(2,0) | sp=1,922 | ip=1
0,1,0,1,0 | 4,24,12,55,12 | S=(0,0);(4,1) | I=(2,0) | sp=1,945 | ip=1
0,1,0,1,0 | 4,24,12,55,12 | S=(0,0);(4,1) | I=(2,0) | sp=1,947 | ip=1
0,1,0,1,0 | 6,22,6,22,6 | S=(0,0);(4,1) | I=(2,0) | sp=1,1 | ip=1
0,1,0,1,0 | 6,22,6,22,6 | S=(0,0);(4,1) | I=(2,0) | sp=1,882 | ip=1
0,1,0,1,0 | 6,22,6,22,6 | S=(0,0);(4,1) | I=(2,0) | sp=1,22 | ip=1
0,1,0,1,0 | 6,22,6,22,6 | S=(0,0);(4,1) | I=(2,0) | sp=1,912 | ip=1
0,1,0,1,0 | 6,22,6,22,6 | S=(0,0);(4,1) | I=(2,0) | sp=1,934 | ip=1
0,1,0,1,0 | 6,22,6,22,6 | S=(0,0);(4,1) | I=(2,0) | sp=882,1 | ip=1
0,1,0,1,0 | 6,22,6,22,6 | S=(0,0);(4,1) | I=(2,0) | sp=882,912 | ip=1
0,1,0,1,0 | 6,22,6,22,6 | S=(0,0);(4,1) | I=(2,0) | sp=22,1 | ip=1
0,1,0,1,0 | 6,22,6,22,6 | S=(0,0);(4,1) | I=(2,0) | sp=22,912 | ip=1
0,1,0,1,0 | 6,22,6,22,6 | S=(0,0);(4,1) | I=(2,0) | sp=912,1 | ip=1
0,1,0,1,0 | 6,22,6,22,6 | S=(0,0);(4,1) | I=(2,0) | sp=912,882 | ip=1
0,1,0,1,0 | 6,22,6,22,6 | S=(0,0);(4,1) | I=(2,0) | sp=912,22 | ip=1
0,1,0,1,0 | 6,22,6,22,6 | S=(0,0);(4,1) | I=(2,0) | sp=912,912 | ip=1
0,1,0,1,0 | 6,22,6,22,6 | S=(0,0);(4,1) | I=(2,0) | sp=934,1 | ip=1
0,1,0,1,0 | 6,33,8,33,7 | S=(0,0);(4,1) | I=(2,0) | sp=1,1 | ip=1
0,1,0,1,0 | 6,33,8,33,8 | S=(0,0);(4,1) | I=(2,0) | sp=1,1 | ip=1
0,1,0,1,0 | 6,33,8,33,8 | S=(0,0);(4,1) | I=(2,0) | sp=1,882 | ip=1
0,1,0,1,0 | 6,33,8,33,8 | S=(0,0);(4,1) | I=(2,0) | sp=1,97 | ip=1
0,1,0,1,0 | 6,33,8,33,8 | S=(0,0);(4,1) | I=(2,0) | sp=1,98 | ip=1
0,1,0,1,0 | 6,33,8,33,8 | S=(0,0);(4,1) | I=(2,0) | sp=912,1 | ip=1
0,1,0,1,0 | 6,35,12,42,4 | S=(0,0);(4,1) | I=(2,0) | sp=1,1 | ip=1
0,1,0,1,0 | 6,35,12,42,4 | S=(0,0);(4,1) | I=(2,0) | sp=912,1 | ip=1
0,1,0,1,0 | 6,35,12,54,8 | S=(0,0);(4,1) | I=(2,0) | sp=1,1 | ip=1
0,1,0,1,0 | 6,35,12,55,12 | S=(0,0);(4,1) | I=(2,0) | sp=1,1 | ip=1
0,1,0,1,0 | 6,35,12,55,12 | S=(0,0);(4,1) | I=(2,0) | sp=1,882 | ip=1
0,1,0,1,0 | 6,35,12,55,12 | S=(0,0);(4,1) | I=(2,0) | sp=1,883 | ip=1
0,1,0,1,0 | 6,35,12,55,12 | S=(0,0);(4,1) | I=(2,0) | sp=1,884 | ip=1
0,1,0,1,0 | 6,35,12,55,12 | S=(0,0);(4,1) | I=(2,0) | sp=1,24 | ip=1
0,1,0,1,0 | 6,35,12,55,12 | S=(0,0);(4,1) | I=(2,0) | sp=1,93 | ip=1
0,1,0,1,0 | 6,35,12,55,12 | S=(0,0);(4,1) | I=(2,0) | sp=1,9912 | ip=1
0,1,0,1,0 | 6,35,12,55,12 | S=(0,0);(4,1) | I=(2,0) | sp=1,918 | ip=1
0,1,0,1,0 | 6,35,12,55,12 | S=(0,0);(4,1) | I=(2,0) | sp=1,920 | ip=1
0,1,0,1,0 | 6,35,12,55,12 | S=(0,0);(4,1) | I=(2,0) | sp=1,921 | ip=1
0,1,0,1,0 | 6,35,12,55,12 | S=(0,0);(4,1) | I=(2,0) | sp=1,922 | ip=1
0,1,0,1,0 | 6,35,12,55,12 | S=(0,0);(4,1) | I=(2,0) | sp=912,1 | ip=1
0,1,0,1,0 | 6,35,12,55,12 | S=(0,0);(4,1) | I=(2,0) | sp=912,882 | ip=1
0,1,0,1,0 | 6,35,12,55,12 | S=(0,0);(4,1) | I=(2,0) | sp=912,883 | ip=1
0,1,0,1,0 | 6,35,12,55,12 | S=(0,0);(4,1) | I=(2,0) | sp=912,93 | ip=1
0,1,0,1,0 | 7,33,8,33,6 | S=(0,0);(4,1) | I=(2,0) | sp=1,1 | ip=1
0,1,0,1,0 | 7,33,8,33,7 | S=(0,0);(4,1) | I=(2,0) | sp=1,1 | ip=1
0,1,0,1,0 | 7,33,8,33,7 | S=(0,0);(4,1) | I=(2,0) | sp=1,882 | ip=1
0,1,0,1,0 | 7,33,8,33,7 | S=(0,0);(4,1) | I=(2,0) | sp=882,1 | ip=1
0,1,0,1,0 | 7,33,8,33,8 | S=(0,0);(4,1) | I=(2,0) | sp=1,1 | ip=1
0,1,0,1,0 | 7,33,8,33,8 | S=(0,0);(4,1) | I=(2,0) | sp=1,882 | ip=1
0,1,0,1,0 | 7,33,8,33,8 | S=(0,0);(4,1) | I=(2,0) | sp=1,883 | ip=1
0,1,0,1,0 | 7,33,8,33,8 | S=(0,0);(4,1) | I=(2,0) | sp=1,23 | ip=1
0,1,0,1,0 | 7,33,8,33,8 | S=(0,0);(4,1) | I=(2,0) | sp=1,33 | ip=1
0,1,0,1,0 | 7,33,8,33,8 | S=(0,0);(4,1) | I=(2,0) | sp=1,97 | ip=1
0,1,0,1,0 | 7,33,8,33,8 | S=(0,0);(4,1) | I=(2,0) | sp=1,98 | ip=1
0,1,0,1,0 | 7,33,8,33,8 | S=(0,0);(4,1) | I=(2,0) | sp=1,924 | ip=1
0,1,0,1,0 | 7,33,8,33,8 | S=(0,0);(4,1) | I=(2,0) | sp=882,1 | ip=1
0,1,0,1,0 | 7,33,8,33,8 | S=(0,0);(4,1) | I=(2,0) | sp=882,882 | ip=1
0,1,0,1,0 | 7,33,8,33,8 | S=(0,0);(4,1) | I=(2,0) | sp=882,97 | ip=1
0,1,0,1,0 | 7,33,8,33,8 | S=(0,0);(4,1) | I=(2,0) | sp=882,98 | ip=1
0,1,0,1,0 | 7,33,8,33,8 | S=(0,0);(4,1) | I=(2,0) | sp=97,1 | ip=1
0,1,0,1,0 | 7,45,12,42,4 | S=(0,0);(4,1) | I=(2,0) | sp=1,1 | ip=1
0,1,0,1,0 | 7,45,12,54,8 | S=(0,0);(4,1) | I=(2,0) | sp=1,1 | ip=1
0,1,0,1,0 | 7,45,12,55,12 | S=(0,0);(4,1) | I=(2,0) | sp=1,1 | ip=1
0,1,0,1,0 | 7,45,12,55,12 | S=(0,0);(4,1) | I=(2,0) | sp=1,882 | ip=1
0,1,0,1,0 | 7,45,12,55,12 | S=(0,0);(4,1) | I=(2,0) | sp=1,883 | ip=1
0,1,0,1,0 | 7,45,12,55,12 | S=(0,0);(4,1) | I=(2,0) | sp=1,884 | ip=1
0,1,0,1,0 | 7,45,12,55,12 | S=(0,0);(4,1) | I=(2,0) | sp=1,24 | ip=1
0,1,0,1,0 | 7,45,12,55,12 | S=(0,0);(4,1) | I=(2,0) | sp=1,93 | ip=1
0,1,0,1,0 | 7,45,12,55,12 | S=(0,0);(4,1) | I=(2,0) | sp=1,9912 | ip=1
0,1,0,1,0 | 7,45,12,55,12 | S=(0,0);(4,1) | I=(2,0) | sp=1,918 | ip=1
0,1,0,1,0 | 7,45,12,55,12 | S=(0,0);(4,1) | I=(2,0) | sp=1,920 | ip=1
0,1,0,1,0 | 7,45,12,55,12 | S=(0,0);(4,1) | I=(2,0) | sp=1,921 | ip=1
0,1,0,1,0 | 7,45,12,55,12 | S=(0,0);(4,1) | I=(2,0) | sp=1,922 | ip=1
0,1,0,1,0 | 8,33,8,33,6 | S=(0,0);(4,1) | I=(2,0) | sp=1,1 | ip=1
0,1,0,1,0 | 8,33,8,33,6 | S=(0,0);(4,1) | I=(2,0) | sp=1,912 | ip=1
0,1,0,1,0 | 8,33,8,33,6 | S=(0,0);(4,1) | I=(2,0) | sp=882,1 | ip=1
0,1,0,1,0 | 8,33,8,33,6 | S=(0,0);(4,1) | I=(2,0) | sp=97,1 | ip=1
0,1,0,1,0 | 8,33,8,33,6 | S=(0,0);(4,1) | I=(2,0) | sp=98,1 | ip=1
0,1,0,1,0 | 8,33,8,33,7 | S=(0,0);(4,1) | I=(2,0) | sp=1,1 | ip=1
0,1,0,1,0 | 8,33,8,33,7 | S=(0,0);(4,1) | I=(2,0) | sp=1,882 | ip=1
0,1,0,1,0 | 8,33,8,33,7 | S=(0,0);(4,1) | I=(2,0) | sp=1,97 | ip=1
0,1,0,1,0 | 8,33,8,33,7 | S=(0,0);(4,1) | I=(2,0) | sp=882,1 | ip=1
0,1,0,1,0 | 8,33,8,33,7 | S=(0,0);(4,1) | I=(2,0) | sp=882,882 | ip=1
0,1,0,1,0 | 8,33,8,33,7 | S=(0,0);(4,1) | I=(2,0) | sp=883,1 | ip=1
0,1,0,1,0 | 8,33,8,33,7 | S=(0,0);(4,1) | I=(2,0) | sp=23,1 | ip=1
0,1,0,1,0 | 8,33,8,33,7 | S=(0,0);(4,1) | I=(2,0) | sp=33,1 | ip=1
0,1,0,1,0 | 8,33,8,33,7 | S=(0,0);(4,1) | I=(2,0) | sp=97,1 | ip=1
0,1,0,1,0 | 8,33,8,33,7 | S=(0,0);(4,1) | I=(2,0) | sp=97,882 | ip=1
0,1,0,1,0 | 8,33,8,33,7 | S=(0,0);(4,1) | I=(2,0) | sp=98,1 | ip=1
0,1,0,1,0 | 8,33,8,33,7 | S=(0,0);(4,1) | I=(2,0) | sp=98,882 | ip=1
0,1,0,1,0 | 8,33,8,33,7 | S=(0,0);(4,1) | I=(2,0) | sp=924,1 | ip=1
0,1,0,1,0 | 8,33,8,33,8 | S=(0,0);(4,1) | I=(2,0) | sp=1,1 | ip=1
0,1,0,1,0 | 8,33,8,33,8 | S=(0,0);(4,1) | I=(2,0) | sp=1,882 | ip=1
0,1,0,1,0 | 8,33,8,33,8 | S=(0,0);(4,1) | I=(2,0) | sp=1,883 | ip=1
0,1,0,1,0 | 8,33,8,33,8 | S=(0,0);(4,1) | I=(2,0) | sp=1,23 | ip=1
0,1,0,1,0 | 8,33,8,33,8 | S=(0,0);(4,1) | I=(2,0) | sp=1,33 | ip=1
0,1,0,1,0 | 8,33,8,33,8 | S=(0,0);(4,1) | I=(2,0) | sp=1,93 | ip=1
0,1,0,1,0 | 8,33,8,33,8 | S=(0,0);(4,1) | I=(2,0) | sp=1,97 | ip=1
0,1,0,1,0 | 8,33,8,33,8 | S=(0,0);(4,1) | I=(2,0) | sp=1,98 | ip=1
0,1,0,1,0 | 8,33,8,33,8 | S=(0,0);(4,1) | I=(2,0) | sp=1,9913 | ip=1
0,1,0,1,0 | 8,33,8,33,8 | S=(0,0);(4,1) | I=(2,0) | sp=1,924 | ip=1
0,1,0,1,0 | 8,33,8,33,8 | S=(0,0);(4,1) | I=(2,0) | sp=1,925 | ip=1
0,1,0,1,0 | 8,33,8,33,8 | S=(0,0);(4,1) | I=(2,0) | sp=882,1 | ip=1
0,1,0,1,0 | 8,33,8,33,8 | S=(0,0);(4,1) | I=(2,0) | sp=882,882 | ip=1
0,1,0,1,0 | 8,33,8,33,8 | S=(0,0);(4,1) | I=(2,0) | sp=882,883 | ip=1
0,1,0,1,0 | 8,33,8,33,8 | S=(0,0);(4,1) | I=(2,0) | sp=882,23 | ip=1
0,1,0,1,0 | 8,33,8,33,8 | S=(0,0);(4,1) | I=(2,0) | sp=882,33 | ip=1
0,1,0,1,0 | 8,33,8,33,8 | S=(0,0);(4,1) | I=(2,0) | sp=882,97 | ip=1
0,1,0,1,0 | 8,33,8,33,8 | S=(0,0);(4,1) | I=(2,0) | sp=882,98 | ip=1
0,1,0,1,0 | 8,33,8,33,8 | S=(0,0);(4,1) | I=(2,0) | sp=882,924 | ip=1
0,1,0,1,0 | 8,33,8,33,8 | S=(0,0);(4,1) | I=(2,0) | sp=883,1 | ip=1
0,1,0,1,0 | 8,33,8,33,8 | S=(0,0);(4,1) | I=(2,0) | sp=883,882 | ip=1
0,1,0,1,0 | 8,33,8,33,8 | S=(0,0);(4,1) | I=(2,0) | sp=883,97 | ip=1
0,1,0,1,0 | 8,33,8,33,8 | S=(0,0);(4,1) | I=(2,0) | sp=883,98 | ip=1
0,1,0,1,0 | 8,33,8,33,8 | S=(0,0);(4,1) | I=(2,0) | sp=23,1 | ip=1
0,1,0,1,0 | 8,33,8,33,8 | S=(0,0);(4,1) | I=(2,0) | sp=23,882 | ip=1
0,1,0,1,0 | 8,33,8,33,8 | S=(0,0);(4,1) | I=(2,0) | sp=23,97 | ip=1
0,1,0,1,0 | 8,33,8,33,8 | S=(0,0);(4,1) | I=(2,0) | sp=23,98 | ip=1
0,1,0,1,0 | 8,33,8,33,8 | S=(0,0);(4,1) | I=(2,0) | sp=33,1 | ip=1
0,1,0,1,0 | 8,33,8,33,8 | S=(0,0);(4,1) | I=(2,0) | sp=33,882 | ip=1
0,1,0,1,0 | 8,33,8,33,8 | S=(0,0);(4,1) | I=(2,0) | sp=33,97 | ip=1
0,1,0,1,0 | 8,33,8,33,8 | S=(0,0);(4,1) | I=(2,0) | sp=33,98 | ip=1
0,1,0,1,0 | 8,33,8,33,8 | S=(0,0);(4,1) | I=(2,0) | sp=93,1 | ip=1
0,1,0,1,0 | 8,33,8,33,8 | S=(0,0);(4,1) | I=(2,0) | sp=97,1 | ip=1
0,1,0,1,0 | 8,33,8,33,8 | S=(0,0);(4,1) | I=(2,0) | sp=97,882 | ip=1
0,1,0,1,0 | 8,33,8,33,8 | S=(0,0);(4,1) | I=(2,0) | sp=97,883 | ip=1
0,1,0,1,0 | 8,33,8,33,8 | S=(0,0);(4,1) | I=(2,0) | sp=97,23 | ip=1
0,1,0,1,0 | 8,33,8,33,8 | S=(0,0);(4,1) | I=(2,0) | sp=97,33 | ip=1
0,1,0,1,0 | 8,33,8,33,8 | S=(0,0);(4,1) | I=(2,0) | sp=97,97 | ip=1
0,1,0,1,0 | 8,33,8,33,8 | S=(0,0);(4,1) | I=(2,0) | sp=97,98 | ip=1
0,1,0,1,0 | 8,33,8,33,8 | S=(0,0);(4,1) | I=(2,0) | sp=98,1 | ip=1
0,1,0,1,0 | 8,33,8,33,8 | S=(0,0);(4,1) | I=(2,0) | sp=98,882 | ip=1
0,1,0,1,0 | 8,33,8,33,8 | S=(0,0);(4,1) | I=(2,0) | sp=98,883 | ip=1
0,1,0,1,0 | 8,33,8,33,8 | S=(0,0);(4,1) | I=(2,0) | sp=98,23 | ip=1
0,1,0,1,0 | 8,33,8,33,8 | S=(0,0);(4,1) | I=(2,0) | sp=98,33 | ip=1
0,1,0,1,0 | 8,33,8,33,8 | S=(0,0);(4,1) | I=(2,0) | sp=98,97 | ip=1
0,1,0,1,0 | 8,33,8,33,8 | S=(0,0);(4,1) | I=(2,0) | sp=98,98 | ip=1
0,1,0,1,0 | 8,33,8,33,8 | S=(0,0);(4,1) | I=(2,0) | sp=9913,1 | ip=1
0,1,0,1,0 | 8,33,8,33,8 | S=(0,0);(4,1) | I=(2,0) | sp=924,1 | ip=1
0,1,0,1,0 | 8,33,8,33,8 | S=(0,0);(4,1) | I=(2,0) | sp=924,882 | ip=1
0,1,0,1,0 | 8,33,8,33,8 | S=(0,0);(4,1) | I=(2,0) | sp=925,1 | ip=1
0,1,0,1,0 | 8,45,12,42,4 | S=(0,0);(4,1) | I=(2,0) | sp=1,1 | ip=1
0,1,0,1,0 | 8,45,12,42,4 | S=(0,0);(4,1) | I=(2,0) | sp=882,1 | ip=1
0,1,0,1,0 | 8,45,12,42,4 | S=(0,0);(4,1) | I=(2,0) | sp=97,1 | ip=1
0,1,0,1,0 | 8,45,12,42,4 | S=(0,0);(4,1) | I=(2,0) | sp=98,1 | ip=1
0,1,0,1,0 | 8,45,12,53,6 | S=(0,0);(4,1) | I=(2,0) | sp=1,1 | ip=1
0,1,0,1,0 | 8,45,12,54,7 | S=(0,0);(4,1) | I=(2,0) | sp=1,1 | ip=1
0,1,0,1,0 | 8,45,12,54,8 | S=(0,0);(4,1) | I=(2,0) | sp=1,1 | ip=1
0,1,0,1,0 | 8,45,12,54,8 | S=(0,0);(4,1) | I=(2,0) | sp=1,882 | ip=1
0,1,0,1,0 | 8,45,12,54,8 | S=(0,0);(4,1) | I=(2,0) | sp=882,1 | ip=1
0,1,0,1,0 | 8,45,12,55,8 | S=(0,0);(4,1) | I=(2,0) | sp=1,1 | ip=1
0,1,0,1,0 | 8,45,12,55,12 | S=(0,0);(4,1) | I=(2,0) | sp=1,1 | ip=1
0,1,0,1,0 | 8,45,12,55,12 | S=(0,0);(4,1) | I=(2,0) | sp=1,882 | ip=1
0,1,0,1,0 | 8,45,12,55,12 | S=(0,0);(4,1) | I=(2,0) | sp=1,883 | ip=1
0,1,0,1,0 | 8,45,12,55,12 | S=(0,0);(4,1) | I=(2,0) | sp=1,884 | ip=1
0,1,0,1,0 | 8,45,12,55,12 | S=(0,0);(4,1) | I=(2,0) | sp=1,885 | ip=1
0,1,0,1,0 | 8,45,12,55,12 | S=(0,0);(4,1) | I=(2,0) | sp=1,24 | ip=1
0,1,0,1,0 | 8,45,12,55,12 | S=(0,0);(4,1) | I=(2,0) | sp=1,93 | ip=1
0,1,0,1,0 | 8,45,12,55,12 | S=(0,0);(4,1) | I=(2,0) | sp=1,96 | ip=1
0,1,0,1,0 | 8,45,12,55,12 | S=(0,0);(4,1) | I=(2,0) | sp=1,35 | ip=1
0,1,0,1,0 | 8,45,12,55,12 | S=(0,0);(4,1) | I=(2,0) | sp=1,45 | ip=1
0,1,0,1,0 | 8,45,12,55,12 | S=(0,0);(4,1) | I=(2,0) | sp=1,55 | ip=1
0,1,0,1,0 | 8,45,12,55,12 | S=(0,0);(4,1) | I=(2,0) | sp=1,99930 | ip=1
0,1,0,1,0 | 8,45,12,55,12 | S=(0,0);(4,1) | I=(2,0) | sp=1,9912 | ip=1
0,1,0,1,0 | 8,45,12,55,12 | S=(0,0);(4,1) | I=(2,0) | sp=1,918 | ip=1
0,1,0,1,0 | 8,45,12,55,12 | S=(0,0);(4,1) | I=(2,0) | sp=1,920 | ip=1
0,1,0,1,0 | 8,45,12,55,12 | S=(0,0);(4,1) | I=(2,0) | sp=1,921 | ip=1
0,1,0,1,0 | 8,45,12,55,12 | S=(0,0);(4,1) | I=(2,0) | sp=1,922 | ip=1
0,1,0,1,0 | 8,45,12,55,12 | S=(0,0);(4,1) | I=(2,0) | sp=1,945 | ip=1
0,1,0,1,0 | 8,45,12,55,12 | S=(0,0);(4,1) | I=(2,0) | sp=882,1 | ip=1
0,1,0,1,0 | 8,45,12,55,12 | S=(0,0);(4,1) | I=(2,0) | sp=882,882 | ip=1
0,1,0,1,0 | 8,45,12,55,12 | S=(0,0);(4,1) | I=(2,0) | sp=882,883 | ip=1
0,1,0,1,0 | 8,45,12,55,12 | S=(0,0);(4,1) | I=(2,0) | sp=882,884 | ip=1
0,1,0,1,0 | 8,45,12,55,12 | S=(0,0);(4,1) | I=(2,0) | sp=882,24 | ip=1
0,1,0,1,0 | 8,45,12,55,12 | S=(0,0);(4,1) | I=(2,0) | sp=882,93 | ip=1
0,1,0,1,0 | 8,45,12,55,12 | S=(0,0);(4,1) | I=(2,0) | sp=882,9912 | ip=1
0,1,0,1,0 | 8,45,12,55,12 | S=(0,0);(4,1) | I=(2,0) | sp=882,918 | ip=1
0,1,0,1,0 | 8,45,12,55,12 | S=(0,0);(4,1) | I=(2,0) | sp=882,920 | ip=1
0,1,0,1,0 | 8,45,12,55,12 | S=(0,0);(4,1) | I=(2,0) | sp=882,921 | ip=1
0,1,0,1,0 | 8,45,12,55,12 | S=(0,0);(4,1) | I=(2,0) | sp=882,922 | ip=1
0,1,0,1,0 | 8,45,12,55,12 | S=(0,0);(4,1) | I=(2,0) | sp=97,1 | ip=1
0,1,0,1,0 | 8,45,12,55,12 | S=(0,0);(4,1) | I=(2,0) | sp=97,882 | ip=1
0,1,0,1,0 | 8,45,12,55,12 | S=(0,0);(4,1) | I=(2,0) | sp=97,883 | ip=1
0,1,0,1,0 | 8,45,12,55,12 | S=(0,0);(4,1) | I=(2,0) | sp=97,93 | ip=1
0,1,0,1,0 | 8,45,12,55,12 | S=(0,0);(4,1) | I=(2,0) | sp=98,1 | ip=1
0,1,0,1,0 | 8,45,12,55,12 | S=(0,0);(4,1) | I=(2,0) | sp=98,882 | ip=1
0,1,0,1,0 | 8,55,12,42,4 | S=(0,0);(4,1) | I=(2,0) | sp=1,1 | ip=1
0,1,0,1,0 | 8,55,12,54,8 | S=(0,0);(4,1) | I=(2,0) | sp=1,1 | ip=1
0,1,0,1,0 | 8,55,12,55,12 | S=(0,0);(4,1) | I=(2,0) | sp=1,1 | ip=1
0,1,0,1,0 | 8,55,12,55,12 | S=(0,0);(4,1) | I=(2,0) | sp=1,882 | ip=1
0,1,0,1,0 | 8,55,12,55,12 | S=(0,0);(4,1) | I=(2,0) | sp=1,883 | ip=1
0,1,0,1,0 | 8,55,12,55,12 | S=(0,0);(4,1) | I=(2,0) | sp=1,884 | ip=1
0,1,0,1,0 | 8,55,12,55,12 | S=(0,0);(4,1) | I=(2,0) | sp=1,24 | ip=1
0,1,0,1,0 | 8,55,12,55,12 | S=(0,0);(4,1) | I=(2,0) | sp=1,93 | ip=1
0,1,0,1,0 | 8,55,12,55,12 | S=(0,0);(4,1) | I=(2,0) | sp=1,9912 | ip=1
0,1,0,1,0 | 8,55,12,55,12 | S=(0,0);(4,1) | I=(2,0) | sp=1,918 | ip=1
0,1,0,1,0 | 8,55,12,55,12 | S=(0,0);(4,1) | I=(2,0) | sp=1,920 | ip=1
0,1,0,1,0 | 8,55,12,55,12 | S=(0,0);(4,1) | I=(2,0) | sp=1,921 | ip=1
0,1,0,1,0 | 8,55,12,55,12 | S=(0,0);(4,1) | I=(2,0) | sp=1,922 | ip=1
0,1,0,1,0 | 12,55,12,42,4 | S=(0,0);(4,1) | I=(2,0) | sp=1,1 | ip=1
0,1,0,1,0 | 12,55,12,42,4 | S=(0,0);(4,1) | I=(2,0) | sp=882,1 | ip=1
0,1,0,1,0 | 12,55,12,42,4 | S=(0,0);(4,1) | I=(2,0) | sp=883,1 | ip=1
0,1,0,1,0 | 12,55,12,42,4 | S=(0,0);(4,1) | I=(2,0) | sp=884,1 | ip=1
0,1,0,1,0 | 12,55,12,42,4 | S=(0,0);(4,1) | I=(2,0) | sp=885,1 | ip=1
0,1,0,1,0 | 12,55,12,42,4 | S=(0,0);(4,1) | I=(2,0) | sp=24,1 | ip=1
0,1,0,1,0 | 12,55,12,42,4 | S=(0,0);(4,1) | I=(2,0) | sp=93,1 | ip=1
0,1,0,1,0 | 12,55,12,42,4 | S=(0,0);(4,1) | I=(2,0) | sp=96,1 | ip=1
0,1,0,1,0 | 12,55,12,42,4 | S=(0,0);(4,1) | I=(2,0) | sp=35,1 | ip=1
0,1,0,1,0 | 12,55,12,42,4 | S=(0,0);(4,1) | I=(2,0) | sp=45,1 | ip=1
0,1,0,1,0 | 12,55,12,42,4 | S=(0,0);(4,1) | I=(2,0) | sp=55,1 | ip=1
0,1,0,1,0 | 12,55,12,42,4 | S=(0,0);(4,1) | I=(2,0) | sp=99930,1 | ip=1
0,1,0,1,0 | 12,55,12,42,4 | S=(0,0);(4,1) | I=(2,0) | sp=9912,1 | ip=1
0,1,0,1,0 | 12,55,12,42,4 | S=(0,0);(4,1) | I=(2,0) | sp=918,1 | ip=1
0,1,0,1,0 | 12,55,12,42,4 | S=(0,0);(4,1) | I=(2,0) | sp=920,1 | ip=1
0,1,0,1,0 | 12,55,12,42,4 | S=(0,0);(4,1) | I=(2,0) | sp=921,1 | ip=1
0,1,0,1,0 | 12,55,12,42,4 | S=(0,0);(4,1) | I=(2,0) | sp=922,1 | ip=1
0,1,0,1,0 | 12,55,12,42,4 | S=(0,0);(4,1) | I=(2,0) | sp=945,1 | ip=1
0,1,0,1,0 | 12,55,12,42,4 | S=(0,0);(4,1) | I=(2,0) | sp=947,1 | ip=1
0,1,0,1,0 | 12,55,12,53,6 | S=(0,0);(4,1) | I=(2,0) | sp=1,1 | ip=1
0,1,0,1,0 | 12,55,12,53,6 | S=(0,0);(4,1) | I=(2,0) | sp=1,912 | ip=1
0,1,0,1,0 | 12,55,12,53,6 | S=(0,0);(4,1) | I=(2,0) | sp=882,1 | ip=1
0,1,0,1,0 | 12,55,12,53,6 | S=(0,0);(4,1) | I=(2,0) | sp=882,912 | ip=1
0,1,0,1,0 | 12,55,12,53,6 | S=(0,0);(4,1) | I=(2,0) | sp=883,1 | ip=1
0,1,0,1,0 | 12,55,12,53,6 | S=(0,0);(4,1) | I=(2,0) | sp=883,912 | ip=1
0,1,0,1,0 | 12,55,12,53,6 | S=(0,0);(4,1) | I=(2,0) | sp=884,1 | ip=1
0,1,0,1,0 | 12,55,12,53,6 | S=(0,0);(4,1) | I=(2,0) | sp=24,1 | ip=1
0,1,0,1,0 | 12,55,12,53,6 | S=(0,0);(4,1) | I=(2,0) | sp=93,1 | ip=1
0,1,0,1,0 | 12,55,12,53,6 | S=(0,0);(4,1) | I=(2,0) | sp=93,912 | ip=1
0,1,0,1,0 | 12,55,12,53,6 | S=(0,0);(4,1) | I=(2,0) | sp=9912,1 | ip=1
0,1,0,1,0 | 12,55,12,53,6 | S=(0,0);(4,1) | I=(2,0) | sp=918,1 | ip=1
0,1,0,1,0 | 12,55,12,53,6 | S=(0,0);(4,1) | I=(2,0) | sp=920,1 | ip=1
0,1,0,1,0 | 12,55,12,53,6 | S=(0,0);(4,1) | I=(2,0) | sp=921,1 | ip=1
0,1,0,1,0 | 12,55,12,53,6 | S=(0,0);(4,1) | I=(2,0) | sp=922,1 | ip=1
0,1,0,1,0 | 12,55,12,54,7 | S=(0,0);(4,1) | I=(2,0) | sp=1,1 | ip=1
0,1,0,1,0 | 12,55,12,54,7 | S=(0,0);(4,1) | I=(2,0) | sp=882,1 | ip=1
0,1,0,1,0 | 12,55,12,54,7 | S=(0,0);(4,1) | I=(2,0) | sp=883,1 | ip=1
0,1,0,1,0 | 12,55,12,54,7 | S=(0,0);(4,1) | I=(2,0) | sp=884,1 | ip=1
0,1,0,1,0 | 12,55,12,54,7 | S=(0,0);(4,1) | I=(2,0) | sp=24,1 | ip=1
0,1,0,1,0 | 12,55,12,54,7 | S=(0,0);(4,1) | I=(2,0) | sp=93,1 | ip=1
0,1,0,1,0 | 12,55,12,54,7 | S=(0,0);(4,1) | I=(2,0) | sp=9912,1 | ip=1
0,1,0,1,0 | 12,55,12,54,7 | S=(0,0);(4,1) | I=(2,0) | sp=918,1 | ip=1
0,1,0,1,0 | 12,55,12,54,7 | S=(0,0);(4,1) | I=(2,0) | sp=920,1 | ip=1
0,1,0,1,0 | 12,55,12,54,7 | S=(0,0);(4,1) | I=(2,0) | sp=921,1 | ip=1
0,1,0,1,0 | 12,55,12,54,7 | S=(0,0);(4,1) | I=(2,0) | sp=922,1 | ip=1
0,1,0,1,0 | 12,55,12,54,8 | S=(0,0);(4,1) | I=(2,0) | sp=1,1 | ip=1
0,1,0,1,0 | 12,55,12,54,8 | S=(0,0);(4,1) | I=(2,0) | sp=1,882 | ip=1
0,1,0,1,0 | 12,55,12,54,8 | S=(0,0);(4,1) | I=(2,0) | sp=1,97 | ip=1
0,1,0,1,0 | 12,55,12,54,8 | S=(0,0);(4,1) | I=(2,0) | sp=1,98 | ip=1
0,1,0,1,0 | 12,55,12,54,8 | S=(0,0);(4,1) | I=(2,0) | sp=882,1 | ip=1
0,1,0,1,0 | 12,55,12,54,8 | S=(0,0);(4,1) | I=(2,0) | sp=882,882 | ip=1
0,1,0,1,0 | 12,55,12,54,8 | S=(0,0);(4,1) | I=(2,0) | sp=882,97 | ip=1
0,1,0,1,0 | 12,55,12,54,8 | S=(0,0);(4,1) | I=(2,0) | sp=882,98 | ip=1
0,1,0,1,0 | 12,55,12,54,8 | S=(0,0);(4,1) | I=(2,0) | sp=883,1 | ip=1
0,1,0,1,0 | 12,55,12,54,8 | S=(0,0);(4,1) | I=(2,0) | sp=883,882 | ip=1
0,1,0,1,0 | 12,55,12,54,8 | S=(0,0);(4,1) | I=(2,0) | sp=883,97 | ip=1
0,1,0,1,0 | 12,55,12,54,8 | S=(0,0);(4,1) | I=(2,0) | sp=884,1 | ip=1
0,1,0,1,0 | 12,55,12,54,8 | S=(0,0);(4,1) | I=(2,0) | sp=884,882 | ip=1
0,1,0,1,0 | 12,55,12,54,8 | S=(0,0);(4,1) | I=(2,0) | sp=885,1 | ip=1
0,1,0,1,0 | 12,55,12,54,8 | S=(0,0);(4,1) | I=(2,0) | sp=24,1 | ip=1
0,1,0,1,0 | 12,55,12,54,8 | S=(0,0);(4,1) | I=(2,0) | sp=24,882 | ip=1
0,1,0,1,0 | 12,55,12,54,8 | S=(0,0);(4,1) | I=(2,0) | sp=93,1 | ip=1
0,1,0,1,0 | 12,55,12,54,8 | S=(0,0);(4,1) | I=(2,0) | sp=93,882 | ip=1
0,1,0,1,0 | 12,55,12,54,8 | S=(0,0);(4,1) | I=(2,0) | sp=93,97 | ip=1
0,1,0,1,0 | 12,55,12,54,8 | S=(0,0);(4,1) | I=(2,0) | sp=96,1 | ip=1
0,1,0,1,0 | 12,55,12,54,8 | S=(0,0);(4,1) | I=(2,0) | sp=35,1 | ip=1
0,1,0,1,0 | 12,55,12,54,8 | S=(0,0);(4,1) | I=(2,0) | sp=45,1 | ip=1
0,1,0,1,0 | 12,55,12,54,8 | S=(0,0);(4,1) | I=(2,0) | sp=55,1 | ip=1
0,1,0,1,0 | 12,55,12,54,8 | S=(0,0);(4,1) | I=(2,0) | sp=99930,1 | ip=1
0,1,0,1,0 | 12,55,12,54,8 | S=(0,0);(4,1) | I=(2,0) | sp=9912,1 | ip=1
0,1,0,1,0 | 12,55,12,54,8 | S=(0,0);(4,1) | I=(2,0) | sp=9912,882 | ip=1
0,1,0,1,0 | 12,55,12,54,8 | S=(0,0);(4,1) | I=(2,0) | sp=918,1 | ip=1
0,1,0,1,0 | 12,55,12,54,8 | S=(0,0);(4,1) | I=(2,0) | sp=918,882 | ip=1
0,1,0,1,0 | 12,55,12,54,8 | S=(0,0);(4,1) | I=(2,0) | sp=920,1 | ip=1
0,1,0,1,0 | 12,55,12,54,8 | S=(0,0);(4,1) | I=(2,0) | sp=920,882 | ip=1
0,1,0,1,0 | 12,55,12,54,8 | S=(0,0);(4,1) | I=(2,0) | sp=921,1 | ip=1
0,1,0,1,0 | 12,55,12,54,8 | S=(0,0);(4,1) | I=(2,0) | sp=921,882 | ip=1
0,1,0,1,0 | 12,55,12,54,8 | S=(0,0);(4,1) | I=(2,0) | sp=922,1 | ip=1
0,1,0,1,0 | 12,55,12,54,8 | S=(0,0);(4,1) | I=(2,0) | sp=922,882 | ip=1
0,1,0,1,0 | 12,55,12,54,8 | S=(0,0);(4,1) | I=(2,0) | sp=945,1 | ip=1
0,1,0,1,0 | 12,55,12,55,8 | S=(0,0);(4,1) | I=(2,0) | sp=1,1 | ip=1
0,1,0,1,0 | 12,55,12,55,8 | S=(0,0);(4,1) | I=(2,0) | sp=882,1 | ip=1
0,1,0,1,0 | 12,55,12,55,8 | S=(0,0);(4,1) | I=(2,0) | sp=883,1 | ip=1
0,1,0,1,0 | 12,55,12,55,8 | S=(0,0);(4,1) | I=(2,0) | sp=884,1 | ip=1
0,1,0,1,0 | 12,55,12,55,8 | S=(0,0);(4,1) | I=(2,0) | sp=24,1 | ip=1
0,1,0,1,0 | 12,55,12,55,8 | S=(0,0);(4,1) | I=(2,0) | sp=93,1 | ip=1
0,1,0,1,0 | 12,55,12,55,8 | S=(0,0);(4,1) | I=(2,0) | sp=9912,1 | ip=1
0,1,0,1,0 | 12,55,12,55,8 | S=(0,0);(4,1) | I=(2,0) | sp=918,1 | ip=1
0,1,0,1,0 | 12,55,12,55,8 | S=(0,0);(4,1) | I=(2,0) | sp=920,1 | ip=1
0,1,0,1,0 | 12,55,12,55,8 | S=(0,0);(4,1) | I=(2,0) | sp=921,1 | ip=1
0,1,0,1,0 | 12,55,12,55,8 | S=(0,0);(4,1) | I=(2,0) | sp=922,1 | ip=1
0,1,0,1,0 | 12,55,12,55,12 | S=(0,0);(4,1) | I=(2,0) | sp=1,1 | ip=1
0,1,0,1,0 | 12,55,12,55,12 | S=(0,0);(4,1) | I=(2,0) | sp=1,882 | ip=1
0,1,0,1,0 | 12,55,12,55,12 | S=(0,0);(4,1) | I=(2,0) | sp=1,883 | ip=1
0,1,0,1,0 | 12,55,12,55,12 | S=(0,0);(4,1) | I=(2,0) | sp=1,884 | ip=1
0,1,0,1,0 | 12,55,12,55,12 | S=(0,0);(4,1) | I=(2,0) | sp=1,885 | ip=1
0,1,0,1,0 | 12,55,12,55,12 | S=(0,0);(4,1) | I=(2,0) | sp=1,24 | ip=1
0,1,0,1,0 | 12,55,12,55,12 | S=(0,0);(4,1) | I=(2,0) | sp=1,93 | ip=1
0,1,0,1,0 | 12,55,12,55,12 | S=(0,0);(4,1) | I=(2,0) | sp=1,96 | ip=1
0,1,0,1,0 | 12,55,12,55,12 | S=(0,0);(4,1) | I=(2,0) | sp=1,35 | ip=1
0,1,0,1,0 | 12,55,12,55,12 | S=(0,0);(4,1) | I=(2,0) | sp=1,45 | ip=1
0,1,0,1,0 | 12,55,12,55,12 | S=(0,0);(4,1) | I=(2,0) | sp=1,55 | ip=1
0,1,0,1,0 | 12,55,12,55,12 | S=(0,0);(4,1) | I=(2,0) | sp=1,99930 | ip=1
0,1,0,1,0 | 12,55,12,55,12 | S=(0,0);(4,1) | I=(2,0) | sp=1,9912 | ip=1
0,1,0,1,0 | 12,55,12,55,12 | S=(0,0);(4,1) | I=(2,0) | sp=1,918 | ip=1
0,1,0,1,0 | 12,55,12,55,12 | S=(0,0);(4,1) | I=(2,0) | sp=1,920 | ip=1
0,1,0,1,0 | 12,55,12,55,12 | S=(0,0);(4,1) | I=(2,0) | sp=1,921 | ip=1
0,1,0,1,0 | 12,55,12,55,12 | S=(0,0);(4,1) | I=(2,0) | sp=1,922 | ip=1
0,1,0,1,0 | 12,55,12,55,12 | S=(0,0);(4,1) | I=(2,0) | sp=1,945 | ip=1
0,1,0,1,0 | 12,55,12,55,12 | S=(0,0);(4,1) | I=(2,0) | sp=1,947 | ip=1
0,1,0,1,0 | 12,55,12,55,12 | S=(0,0);(4,1) | I=(2,0) | sp=882,1 | ip=1
0,1,0,1,0 | 12,55,12,55,12 | S=(0,0);(4,1) | I=(2,0) | sp=882,882 | ip=1
0,1,0,1,0 | 12,55,12,55,12 | S=(0,0);(4,1) | I=(2,0) | sp=882,883 | ip=1
0,1,0,1,0 | 12,55,12,55,12 | S=(0,0);(4,1) | I=(2,0) | sp=882,884 | ip=1
0,1,0,1,0 | 12,55,12,55,12 | S=(0,0);(4,1) | I=(2,0) | sp=882,885 | ip=1
0,1,0,1,0 | 12,55,12,55,12 | S=(0,0);(4,1) | I=(2,0) | sp=882,24 | ip=1
0,1,0,1,0 | 12,55,12,55,12 | S=(0,0);(4,1) | I=(2,0) | sp=882,93 | ip=1
0,1,0,1,0 | 12,55,12,55,12 | S=(0,0);(4,1) | I=(2,0) | sp=882,96 | ip=1
0,1,0,1,0 | 12,55,12,55,12 | S=(0,0);(4,1) | I=(2,0) | sp=882,35 | ip=1
0,1,0,1,0 | 12,55,12,55,12 | S=(0,0);(4,1) | I=(2,0) | sp=882,45 | ip=1
0,1,0,1,0 | 12,55,12,55,12 | S=(0,0);(4,1) | I=(2,0) | sp=882,55 | ip=1
0,1,0,1,0 | 12,55,12,55,12 | S=(0,0);(4,1) | I=(2,0) | sp=882,99930 | ip=1
0,1,0,1,0 | 12,55,12,55,12 | S=(0,0);(4,1) | I=(2,0) | sp=882,9912 | ip=1
0,1,0,1,0 | 12,55,12,55,12 | S=(0,0);(4,1) | I=(2,0) | sp=882,918 | ip=1
0,1,0,1,0 | 12,55,12,55,12 | S=(0,0);(4,1) | I=(2,0) | sp=882,920 | ip=1
0,1,0,1,0 | 12,55,12,55,12 | S=(0,0);(4,1) | I=(2,0) | sp=882,921 | ip=1
0,1,0,1,0 | 12,55,12,55,12 | S=(0,0);(4,1) | I=(2,0) | sp=882,922 | ip=1
0,1,0,1,0 | 12,55,12,55,12 | S=(0,0);(4,1) | I=(2,0) | sp=882,945 | ip=1
0,1,0,1,0 | 12,55,12,55,12 | S=(0,0);(4,1) | I=(2,0) | sp=882,947 | ip=1
0,1,0,1,0 | 12,55,12,55,12 | S=(0,0);(4,1) | I=(2,0) | sp=883,1 | ip=1
0,1,0,1,0 | 12,55,12,55,12 | S=(0,0);(4,1) | I=(2,0) | sp=883,882 | ip=1
0,1,0,1,0 | 12,55,12,55,12 | S=(0,0);(4,1) | I=(2,0) | sp=883,883 | ip=1
0,1,0,1,0 | 12,55,12,55,12 | S=(0,0);(4,1) | I=(2,0) | sp=883,884 | ip=1
0,1,0,1,0 | 12,55,12,55,12 | S=(0,0);(4,1) | I=(2,0) | sp=883,885 | ip=1
0,1,0,1,0 | 12,55,12,55,12 | S=(0,0);(4,1) | I=(2,0) | sp=883,24 | ip=1
0,1,0,1,0 | 12,55,12,55,12 | S=(0,0);(4,1) | I=(2,0) | sp=883,93 | ip=1
0,1,0,1,0 | 12,55,12,55,12 | S=(0,0);(4,1) | I=(2,0) | sp=883,96 | ip=1
0,1,0,1,0 | 12,55,12,55,12 | S=(0,0);(4,1) | I=(2,0) | sp=883,35 | ip=1
0,1,0,1,0 | 12,55,12,55,12 | S=(0,0);(4,1) | I=(2,0) | sp=883,45 | ip=1
0,1,0,1,0 | 12,55,12,55,12 | S=(0,0);(4,1) | I=(2,0) | sp=883,55 | ip=1
0,1,0,1,0 | 12,55,12,55,12 | S=(0,0);(4,1) | I=(2,0) | sp=883,99930 | ip=1
0,1,0,1,0 | 12,55,12,55,12 | S=(0,0);(4,1) | I=(2,0) | sp=883,9912 | ip=1
0,1,0,1,0 | 12,55,12,55,12 | S=(0,0);(4,1) | I=(2,0) | sp=883,918 | ip=1
0,1,0,1,0 | 12,55,12,55,12 | S=(0,0);(4,1) | I=(2,0) | sp=883,920 | ip=1
0,1,0,1,0 | 12,55,12,55,12 | S=(0,0);(4,1) | I=(2,0) | sp=883,921 | ip=1
0,1,0,1,0 | 12,55,12,55,12 | S=(0,0);(4,1) | I=(2,0) | sp=883,922 | ip=1
0,1,0,1,0 | 12,55,12,55,12 | S=(0,0);(4,1) | I=(2,0) | sp=883,945 | ip=1
0,1,0,1,0 | 12,55,12,55,12 | S=(0,0);(4,1) | I=(2,0) | sp=883,947 | ip=1
0,1,0,1,0 | 12,55,12,55,12 | S=(0,0);(4,1) | I=(2,0) | sp=884,1 | ip=1
0,1,0,1,0 | 12,55,12,55,12 | S=(0,0);(4,1) | I=(2,0) | sp=884,882 | ip=1
0,1,0,1,0 | 12,55,12,55,12 | S=(0,0);(4,1) | I=(2,0) | sp=884,883 | ip=1
0,1,0,1,0 | 12,55,12,55,12 | S=(0,0);(4,1) | I=(2,0) | sp=884,884 | ip=1
0,1,0,1,0 | 12,55,12,55,12 | S=(0,0);(4,1) | I=(2,0) | sp=884,885 | ip=1
0,1,0,1,0 | 12,55,12,55,12 | S=(0,0);(4,1) | I=(2,0) | sp=884,24 | ip=1
0,1,0,1,0 | 12,55,12,55,12 | S=(0,0);(4,1) | I=(2,0) | sp=884,93 | ip=1
0,1,0,1,0 | 12,55,12,55,12 | S=(0,0);(4,1) | I=(2,0) | sp=884,96 | ip=1
0,1,0,1,0 | 12,55,12,55,12 | S=(0,0);(4,1) | I=(2,0) | sp=884,35 | ip=1
0,1,0,1,0 | 12,55,12,55,12 | S=(0,0);(4,1) | I=(2,0) | sp=884,45 | ip=1
0,1,0,1,0 | 12,55,12,55,12 | S=(0,0);(4,1) | I=(2,0) | sp=884,55 | ip=1
0,1,0,1,0 | 12,55,12,55,12 | S=(0,0);(4,1) | I=(2,0) | sp=884,99930 | ip=1
0,1,0,1,0 | 12,55,12,55,12 | S=(0,0);(4,1) | I=(2,0) | sp=884,9912 | ip=1
0,1,0,1,0 | 12,55,12,55,12 | S=(0,0);(4,1) | I=(2,0) | sp=884,918 | ip=1
0,1,0,1,0 | 12,55,12,55,12 | S=(0,0);(4,1) | I=(2,0) | sp=884,920 | ip=1
0,1,0,1,0 | 12,55,12,55,12 | S=(0,0);(4,1) | I=(2,0) | sp=884,921 | ip=1
0,1,0,1,0 | 12,55,12,55,12 | S=(0,0);(4,1) | I=(2,0) | sp=884,922 | ip=1
0,1,0,1,0 | 12,55,12,55,12 | S=(0,0);(4,1) | I=(2,0) | sp=884,945 | ip=1
0,1,0,1,0 | 12,55,12,55,12 | S=(0,0);(4,1) | I=(2,0) | sp=885,1 | ip=1
0,1,0,1,0 | 12,55,12,55,12 | S=(0,0);(4,1) | I=(2,0) | sp=885,882 | ip=1
0,1,0,1,0 | 12,55,12,55,12 | S=(0,0);(4,1) | I=(2,0) | sp=885,883 | ip=1
0,1,0,1,0 | 12,55,12,55,12 | S=(0,0);(4,1) | I=(2,0) | sp=885,884 | ip=1
0,1,0,1,0 | 12,55,12,55,12 | S=(0,0);(4,1) | I=(2,0) | sp=885,24 | ip=1
0,1,0,1,0 | 12,55,12,55,12 | S=(0,0);(4,1) | I=(2,0) | sp=885,93 | ip=1
0,1,0,1,0 | 12,55,12,55,12 | S=(0,0);(4,1) | I=(2,0) | sp=885,9912 | ip=1
0,1,0,1,0 | 12,55,12,55,12 | S=(0,0);(4,1) | I=(2,0) | sp=885,918 | ip=1
0,1,0,1,0 | 12,55,12,55,12 | S=(0,0);(4,1) | I=(2,0) | sp=885,920 | ip=1
0,1,0,1,0 | 12,55,12,55,12 | S=(0,0);(4,1) | I=(2,0) | sp=885,921 | ip=1
0,1,0,1,0 | 12,55,12,55,12 | S=(0,0);(4,1) | I=(2,0) | sp=885,922 | ip=1
0,1,0,1,0 | 12,55,12,55,12 | S=(0,0);(4,1) | I=(2,0) | sp=24,1 | ip=1
0,1,0,1,0 | 12,55,12,55,12 | S=(0,0);(4,1) | I=(2,0) | sp=24,882 | ip=1
0,1,0,1,0 | 12,55,12,55,12 | S=(0,0);(4,1) | I=(2,0) | sp=24,883 | ip=1
0,1,0,1,0 | 12,55,12,55,12 | S=(0,0);(4,1) | I=(2,0) | sp=24,884 | ip=1
0,1,0,1,0 | 12,55,12,55,12 | S=(0,0);(4,1) | I=(2,0) | sp=24,885 | ip=1
0,1,0,1,0 | 12,55,12,55,12 | S=(0,0);(4,1) | I=(2,0) | sp=24,24 | ip=1
0,1,0,1,0 | 12,55,12,55,12 | S=(0,0);(4,1) | I=(2,0) | sp=24,93 | ip=1
0,1,0,1,0 | 12,55,12,55,12 | S=(0,0);(4,1) | I=(2,0) | sp=24,96 | ip=1
0,1,0,1,0 | 12,55,12,55,12 | S=(0,0);(4,1) | I=(2,0) | sp=24,35 | ip=1
0,1,0,1,0 | 12,55,12,55,12 | S=(0,0);(4,1) | I=(2,0) | sp=24,45 | ip=1
0,1,0,1,0 | 12,55,12,55,12 | S=(0,0);(4,1) | I=(2,0) | sp=24,55 | ip=1
0,1,0,1,0 | 12,55,12,55,12 | S=(0,0);(4,1) | I=(2,0) | sp=24,99930 | ip=1
0,1,0,1,0 | 12,55,12,55,12 | S=(0,0);(4,1) | I=(2,0) | sp=24,9912 | ip=1
0,1,0,1,0 | 12,55,12,55,12 | S=(0,0);(4,1) | I=(2,0) | sp=24,918 | ip=1
0,1,0,1,0 | 12,55,12,55,12 | S=(0,0);(4,1) | I=(2,0) | sp=24,920 | ip=1
0,1,0,1,0 | 12,55,12,55,12 | S=(0,0);(4,1) | I=(2,0) | sp=24,921 | ip=1
0,1,0,1,0 | 12,55,12,55,12 | S=(0,0);(4,1) | I=(2,0) | sp=24,922 | ip=1
0,1,0,1,0 | 12,55,12,55,12 | S=(0,0);(4,1) | I=(2,0) | sp=24,945 | ip=1
0,1,0,1,0 | 12,55,12,55,12 | S=(0,0);(4,1) | I=(2,0) | sp=93,1 | ip=1
0,1,0,1,0 | 12,55,12,55,12 | S=(0,0);(4,1) | I=(2,0) | sp=93,882 | ip=1
0,1,0,1,0 | 12,55,12,55,12 | S=(0,0);(4,1) | I=(2,0) | sp=93,883 | ip=1
0,1,0,1,0 | 12,55,12,55,12 | S=(0,0);(4,1) | I=(2,0) | sp=93,884 | ip=1
0,1,0,1,0 | 12,55,12,55,12 | S=(0,0);(4,1) | I=(2,0) | sp=93,885 | ip=1
0,1,0,1,0 | 12,55,12,55,12 | S=(0,0);(4,1) | I=(2,0) | sp=93,24 | ip=1
0,1,0,1,0 | 12,55,12,55,12 | S=(0,0);(4,1) | I=(2,0) | sp=93,93 | ip=1
0,1,0,1,0 | 12,55,12,55,12 | S=(0,0);(4,1) | I=(2,0) | sp=93,96 | ip=1
0,1,0,1,0 | 12,55,12,55,12 | S=(0,0);(4,1) | I=(2,0) | sp=93,35 | ip=1
0,1,0,1,0 | 12,55,12,55,12 | S=(0,0);(4,1) | I=(2,0) | sp=93,45 | ip=1
0,1,0,1,0 | 12,55,12,55,12 | S=(0,0);(4,1) | I=(2,0) | sp=93,55 | ip=1
0,1,0,1,0 | 12,55,12,55,12 | S=(0,0);(4,1) | I=(2,0) | sp=93,99930 | ip=1
0,1,0,1,0 | 12,55,12,55,12 | S=(0,0);(4,1) | I=(2,0) | sp=93,9912 | ip=1
0,1,0,1,0 | 12,55,12,55,12 | S=(0,0);(4,1) | I=(2,0) | sp=93,918 | ip=1
0,1,0,1,0 | 12,55,12,55,12 | S=(0,0);(4,1) | I=(2,0) | sp=93,920 | ip=1
0,1,0,1,0 | 12,55,12,55,12 | S=(0,0);(4,1) | I=(2,0) | sp=93,921 | ip=1
0,1,0,1,0 | 12,55,12,55,12 | S=(0,0);(4,1) | I=(2,0) | sp=93,922 | ip=1
0,1,0,1,0 | 12,55,12,55,12 | S=(0,0);(4,1) | I=(2,0) | sp=93,945 | ip=1
0,1,0,1,0 | 12,55,12,55,12 | S=(0,0);(4,1) | I=(2,0) | sp=93,947 | ip=1
0,1,0,1,0 | 12,55,12,55,12 | S=(0,0);(4,1) | I=(2,0) | sp=96,1 | ip=1
0,1,0,1,0 | 12,55,12,55,12 | S=(0,0);(4,1) | I=(2,0) | sp=96,882 | ip=1
0,1,0,1,0 | 12,55,12,55,12 | S=(0,0);(4,1) | I=(2,0) | sp=96,883 | ip=1
0,1,0,1,0 | 12,55,12,55,12 | S=(0,0);(4,1) | I=(2,0) | sp=96,884 | ip=1
0,1,0,1,0 | 12,55,12,55,12 | S=(0,0);(4,1) | I=(2,0) | sp=96,24 | ip=1
0,1,0,1,0 | 12,55,12,55,12 | S=(0,0);(4,1) | I=(2,0) | sp=96,93 | ip=1
0,1,0,1,0 | 12,55,12,55,12 | S=(0,0);(4,1) | I=(2,0) | sp=96,9912 | ip=1
0,1,0,1,0 | 12,55,12,55,12 | S=(0,0);(4,1) | I=(2,0) | sp=96,918 | ip=1
0,1,0,1,0 | 12,55,12,55,12 | S=(0,0);(4,1) | I=(2,0) | sp=96,920 | ip=1
0,1,0,1,0 | 12,55,12,55,12 | S=(0,0);(4,1) | I=(2,0) | sp=96,921 | ip=1
0,1,0,1,0 | 12,55,12,55,12 | S=(0,0);(4,1) | I=(2,0) | sp=96,922 | ip=1
0,1,0,1,0 | 12,55,12,55,12 | S=(0,0);(4,1) | I=(2,0) | sp=35,1 | ip=1
0,1,0,1,0 | 12,55,12,55,12 | S=(0,0);(4,1) | I=(2,0) | sp=35,882 | ip=1
0,1,0,1,0 | 12,55,12,55,12 | S=(0,0);(4,1) | I=(2,0) | sp=35,883 | ip=1
0,1,0,1,0 | 12,55,12,55,12 | S=(0,0);(4,1) | I=(2,0) | sp=35,884 | ip=1
0,1,0,1,0 | 12,55,12,55,12 | S=(0,0);(4,1) | I=(2,0) | sp=35,24 | ip=1
0,1,0,1,0 | 12,55,12,55,12 | S=(0,0);(4,1) | I=(2,0) | sp=35,93 | ip=1
0,1,0,1,0 | 12,55,12,55,12 | S=(0,0);(4,1) | I=(2,0) | sp=35,9912 | ip=1
0,1,0,1,0 | 12,55,12,55,12 | S=(0,0);(4,1) | I=(2,0) | sp=35,918 | ip=1
0,1,0,1,0 | 12,55,12,55,12 | S=(0,0);(4,1) | I=(2,0) | sp=35,920 | ip=1
0,1,0,1,0 | 12,55,12,55,12 | S=(0,0);(4,1) | I=(2,0) | sp=35,921 | ip=1
0,1,0,1,0 | 12,55,12,55,12 | S=(0,0);(4,1) | I=(2,0) | sp=35,922 | ip=1
0,1,0,1,0 | 12,55,12,55,12 | S=(0,0);(4,1) | I=(2,0) | sp=45,1 | ip=1
0,1,0,1,0 | 12,55,12,55,12 | S=(0,0);(4,1) | I=(2,0) | sp=45,882 | ip=1
0,1,0,1,0 | 12,55,12,55,12 | S=(0,0);(4,1) | I=(2,0) | sp=45,883 | ip=1
0,1,0,1,0 | 12,55,12,55,12 | S=(0,0);(4,1) | I=(2,0) | sp=45,884 | ip=1
0,1,0,1,0 | 12,55,12,55,12 | S=(0,0);(4,1) | I=(2,0) | sp=45,24 | ip=1
0,1,0,1,0 | 12,55,12,55,12 | S=(0,0);(4,1) | I=(2,0) | sp=45,93 | ip=1
0,1,0,1,0 | 12,55,12,55,12 | S=(0,0);(4,1) | I=(2,0) | sp=45,9912 | ip=1
0,1,0,1,0 | 12,55,12,55,12 | S=(0,0);(4,1) | I=(2,0) | sp=45,918 | ip=1
0,1,0,1,0 | 12,55,12,55,12 | S=(0,0);(4,1) | I=(2,0) | sp=45,920 | ip=1
0,1,0,1,0 | 12,55,12,55,12 | S=(0,0);(4,1) | I=(2,0) | sp=45,921 | ip=1
0,1,0,1,0 | 12,55,12,55,12 | S=(0,0);(4,1) | I=(2,0) | sp=45,922 | ip=1
0,1,0,1,0 | 12,55,12,55,12 | S=(0,0);(4,1) | I=(2,0) | sp=55,1 | ip=1
0,1,0,1,0 | 12,55,12,55,12 | S=(0,0);(4,1) | I=(2,0) | sp=55,882 | ip=1
0,1,0,1,0 | 12,55,12,55,12 | S=(0,0);(4,1) | I=(2,0) | sp=55,883 | ip=1
0,1,0,1,0 | 12,55,12,55,12 | S=(0,0);(4,1) | I=(2,0) | sp=55,884 | ip=1
0,1,0,1,0 | 12,55,12,55,12 | S=(0,0);(4,1) | I=(2,0) | sp=55,24 | ip=1
0,1,0,1,0 | 12,55,12,55,12 | S=(0,0);(4,1) | I=(2,0) | sp=55,93 | ip=1
0,1,0,1,0 | 12,55,12,55,12 | S=(0,0);(4,1) | I=(2,0) | sp=55,9912 | ip=1
0,1,0,1,0 | 12,55,12,55,12 | S=(0,0);(4,1) | I=(2,0) | sp=55,918 | ip=1
0,1,0,1,0 | 12,55,12,55,12 | S=(0,0);(4,1) | I=(2,0) | sp=55,920 | ip=1
0,1,0,1,0 | 12,55,12,55,12 | S=(0,0);(4,1) | I=(2,0) | sp=55,921 | ip=1
0,1,0,1,0 | 12,55,12,55,12 | S=(0,0);(4,1) | I=(2,0) | sp=55,922 | ip=1
0,1,0,1,0 | 12,55,12,55,12 | S=(0,0);(4,1) | I=(2,0) | sp=99930,1 | ip=1
0,1,0,1,0 | 12,55,12,55,12 | S=(0,0);(4,1) | I=(2,0) | sp=99930,882 | ip=1
0,1,0,1,0 | 12,55,12,55,12 | S=(0,0);(4,1) | I=(2,0) | sp=99930,883 | ip=1
0,1,0,1,0 | 12,55,12,55,12 | S=(0,0);(4,1) | I=(2,0) | sp=99930,884 | ip=1
0,1,0,1,0 | 12,55,12,55,12 | S=(0,0);(4,1) | I=(2,0) | sp=99930,24 | ip=1
0,1,0,1,0 | 12,55,12,55,12 | S=(0,0);(4,1) | I=(2,0) | sp=99930,93 | ip=1
0,1,0,1,0 | 12,55,12,55,12 | S=(0,0);(4,1) | I=(2,0) | sp=99930,9912 | ip=1
0,1,0,1,0 | 12,55,12,55,12 | S=(0,0);(4,1) | I=(2,0) | sp=99930,918 | ip=1
0,1,0,1,0 | 12,55,12,55,12 | S=(0,0);(4,1) | I=(2,0) | sp=99930,920 | ip=1
0,1,0,1,0 | 12,55,12,55,12 | S=(0,0);(4,1) | I=(2,0) | sp=99930,921 | ip=1
0,1,0,1,0 | 12,55,12,55,12 | S=(0,0);(4,1) | I=(2,0) | sp=99930,922 | ip=1
0,1,0,1,0 | 12,55,12,55,12 | S=(0,0);(4,1) | I=(2,0) | sp=9912,1 | ip=1
0,1,0,1,0 | 12,55,12,55,12 | S=(0,0);(4,1) | I=(2,0) | sp=9912,882 | ip=1
0,1,0,1,0 | 12,55,12,55,12 | S=(0,0);(4,1) | I=(2,0) | sp=9912,883 | ip=1
0,1,0,1,0 | 12,55,12,55,12 | S=(0,0);(4,1) | I=(2,0) | sp=9912,884 | ip=1
0,1,0,1,0 | 12,55,12,55,12 | S=(0,0);(4,1) | I=(2,0) | sp=9912,885 | ip=1
0,1,0,1,0 | 12,55,12,55,12 | S=(0,0);(4,1) | I=(2,0) | sp=9912,24 | ip=1
0,1,0,1,0 | 12,55,12,55,12 | S=(0,0);(4,1) | I=(2,0) | sp=9912,93 | ip=1
0,1,0,1,0 | 12,55,12,55,12 | S=(0,0);(4,1) | I=(2,0) | sp=9912,96 | ip=1
0,1,0,1,0 | 12,55,12,55,12 | S=(0,0);(4,1) | I=(2,0) | sp=9912,35 | ip=1
0,1,0,1,0 | 12,55,12,55,12 | S=(0,0);(4,1) | I=(2,0) | sp=9912,45 | ip=1
0,1,0,1,0 | 12,55,12,55,12 | S=(0,0);(4,1) | I=(2,0) | sp=9912,55 | ip=1
0,1,0,1,0 | 12,55,12,55,12 | S=(0,0);(4,1) | I=(2,0) | sp=9912,99930 | ip=1
0,1,0,1,0 | 12,55,12,55,12 | S=(0,0);(4,1) | I=(2,0) | sp=9912,9912 | ip=1
0,1,0,1,0 | 12,55,12,55,12 | S=(0,0);(4,1) | I=(2,0) | sp=9912,918 | ip=1
0,1,0,1,0 | 12,55,12,55,12 | S=(0,0);(4,1) | I=(2,0) | sp=9912,920 | ip=1
0,1,0,1,0 | 12,55,12,55,12 | S=(0,0);(4,1) | I=(2,0) | sp=9912,921 | ip=1
0,1,0,1,0 | 12,55,12,55,12 | S=(0,0);(4,1) | I=(2,0) | sp=9912,922 | ip=1
0,1,0,1,0 | 12,55,12,55,12 | S=(0,0);(4,1) | I=(2,0) | sp=9912,945 | ip=1
0,1,0,1,0 | 12,55,12,55,12 | S=(0,0);(4,1) | I=(2,0) | sp=918,1 | ip=1
0,1,0,1,0 | 12,55,12,55,12 | S=(0,0);(4,1) | I=(2,0) | sp=918,882 | ip=1
0,1,0,1,0 | 12,55,12,55,12 | S=(0,0);(4,1) | I=(2,0) | sp=918,883 | ip=1
0,1,0,1,0 | 12,55,12,55,12 | S=(0,0);(4,1) | I=(2,0) | sp=918,884 | ip=1
0,1,0,1,0 | 12,55,12,55,12 | S=(0,0);(4,1) | I=(2,0) | sp=918,885 | ip=1
0,1,0,1,0 | 12,55,12,55,12 | S=(0,0);(4,1) | I=(2,0) | sp=918,24 | ip=1
0,1,0,1,0 | 12,55,12,55,12 | S=(0,0);(4,1) | I=(2,0) | sp=918,93 | ip=1
0,1,0,1,0 | 12,55,12,55,12 | S=(0,0);(4,1) | I=(2,0) | sp=918,96 | ip=1
0,1,0,1,0 | 12,55,12,55,12 | S=(0,0);(4,1) | I=(2,0) | sp=918,35 | ip=1
0,1,0,1,0 | 12,55,12,55,12 | S=(0,0);(4,1) | I=(2,0) | sp=918,45 | ip=1
0,1,0,1,0 | 12,55,12,55,12 | S=(0,0);(4,1) | I=(2,0) | sp=918,55 | ip=1
0,1,0,1,0 | 12,55,12,55,12 | S=(0,0);(4,1) | I=(2,0) | sp=918,99930 | ip=1
0,1,0,1,0 | 12,55,12,55,12 | S=(0,0);(4,1) | I=(2,0) | sp=918,9912 | ip=1
0,1,0,1,0 | 12,55,12,55,12 | S=(0,0);(4,1) | I=(2,0) | sp=918,918 | ip=1
0,1,0,1,0 | 12,55,12,55,12 | S=(0,0);(4,1) | I=(2,0) | sp=918,920 | ip=1
0,1,0,1,0 | 12,55,12,55,12 | S=(0,0);(4,1) | I=(2,0) | sp=918,921 | ip=1
0,1,0,1,0 | 12,55,12,55,12 | S=(0,0);(4,1) | I=(2,0) | sp=918,922 | ip=1
0,1,0,1,0 | 12,55,12,55,12 | S=(0,0);(4,1) | I=(2,0) | sp=918,945 | ip=1
0,1,0,1,0 | 12,55,12,55,12 | S=(0,0);(4,1) | I=(2,0) | sp=920,1 | ip=1
0,1,0,1,0 | 12,55,12,55,12 | S=(0,0);(4,1) | I=(2,0) | sp=920,882 | ip=1
0,1,0,1,0 | 12,55,12,55,12 | S=(0,0);(4,1) | I=(2,0) | sp=920,883 | ip=1
0,1,0,1,0 | 12,55,12,55,12 | S=(0,0);(4,1) | I=(2,0) | sp=920,884 | ip=1
0,1,0,1,0 | 12,55,12,55,12 | S=(0,0);(4,1) | I=(2,0) | sp=920,885 | ip=1
0,1,0,1,0 | 12,55,12,55,12 | S=(0,0);(4,1) | I=(2,0) | sp=920,24 | ip=1
0,1,0,1,0 | 12,55,12,55,12 | S=(0,0);(4,1) | I=(2,0) | sp=920,93 | ip=1
0,1,0,1,0 | 12,55,12,55,12 | S=(0,0);(4,1) | I=(2,0) | sp=920,96 | ip=1
0,1,0,1,0 | 12,55,12,55,12 | S=(0,0);(4,1) | I=(2,0) | sp=920,35 | ip=1
0,1,0,1,0 | 12,55,12,55,12 | S=(0,0);(4,1) | I=(2,0) | sp=920,45 | ip=1
0,1,0,1,0 | 12,55,12,55,12 | S=(0,0);(4,1) | I=(2,0) | sp=920,55 | ip=1
0,1,0,1,0 | 12,55,12,55,12 | S=(0,0);(4,1) | I=(2,0) | sp=920,99930 | ip=1
0,1,0,1,0 | 12,55,12,55,12 | S=(0,0);(4,1) | I=(2,0) | sp=920,9912 | ip=1
0,1,0,1,0 | 12,55,12,55,12 | S=(0,0);(4,1) | I=(2,0) | sp=920,918 | ip=1
0,1,0,1,0 | 12,55,12,55,12 | S=(0,0);(4,1) | I=(2,0) | sp=920,920 | ip=1
0,1,0,1,0 | 12,55,12,55,12 | S=(0,0);(4,1) | I=(2,0) | sp=920,921 | ip=1
0,1,0,1,0 | 12,55,12,55,12 | S=(0,0);(4,1) | I=(2,0) | sp=920,922 | ip=1
0,1,0,1,0 | 12,55,12,55,12 | S=(0,0);(4,1) | I=(2,0) | sp=920,945 | ip=1
0,1,0,1,0 | 12,55,12,55,12 | S=(0,0);(4,1) | I=(2,0) | sp=921,1 | ip=1
0,1,0,1,0 | 12,55,12,55,12 | S=(0,0);(4,1) | I=(2,0) | sp=921,882 | ip=1
0,1,0,1,0 | 12,55,12,55,12 | S=(0,0);(4,1) | I=(2,0) | sp=921,883 | ip=1
0,1,0,1,0 | 12,55,12,55,12 | S=(0,0);(4,1) | I=(2,0) | sp=921,884 | ip=1
0,1,0,1,0 | 12,55,12,55,12 | S=(0,0);(4,1) | I=(2,0) | sp=921,885 | ip=1
0,1,0,1,0 | 12,55,12,55,12 | S=(0,0);(4,1) | I=(2,0) | sp=921,24 | ip=1
0,1,0,1,0 | 12,55,12,55,12 | S=(0,0);(4,1) | I=(2,0) | sp=921,93 | ip=1
0,1,0,1,0 | 12,55,12,55,12 | S=(0,0);(4,1) | I=(2,0) | sp=921,96 | ip=1
0,1,0,1,0 | 12,55,12,55,12 | S=(0,0);(4,1) | I=(2,0) | sp=921,35 | ip=1
0,1,0,1,0 | 12,55,12,55,12 | S=(0,0);(4,1) | I=(2,0) | sp=921,45 | ip=1
0,1,0,1,0 | 12,55,12,55,12 | S=(0,0);(4,1) | I=(2,0) | sp=921,55 | ip=1
0,1,0,1,0 | 12,55,12,55,12 | S=(0,0);(4,1) | I=(2,0) | sp=921,99930 | ip=1
0,1,0,1,0 | 12,55,12,55,12 | S=(0,0);(4,1) | I=(2,0) | sp=921,9912 | ip=1
0,1,0,1,0 | 12,55,12,55,12 | S=(0,0);(4,1) | I=(2,0) | sp=921,918 | ip=1
0,1,0,1,0 | 12,55,12,55,12 | S=(0,0);(4,1) | I=(2,0) | sp=921,920 | ip=1
0,1,0,1,0 | 12,55,12,55,12 | S=(0,0);(4,1) | I=(2,0) | sp=921,921 | ip=1
0,1,0,1,0 | 12,55,12,55,12 | S=(0,0);(4,1) | I=(2,0) | sp=921,922 | ip=1
0,1,0,1,0 | 12,55,12,55,12 | S=(0,0);(4,1) | I=(2,0) | sp=921,945 | ip=1
0,1,0,1,0 | 12,55,12,55,12 | S=(0,0);(4,1) | I=(2,0) | sp=922,1 | ip=1
0,1,0,1,0 | 12,55,12,55,12 | S=(0,0);(4,1) | I=(2,0) | sp=922,882 | ip=1
0,1,0,1,0 | 12,55,12,55,12 | S=(0,0);(4,1) | I=(2,0) | sp=922,883 | ip=1
0,1,0,1,0 | 12,55,12,55,12 | S=(0,0);(4,1) | I=(2,0) | sp=922,884 | ip=1
0,1,0,1,0 | 12,55,12,55,12 | S=(0,0);(4,1) | I=(2,0) | sp=922,885 | ip=1
0,1,0,1,0 | 12,55,12,55,12 | S=(0,0);(4,1) | I=(2,0) | sp=922,24 | ip=1
0,1,0,1,0 | 12,55,12,55,12 | S=(0,0);(4,1) | I=(2,0) | sp=922,93 | ip=1
0,1,0,1,0 | 12,55,12,55,12 | S=(0,0);(4,1) | I=(2,0) | sp=922,96 | ip=1
0,1,0,1,0 | 12,55,12,55,12 | S=(0,0);(4,1) | I=(2,0) | sp=922,35 | ip=1
0,1,0,1,0 | 12,55,12,55,12 | S=(0,0);(4,1) | I=(2,0) | sp=922,45 | ip=1
0,1,0,1,0 | 12,55,12,55,12 | S=(0,0);(4,1) | I=(2,0) | sp=922,55 | ip=1
0,1,0,1,0 | 12,55,12,55,12 | S=(0,0);(4,1) | I=(2,0) | sp=922,99930 | ip=1
0,1,0,1,0 | 12,55,12,55,12 | S=(0,0);(4,1) | I=(2,0) | sp=922,9912 | ip=1
0,1,0,1,0 | 12,55,12,55,12 | S=(0,0);(4,1) | I=(2,0) | sp=922,918 | ip=1
0,1,0,1,0 | 12,55,12,55,12 | S=(0,0);(4,1) | I=(2,0) | sp=922,920 | ip=1
0,1,0,1,0 | 12,55,12,55,12 | S=(0,0);(4,1) | I=(2,0) | sp=922,921 | ip=1
0,1,0,1,0 | 12,55,12,55,12 | S=(0,0);(4,1) | I=(2,0) | sp=922,922 | ip=1
0,1,0,1,0 | 12,55,12,55,12 | S=(0,0);(4,1) | I=(2,0) | sp=922,945 | ip=1
0,1,0,1,0 | 12,55,12,55,12 | S=(0,0);(4,1) | I=(2,0) | sp=945,1 | ip=1
0,1,0,1,0 | 12,55,12,55,12 | S=(0,0);(4,1) | I=(2,0) | sp=945,882 | ip=1
0,1,0,1,0 | 12,55,12,55,12 | S=(0,0);(4,1) | I=(2,0) | sp=945,883 | ip=1
0,1,0,1,0 | 12,55,12,55,12 | S=(0,0);(4,1) | I=(2,0) | sp=945,884 | ip=1
0,1,0,1,0 | 12,55,12,55,12 | S=(0,0);(4,1) | I=(2,0) | sp=945,24 | ip=1
0,1,0,1,0 | 12,55,12,55,12 | S=(0,0);(4,1) | I=(2,0) | sp=945,93 | ip=1
0,1,0,1,0 | 12,55,12,55,12 | S=(0,0);(4,1) | I=(2,0) | sp=945,9912 | ip=1
0,1,0,1,0 | 12,55,12,55,12 | S=(0,0);(4,1) | I=(2,0) | sp=945,918 | ip=1
0,1,0,1,0 | 12,55,12,55,12 | S=(0,0);(4,1) | I=(2,0) | sp=945,920 | ip=1
0,1,0,1,0 | 12,55,12,55,12 | S=(0,0);(4,1) | I=(2,0) | sp=945,921 | ip=1
0,1,0,1,0 | 12,55,12,55,12 | S=(0,0);(4,1) | I=(2,0) | sp=945,922 | ip=1
0,1,0,1,0 | 12,55,12,55,12 | S=(0,0);(4,1) | I=(2,0) | sp=947,1 | ip=1
0,1,0,1,0 | 12,55,12,55,12 | S=(0,0);(4,1) | I=(2,0) | sp=947,882 | ip=1
0,1,0,1,0 | 12,55,12,55,12 | S=(0,0);(4,1) | I=(2,0) | sp=947,883 | ip=1
0,1,0,1,0 | 12,55,12,55,12 | S=(0,0);(4,1) | I=(2,0) | sp=947,93 | ip=1
