0,1,0,1,0,1,0 | 4,24,12,42,4,11,4 | S=(0,0);(6,1) | I=(2,0) | sp=1,1 | ip=1
0,1,0,1,0,1,0 | 4,24,12,55,12,42,4 | S=(0,0);(6,1) | I=(2,0) | sp=1,912 | ip=1
0,1,0,1,0,1,0 | 4,24,12,55,12,53,6 | S=(0,0);(6,1) | I=(2,0) | sp=1,882 | ip=1
0,1,0,1,0,1,0 | 4,24,12,55,12,53,6 | S=(0,0);(6,1) | I=(2,0) | sp=1,22 | ip=1
0,1,0,1,0,1,0 | 4,24,12,55,12,54,6 | S=(0,0);(6,1) | I=(2,0) | sp=1,1 | ip=1
0,1,0,1,0,1,0 | 4,24,12,55,12,54,7 | S=(0,0);(6,1) | I=(2,0) | sp=1,882 | ip=1
0,1,0,1,0,1,0 | 4,24,12,55,12,54,8 | S=(0,0);(6,1) | I=(2,0) | sp=1,883 | ip=1
0,1,0,1,0,1,0 | 4,24,12,55,12,54,8 | S=(0,0);(6,1) | I=(2,0) | sp=1,23 | ip=1
0,1,0,1,0,1,0 | 4,24,12,55,12,54,8 | S=(0,0);(6,1) | I=(2,0) | sp=1,33 | ip=1
0,1,0,1,0,1,0 | 4,24,12,55,12,55,7 | S=(0,0);(6,1) | I=(2,0) | sp=1,1 | ip=1
0,1,0,1,0,1,0 | 4,24,12,55,12,55,8 | S=(0,0);(6,1) | I=(2,0) | sp=1,882 | ip=1
0,1,0,1,0,1,0 | 4,24,12,55,12,55,12 | S=(0,0);(6,1) | I=(2,0) | sp=1,886 | ip=1
0,1,0,1,0,1,0 | 4,24,12,55,12,55,12 | S=(0,0);(6,1) | I=(2,0) | sp=1,94 | ip=1
0,1,0,1,0,1,0 | 4,24,12,55,12,55,12 | S=(0,0);(6,1) | I=(2,0) | sp=1,996 | ip=1
0,1,0,1,0,1,0 | 4,24,12,55,12,55,12 | S=(0,0);(6,1) | I=(2,0) | sp=1,919 | ip=1
0,1,0,1,0,1,0 | 4,24,12,55,12,55,12 | S=(0,0);(6,1) | I=(2,0) | sp=1,9915 | ip=1
0,1,0,1,0,1,0 | 4,24,12,55,12,55,12 | S=(0,0);(6,1) | I=(2,0) | sp=1,946 | ip=1
0,1,0,1,0,1,0 | 6,22,6,22,6,22,6 | S=(0,0);(6,1) | I=(2,0) | sp=1,882 | ip=1
0,1,0,1,0,1,0 | 6,22,6,22,6,22,6 | S=(0,0);(6,1) | I=(2,0) | sp=1,22 | ip=1
0,1,0,1,0,1,0 | 6,22,6,22,6,22,6 | S=(0,0);(6,1) | I=(2,0) | sp=912,1 | ip=1
0,1,0,1,0,1,0 | 6,35,12,55,12,42,4 | S=(0,0);(6,1) | I=(2,0) | sp=1,1 | ip=1
0,1,0,1,0,1,0 | 7,33,8,33,8,33,6 | S=(0,0);(6,1) | I=(2,0) | sp=1,1 | ip=1
0,1,0,1,0,1,0 | 7,33,8,33,8,33,7 | S=(0,0);(6,1) | I=(2,0) | sp=1,882 | ip=1
0,1,0,1,0,1,0 | 7,33,8,33,8,33,8 | S=(0,0);(6,1) | I=(2,0) | sp=1,883 | ip=1
0,1,0,1,0,1,0 | 7,33,8,33,8,33,8 | S=(0,0);(6,1) | I=(2,0) | sp=1,23 | ip=1
0,1,0,1,0,1,0 | 7,33,8,33,8,33,8 | S=(0,0);(6,1) | I=(2,0) | sp=1,33 | ip=1
0,1,0,1,0,1,0 | 7,45,12,55,12,42,4 | S=(0,0);(6,1) | I=(2,0) | sp=1,1 | ip=1
0,1,0,1,0,1,0 | 8,33,8,33,8,33,6 | S=(0,0);(6,1) | I=(2,0) | sp=1,912 | ip=1
0,1,0,1,0,1,0 | 8,33,8,33,8,33,6 | S=(0,0);(6,1) | I=(2,0) | sp=882,1 | ip=1
0,1,0,1,0,1,0 | 8,33,8,33,8,33,7 | S=(0,0);(6,1) | I=(2,0) | sp=1,97 | ip=1
0,1,0,1,0,1,0 | 8,33,8,33,8,33,7 | S=(0,0);(6,1) | I=(2,0) | sp=882,882 | ip=1
0,1,0,1,0,1,0 | 8,33,8,33,8,33,7 | S=(0,0);(6,1) | I=(2,0) | sp=97,1 | ip=1
0,1,0,1,0,1,0 | 8,33,8,33,8,33,8 | S=(0,0);(6,1) | I=(2,0) | sp=1,93 | ip=1
0,1,0,1,0,1,0 | 8,33,8,33,8,33,8 | S=(0,0);(6,1) | I=(2,0) | sp=1,9913 | ip=1
0,1,0,1,0,1,0 | 8,33,8,33,8,33,8 | S=(0,0);(6,1) | I=(2,0) | sp=1,925 | ip=1
0,1,0,1,0,1,0 | 8,33,8,33,8,33,8 | S=(0,0);(6,1) | I=(2,0) | sp=882,883 | ip=1
0,1,0,1,0,1,0 | 8,33,8,33,8,33,8 | S=(0,0);(6,1) | I=(2,0) | sp=882,23 | ip=1
0,1,0,1,0,1,0 | 8,33,8,33,8,33,8 | S=(0,0);(6,1) | I=(2,0) | sp=882,33 | ip=1
0,1,0,1,0,1,0 | 8,33,8,33,8,33,8 | S=(0,0);(6,1) | I=(2,0) | sp=97,882 | ip=1
0,1,0,1,0,1,0 | 8,33,8,33,8,33,8 | S=(0,0);(6,1) | I=(2,0) | sp=98,1 | ip=1
0,1,0,1,0,1,0 | 8,45,12,55,12,42,4 | S=(0,0);(6,1) | I=(2,0) | sp=882,1 | ip=1
0,1,0,1,0,1,0 | 8,45,12,55,12,53,6 | S=(0,0);(6,1) | I=(2,0) | sp=1,1 | ip=1
0,1,0,1,0,1,0 | 8,45,12,55,12,54,7 | S=(0,0);(6,1) | I=(2,0) | sp=1,1 | ip=1
0,1,0,1,0,1,0 | 8,45,12,55,12,54,8 | S=(0,0);(6,1) | I=(2,0) | sp=1,882 | ip=1
0,1,0,1,0,1,0 | 8,45,12,55,12,55,8 | S=(0,0);(6,1) | I=(2,0) | sp=1,1 | ip=1
0,1,0,1,0,1,0 | 8,45,12,55,12,55,12 | S=(0,0);(6,1) | I=(2,0) | sp=1,885 | ip=1
0,1,0,1,0,1,0 | 8,45,12,55,12,55,12 | S=(0,0);(6,1) | I=(2,0) | sp=1,96 | ip=1
0,1,0,1,0,1,0 | 8,45,12,55,12,55,12 | S=(0,0);(6,1) | I=(2,0) | sp=1,35 | ip=1
0,1,0,1,0,1,0 | 8,45,12,55,12,55,12 | S=(0,0);(6,1) | I=(2,0) | sp=1,45 | ip=1
0,1,0,1,0,1,0 | 8,45,12,55,12,55,12 | S=(0,0);(6,1) | I=(2,0) | sp=1,55 | ip=1
0,1,0,1,0,1,0 | 8,45,12,55,12,55,12 | S=(0,0);(6,1) | I=(2,0) | sp=1,99930 | ip=1
0,1,0,1,0,1,0 | 8,45,12,55,12,55,12 | S=(0,0);(6,1) | I=(2,0) | sp=1,945 | ip=1
0,1,0,1,0,1,0 | 8,55,12,55,12,42,4 | S=(0,0);(6,1) | I=(2,0) | sp=1,1 | ip=1
0,1,0,1,0,1,0 | 12,55,12,55,12,42,4 | S=(0,0);(6,1) | I=(2,0) | sp=885,1 | ip=1
0,1,0,1,0,1,0 | 12,55,12,55,12,42,4 | S=(0,0);(6,1) | I=(2,0) | sp=96,1 | ip=1
0,1,0,1,0,1,0 | 12,55,12,55,12,42,4 | S=(0,0);(6,1) | I=(2,0) | sp=35,1 | ip=1
0,1,0,1,0,1,0 | 12,55,12,55,12,42,4 | S=(0,0);(6,1) | I=(2,0) | sp=45,1 | ip=1
0,1,0,1,0,1,0 | 12,55,12,55,12,42,4 | S=(0,0);(6,1) | I=(2,0) | sp=55,1 | ip=1
0,1,0,1,0,1,0 | 12,55,12,55,12,42,4 | S=(0,0);(6,1) | I=(2,0) | sp=99930,1 | ip=1
0,1,0,1,0,1,0 | 12,55,12,55,12,42,4 | S=(0,0);(6,1) | I=(2,0) | sp=945,1 | ip=1
0,1,0,1,0,1,0 | 12,55,12,55,12,53,6 | S=(0,0);(6,1) | I=(2,0) | sp=883,912 | ip=1
0,1,0,1,0,1,0 | 12,55,12,55,12,53,6 | S=(0,0);(6,1) | I=(2,0) | sp=884,1 | ip=1
0,1,0,1,0,1,0 | 12,55,12,55,12,53,6 | S=(0,0);(6,1) | I=(2,0) | sp=24,1 | ip=1
0,1,0,1,0,1,0 | 12,55,12,55,12,54,7 | S=(0,0);(6,1) | I=(2,0) | sp=884,1 | ip=1
0,1,0,1,0,1,0 | 12,55,12,55,12,54,7 | S=(0,0);(6,1) | I=(2,0) | sp=24,1 | ip=1
0,1,0,1,0,1,0 | 12,55,12,55,12,54,8 | S=(0,0);(6,1) | I=(2,0) | sp=882,98 | ip=1
0,1,0,1,0,1,0 | 12,55,12,55,12,54,8 | S=(0,0);(6,1) | I=(2,0) | sp=883,97 | ip=1
0,1,0,1,0,1,0 | 12,55,12,55,12,54,8 | S=(0,0);(6,1) | I=(2,0) | sp=884,882 | ip=1
0,1,0,1,0,1,0 | 12,55,12,55,12,54,8 | S=(0,0);(6,1) | I=(2,0) | sp=24,882 | ip=1
0,1,0,1,0,1,0 | 12,55,12,55,12,54,8 | S=(0,0);(6,1) | I=(2,0) | sp=9912,1 | ip=1
0,1,0,1,0,1,0 | 12,55,12,55,12,55,8 | S=(0,0);(6,1) | I=(2,0) | sp=884,1 | ip=1
0,1,0,1,0,1,0 | 12,55,12,55,12,55,8 | S=(0,0);(6,1) | I=(2,0) | sp=24,1 | ip=1
0,1,0,1,0,1,0 | 12,55,12,55,12,55,12 | S=(0,0);(6,1) | I=(2,0) | sp=883,947 | ip=1
0,1,0,1,0,1,0 | 12,55,12,55,12,55,12 | S=(0,0);(6,1) | I=(2,0) | sp=884,885 | ip=1
0,1,0,1,0,1,0 | 12,55,12,55,12,55,12 | S=(0,0);(6,1) | I=(2,0) | sp=884,96 | ip=1
0,1,0,1,0,1,0 | 12,55,12,55,12,55,12 | S=(0,0);(6,1) | I=(2,0) | sp=884,35 | ip=1
0,1,0,1,0,1,0 | 12,55,12,55,12,55,12 | S=(0,0);(6,1) | I=(2,0) | sp=884,45 | ip=1
0,1,0,1,0,1,0 | 12,55,12,55,12,55,12 | S=(0,0);(6,1) | I=(2,0) | sp=884,55 | ip=1
0,1,0,1,0,1,0 | 12,55,12,55,12,55,12 | S=(0,0);(6,1) | I=(2,0) | sp=884,99930 | ip=1
0,1,0,1,0,1,0 | 12,55,12,55,12,55,12 | S=(0,0);(6,1) | I=(2,0) | sp=884,945 | ip=1
0,1,0,1,0,1,0 | 12,55,12,55,12,55,12 | S=(0,0);(6,1) | I=(2,0) | sp=24,885 | ip=1
0,1,0,1,0,1,0 | 12,55,12,55,12,55,12 | S=(0,0);(6,1) | I=(2,0) | sp=24,96 | ip=1
0,1,0,1,0,1,0 | 12,55,12,55,12,55,12 | S=(0,0);(6,1) | I=(2,0) | sp=24,35 | ip=1
0,1,0,1,0,1,0 | 12,55,12,55,12,55,12 | S=(0,0);(6,1) | I=(2,0) | sp=24,45 | ip=1
0,1,0,1,0,1,0 | 12,55,12,55,12,55,12 | S=(0,0);(6,1) | I=(2,0) | sp=24,55 | ip=1
0,1,0,1,0,1,0 | 12,55,12,55,12,55,12 | S=(0,0);(6,1) | I=(2,0) | sp=24,99930 | ip=1
0,1,0,1,0,1,0 | 12,55,12,55,12,55,12 | S=(0,0);(6,1) | I=(2,0) | sp=24,945 | ip=1
0,1,0,1,0,1,0 | 12,55,12,55,12,55,12 | S=(0,0);(6,1) | I=(2,0) | sp=9912,884 | ip=1
0,1,0,1,0,1,0 | 12,55,12,55,12,55,12 | S=(0,0);(6,1) | I=(2,0) | sp=9912,24 | ip=1
0,1,0,1,0,1,0 | 12,55,12,55,12,55,12 | S=(0,0);(6,1) | I=(2,0) | sp=918,9912 | ip=1
0,1,0,1,0,1,0 | 12,55,12,55,12,55,12 | S=(0,0);(6,1) | I=(2,0) | sp=920,882 | ip=1
0,1,0,1,0,1,0 | 12,55,12,55,12,55,12 | S=(0,0);(6,1) | I=(2,0) | sp=921,1 | ip=1
0,1,0,1,0,1,0 | 12,55,12,55,12,55,12 | S=(0,0);(6,1) | I=(2,0) | sp=922,883 | ip=1
