0,1,0,1,0,1,0 | 8,33,8,33,8,33,6 | S=(0,0);(0,1) | I=(2,0) | sp=1,1 | ip=1
0,1,0,1,0,1,0 | 8,33,8,33,8,33,7 | S=(0,0);(0,1) | I=(2,0) | sp=1,1 | ip=1
0,1,0,1,0,1,0 | 8,33,8,33,8,33,8 | S=(0,0);(0,1) | I=(2,0) | sp=1,1 | ip=1
0,1,0,1,0,1,0 | 8,45,12,55,12,42,4 | S=(0,0);(0,1) | I=(2,0) | sp=1,1 | ip=1
0,1,0,1,0,1,0 | 12,55,12,42,4,11,4 | S=(0,0);(0,1) | I=(2,0) | sp=1,1 | ip=1
0,1,0,1,0,1,0 | 12,55,12,42,4,11,4 | S=(0,0);(0,1) | I=(2,0) | sp=1,882 | ip=1
0,1,0,1,0,1,0 | 12,55,12,42,4,11,4 | S=(0,0);(0,1) | I=(2,0) | sp=1,883 | ip=1
0,1,0,1,0,1,0 | 12,55,12,42,4,11,4 | S=(0,0);(0,1) | I=(2,0) | sp=1,93 | ip=1
0,1,0,1,0,1,0 | 12,55,12,42,4,11,4 | S=(0,0);(0,1) | I=(2,0) | sp=882,1 | ip=1
0,1,0,1,0,1,0 | 12,55,12,42,4,11,4 | S=(0,0);(0,1) | I=(2,0) | sp=882,882 | ip=1
0,1,0,1,0,1,0 | 12,55,12,42,4,11,4 | S=(0,0);(0,1) | I=(2,0) | sp=883,1 | ip=1
0,1,0,1,0,1,0 | 12,55,12,42,4,11,4 | S=(0,0);(0,1) | I=(2,0) | sp=93,1 | ip=1
0,1,0,1,0,1,0 | 12,55,12,55,12,42,4 | S=(0,0);(0,1) | I=(2,0) | sp=1,1 | ip=1
0,1,0,1,0,1,0 | 12,55,12,55,12,42,4 | S=(0,0);(0,1) | I=(2,0) | sp=1,882 | ip=1
0,1,0,1,0,1,0 | 12,55,12,55,12,42,4 | S=(0,0);(0,1) | I=(2,0) | sp=1,883 | ip=1
0,1,0,1,0,1,0 | 12,55,12,55,12,42,4 | S=(0,0);(0,1) | I=(2,0) | sp=1,884 | ip=1
0,1,0,1,0,1,0 | 12,55,12,55,12,42,4 | S=(0,0);(0,1) | I=(2,0) | sp=1,24 | ip=1
0,1,0,1,0,1,0 | 12,55,12,55,12,42,4 | S=(0,0);(0,1) | I=(2,0) | sp=1,93 | ip=1
0,1,0,1,0,1,0 | 12,55,12,55,12,42,4 | S=(0,0);(0,1) | I=(2,0) | sp=882,1 | ip=1
0,1,0,1,0,1,0 | 12,55,12,55,12,42,4 | S=(0,0);(0,1) | I=(2,0) | sp=882,882 | ip=1
0,1,0,1,0,1,0 | 12,55,12,55,12,42,4 | S=(0,0);(0,1) | I=(2,0) | sp=882,883 | ip=1
0,1,0,1,0,1,0 | 12,55,12,55,12,42,4 | S=(0,0);(0,1) | I=(2,0) | sp=883,1 | ip=1
0,1,0,1,0,1,0 | 12,55,12,55,12,42,4 | S=(0,0);(0,1) | I=(2,0) | sp=883,882 | ip=1
0,1,0,1,0,1,0 | 12,55,12,55,12,42,4 | S=(0,0);(0,1) | I=(2,0) | sp=884,1 | ip=1
0,1,0,1,0,1,0 | 12,55,12,55,12,42,4 | S=(0,0);(0,1) | I=(2,0) | sp=24,1 | ip=1
0,1,0,1,0,1,0 | 12,55,12,55,12,42,4 | S=(0,0);(0,1) | I=(2,0) | sp=93,1 | ip=1
0,1,0,1,0,1,0 | 12,55,12,55,12,53,6 | S=(0,0);(0,1) | I=(2,0) | sp=1,1 | ip=1
0,1,0,1,0,1,0 | 12,55,12,55,12,53,6 | S=(0,0);(0,1) | I=(2,0) | sp=1,882 | ip=1
0,1,0,1,0,1,0 | 12,55,12,55,12,53,6 | S=(0,0);(0,1) | I=(2,0) | sp=1,883 | ip=1
0,1,0,1,0,1,0 | 12,55,12,55,12,53,6 | S=(0,0);(0,1) | I=(2,0) | sp=882,1 | ip=1
0,1,0,1,0,1,0 | 12,55,12,55,12,53,6 | S=(0,0);(0,1) | I=(2,0) | sp=882,882 | ip=1
0,1,0,1,0,1,0 | 12,55,12,55,12,53,6 | S=(0,0);(0,1) | I=(2,0) | sp=883,1 | ip=1
0,1,0,1,0,1,0 | 12,55,12,55,12,54,6 | S=(0,0);(0,1) | I=(2,0) | sp=1,1 | ip=1
0,1,0,1,0,1,0 | 12,55,12,55,12,54,6 | S=(0,0);(0,1) | I=(2,0) | sp=1,882 | ip=1
0,1,0,1,0,1,0 | 12,55,12,55,12,54,6 | S=(0,0);(0,1) | I=(2,0) | sp=882,1 | ip=1
0,1,0,1,0,1,0 | 12,55,12,55,12,54,7 | S=(0,0);(0,1) | I=(2,0) | sp=1,1 | ip=1
0,1,0,1,0,1,0 | 12,55,12,55,12,54,7 | S=(0,0);(0,1) | I=(2,0) | sp=1,882 | ip=1
0,1,0,1,0,1,0 | 12,55,12,55,12,54,7 | S=(0,0);(0,1) | I=(2,0) | sp=1,883 | ip=1
0,1,0,1,0,1,0 | 12,55,12,55,12,54,7 | S=(0,0);(0,1) | I=(2,0) | sp=882,1 | ip=1
0,1,0,1,0,1,0 | 12,55,12,55,12,54,7 | S=(0,0);(0,1) | I=(2,0) | sp=882,882 | ip=1
0,1,0,1,0,1,0 | 12,55,12,55,12,54,7 | S=(0,0);(0,1) | I=(2,0) | sp=883,1 | ip=1
0,1,0,1,0,1,0 | 12,55,12,55,12,54,8 | S=(0,0);(0,1) | I=(2,0) | sp=1,1 | ip=1
0,1,0,1,0,1,0 | 12,55,12,55,12,54,8 | S=(0,0);(0,1) | I=(2,0) | sp=1,882 | ip=1
0,1,0,1,0,1,0 | 12,55,12,55,12,54,8 | S=(0,0);(0,1) | I=(2,0) | sp=1,883 | ip=1
0,1,0,1,0,1,0 | 12,55,12,55,12,54,8 | S=(0,0);(0,1) | I=(2,0) | sp=1,93 | ip=1
0,1,0,1,0,1,0 | 12,55,12,55,12,54,8 | S=(0,0);(0,1) | I=(2,0) | sp=882,1 | ip=1
0,1,0,1,0,1,0 | 12,55,12,55,12,54,8 | S=(0,0);(0,1) | I=(2,0) | sp=882,882 | ip=1
0,1,0,1,0,1,0 | 12,55,12,55,12,54,8 | S=(0,0);(0,1) | I=(2,0) | sp=883,1 | ip=1
0,1,0,1,0,1,0 | 12,55,12,55,12,54,8 | S=(0,0);(0,1) | I=(2,0) | sp=93,1 | ip=1
0,1,0,1,0,1,0 | 12,55,12,55,12,55,7 | S=(0,0);(0,1) | I=(2,0) | sp=1,1 | ip=1
0,1,0,1,0,1,0 | 12,55,12,55,12,55,7 | S=(0,0);(0,1) | I=(2,0) | sp=1,882 | ip=1
0,1,0,1,0,1,0 | 12,55,12,55,12,55,7 | S=(0,0);(0,1) | I=(2,0) | sp=882,1 | ip=1
0,1,0,1,0,1,0 | 12,55,12,55,12,55,8 | S=(0,0);(0,1) | I=(2,0) | sp=1,1 | ip=1
0,1,0,1,0,1,0 | 12,55,12,55,12,55,8 | S=(0,0);(0,1) | I=(2,0) | sp=1,882 | ip=1
0,1,0,1,0,1,0 | 12,55,12,55,12,55,8 | S=(0,0);(0,1) | I=(2,0) | sp=1,883 | ip=1
0,1,0,1,0,1,0 | 12,55,12,55,12,55,8 | S=(0,0);(0,1) | I=(2,0) | sp=882,1 | ip=1
0,1,0,1,0,1,0 | 12,55,12,55,12,55,8 | S=(0,0);(0,1) | I=(2,0) | sp=882,882 | ip=1
0,1,0,1,0,1,0 | 12,55,12,55,12,55,8 | S=(0,0);(0,1) | I=(2,0) | sp=883,1 | ip=1
0,1,0,1,0,1,0 | 12,55,12,55,12,55,12 | S=(0,0);(0,1) | I=(2,0) | sp=1,1 | ip=1
0,1,0,1,0,1,0 | 12,55,12,55,12,55,12 | S=(0,0);(0,1) | I=(2,0) | sp=1,882 | ip=1
0,1,0,1,0,1,0 | 12,55,12,55,12,55,12 | S=(0,0);(0,1) | I=(2,0) | sp=1,883 | ip=1
0,1,0,1,0,1,0 | 12,55,12,55,12,55,12 | S=(0,0);(0,1) | I=(2,0) | sp=1,93 | ip=1
0,1,0,1,0,1,0 | 12,55,12,55,12,55,12 | S=(0,0);(0,1) | I=(2,0) | sp=882,1 | ip=1
0,1,0,1,0,1,0 | 12,55,12,55,12,55,12 | S=(0,0);(0,1) | I=(2,0) | sp=882,882 | ip=1
0,1,0,1,0,1,0 | 12,55,12,55,12,55,12 | S=(0,0);(0,1) | I=(2,0) | sp=883,1 | ip=1
0,1,0,1,0,1,0 | 12,55,12,55,12,55,12 | S=(0,0);(0,1) | I=(2,0) | sp=93,1 | ip=1
