0,1,0,1,0,1,0,1,0,1,0 | 12,55,12,55,12,55,12,55,12,42,4 | S=(0,0);(0,1);(10,2) | I=(2,0) | sp=1,1,1 | ip=1
0,1,0,1,0,1,0,1,0,1,0 | 12,55,12,55,12,55,12,55,12,54,8 | S=(0,0);(0,1);(10,2) | I=(2,0) | sp=1,1,1 | ip=1
0,1,0,1,0,1,0,1,0,1,0 | 12,55,12,55,12,55,12,55,12,55,12 | S=(0,0);(0,1);(10,2) | I=(2,0) | sp=1,1,1 | ip=1
0,1,0,1,0,1,0,1,0,1,0 | 12,55,12,55,12,55,12,55,12,55,12 | S=(0,0);(0,1);(10,2) | I=(2,0) | sp=1,1,882 | ip=1
0,1,0,1,0,1,0,1,0,1,0 | 12,55,12,55,12,55,12,55,12,55,12 | S=(0,0);(0,1);(10,2) | I=(2,0) | sp=1,1,883 | ip=1
0,1,0,1,0,1,0,1,0,1,0 | 12,55,12,55,12,55,12,55,12,55,12 | S=(0,0);(0,1);(10,2) | I=(2,0) | sp=1,1,884 | ip=1
0,1,0,1,0,1,0,1,0,1,0 | 12,55,12,55,12,55,12,55,12,55,12 | S=(0,0);(0,1);(10,2) | I=(2,0) | sp=1,1,24 | ip=1
0,1,0,1,0,1,0,1,0,1,0 | 12,55,12,55,12,55,12,55,12,55,12 | S=(0,0);(0,1);(10,2) | I=(2,0) | sp=1,1,93 | ip=1
0,1,0,1,0,1,0,1,0,1,0 | 12,55,12,55,12,55,12,55,12,55,12 | S=(0,0);(0,1);(10,2) | I=(2,0) | sp=1,1,9912 | ip=1
0,1,0,1,0,1,0,1,0,1,0 | 12,55,12,55,12,55,12,55,12,55,12 | S=(0,0);(0,1);(10,2) | I=(2,0) | sp=1,1,918 | ip=1
0,1,0,1,0,1,0,1,0,1,0 | 12,55,12,55,12,55,12,55,12,55,12 | S=(0,0);(0,1);(10,2) | I=(2,0) | sp=1,1,920 | ip=1
0,1,0,1,0,1,0,1,0,1,0 | 12,55,12,55,12,55,12,55,12,55,12 | S=(0,0);(0,1);(10,2) | I=(2,0) | sp=1,1,921 | ip=1
0,1,0,1,0,1,0,1,0,1,0 | 12,55,12,55,12,55,12,55,12,55,12 | S=(0,0);(0,1);(10,2) | I=(2,0) | sp=1,1,922 | ip=1
