0,1,0,1,0,1,0 | 4,24,12,55,12,42,4 | S=(0,0);(6,1) | I=(2,0) | sp=1,1 | ip=1
0,1,0,1,0,1,0 | 4,24,12,55,12,53,6 | S=(0,0);(6,1) | I=(2,0) | sp=1,1 | ip=1
0,1,0,1,0,1,0 | 4,24,12,55,12,53,6 | S=(0,0);(6,1) | I=(2,0) | sp=1,912 | ip=1
0,1,0,1,0,1,0 | 4,24,12,55,12,54,7 | S=(0,0);(6,1) | I=(2,0) | sp=1,1 | ip=1
0,1,0,1,0,1,0 | 4,24,12,55,12,54,8 | S=(0,0);(6,1) | I=(2,0) | sp=1,1 | ip=1
0,1,0,1,0,1,0 | 4,24,12,55,12,54,8 | S=(0,0);(6,1) | I=(2,0) | sp=1,882 | ip=1
0,1,0,1,0,1,0 | 4,24,12,55,12,54,8 | S=(0,0);(6,1) | I=(2,0) | sp=1,97 | ip=1
0,1,0,1,0,1,0 | 4,24,12,55,12,54,8 | S=(0,0);(6,1) | I=(2,0) | sp=1,98 | ip=1
0,1,0,1,0,1,0 | 4,24,12,55,12,55,8 | S=(0,0);(6,1) | I=(2,0) | sp=1,1 | ip=1
0,1,0,1,0,1,0 | 4,24,12,55,12,55,12 | S=(0,0);(6,1) | I=(2,0) | sp=1,1 | ip=1
0,1,0,1,0,1,0 | 4,24,12,55,12,55,12 | S=(0,0);(6,1) | I=(2,0) | sp=1,882 | ip=1
0,1,0,1,0,1,0 | 4,24,12,55,12,55,12 | S=(0,0);(6,1) | I=(2,0) | sp=1,883 | ip=1
0,1,0,1,0,1,0 | 4,24,12,55,12,55,12 | S=(0,0);(6,1) | I=(2,0) | sp=1,884 | ip=1
0,1,0,1,0,1,0 | 4,24,12,55,12,55,12 | S=(0,0);(6,1) | I=(2,0) | sp=1,885 | ip=1
0,1,0,1,0,1,0 | 4,24,12,55,12,55,12 | S=(0,0);(6,1) | I=(2,0) | sp=1,24 | ip=1
0,1,0,1,0,1,0 | 4,24,12,55,12,55,12 | S=(0,0);(6,1) | I=(2,0) | sp=1,93 | ip=1
0,1,0,1,0,1,0 | 4,24,12,55,12,55,12 | S=(0,0);(6,1) | I=(2,0) | sp=1,96 | ip=1
0,1,0,1,0,1,0 | 4,24,12,55,12,55,12 | S=(0,0);(6,1) | I=(2,0) | sp=1,35 | ip=1
0,1,0,1,0,1,0 | 4,24,12,55,12,55,12 | S=(0,0);(6,1) | I=(2,0) | sp=1,45 | ip=1
0,1,0,1,0,1,0 | 4,24,12,55,12,55,12 | S=(0,0);(6,1) | I=(2,0) | sp=1,55 | ip=1
0,1,0,1,0,1,0 | 4,24,12,55,12,55,12 | S=(0,0);(6,1) | I=(2,0) | sp=1,99930 | ip=1
0,1,0,1,0,1,0 | 4,24,12,55,12,55,12 | S=(0,0);(6,1) | I=(2,0) | sp=1,9912 | ip=1
0,1,0,1,0,1,0 | 4,24,12,55,12,55,12 | S=(0,0);(6,1) | I=(2,0) | sp=1,918 | ip=1
0,1,0,1,0,1,0 | 4,24,12,55,12,55,12 | S=(0,0);(6,1) | I=(2,0) | sp=1,920 | ip=1
0,1,0,1,0,1,0 | 4,24,12,55,12,55,12 | S=(0,0);(6,1) | I=(2,0) | sp=1,921 | ip=1
0,1,0,1,0,1,0 | 4,24,12,55,12,55,12 | S=(0,0);(6,1) | I=(2,0) | sp=1,922 | ip=1
0,1,0,1,0,1,0 | 4,24,12,55,12,55,12 | S=(0,0);(6,1) | I=(2,0) | sp=1,945 | ip=1
0,1,0,1,0,1,0 | 4,24,12,55,12,55,12 | S=(0,0);(6,1) | I=(2,0) | sp=1,947 | ip=1
0,1,0,1,0,1,0 | 6,22,6,22,6,22,6 | S=(0,0);(6,1) | I=(2,0) | sp=1,1 | ip=1
0,1,0,1,0,1,0 | 6,22,6,22,6,22,6 | S=(0,0);(6,1) | I=(2,0) | sp=1,912 | ip=1
0,1,0,1,0,1,0 | 7,33,8,33,8,33,7 | S=(0,0);(6,1) | I=(2,0) | sp=1,1 | ip=1
0,1,0,1,0,1,0 | 7,33,8,33,8,33,8 | S=(0,0);(6,1) | I=(2,0) | sp=1,1 | ip=1
0,1,0,1,0,1,0 | 7,33,8,33,8,33,8 | S=(0,0);(6,1) | I=(2,0) | sp=1,882 | ip=1
0,1,0,1,0,1,0 | 7,33,8,33,8,33,8 | S=(0,0);(6,1) | I=(2,0) | sp=1,97 | ip=1
0,1,0,1,0,1,0 | 7,33,8,33,8,33,8 | S=(0,0);(6,1) | I=(2,0) | sp=1,98 | ip=1
0,1,0,1,0,1,0 | 8,33,8,33,8,33,6 | S=(0,0);(6,1) | I=(2,0) | sp=1,1 | ip=1
0,1,0,1,0,1,0 | 8,33,8,33,8,33,7 | S=(0,0);(6,1) | I=(2,0) | sp=1,1 | ip=1
0,1,0,1,0,1,0 | 8,33,8,33,8,33,7 | S=(0,0);(6,1) | I=(2,0) | sp=1,882 | ip=1
0,1,0,1,0,1,0 | 8,33,8,33,8,33,7 | S=(0,0);(6,1) | I=(2,0) | sp=882,1 | ip=1
0,1,0,1,0,1,0 | 8,33,8,33,8,33,8 | S=(0,0);(6,1) | I=(2,0) | sp=1,1 | ip=1
0,1,0,1,0,1,0 | 8,33,8,33,8,33,8 | S=(0,0);(6,1) | I=(2,0) | sp=1,882 | ip=1
0,1,0,1,0,1,0 | 8,33,8,33,8,33,8 | S=(0,0);(6,1) | I=(2,0) | sp=1,883 | ip=1
0,1,0,1,0,1,0 | 8,33,8,33,8,33,8 | S=(0,0);(6,1) | I=(2,0) | sp=1,23 | ip=1
0,1,0,1,0,1,0 | 8,33,8,33,8,33,8 | S=(0,0);(6,1) | I=(2,0) | sp=1,33 | ip=1
0,1,0,1,0,1,0 | 8,33,8,33,8,33,8 | S=(0,0);(6,1) | I=(2,0) | sp=1,97 | ip=1
0,1,0,1,0,1,0 | 8,33,8,33,8,33,8 | S=(0,0);(6,1) | I=(2,0) | sp=1,98 | ip=1
0,1,0,1,0,1,0 | 8,33,8,33,8,33,8 | S=(0,0);(6,1) | I=(2,0) | sp=1,924 | ip=1
0,1,0,1,0,1,0 | 8,33,8,33,8,33,8 | S=(0,0);(6,1) | I=(2,0) | sp=882,1 | ip=1
0,1,0,1,0,1,0 | 8,33,8,33,8,33,8 | S=(0,0);(6,1) | I=(2,0) | sp=882,882 | ip=1
0,1,0,1,0,1,0 | 8,33,8,33,8,33,8 | S=(0,0);(6,1) | I=(2,0) | sp=882,97 | ip=1
0,1,0,1,0,1,0 | 8,33,8,33,8,33,8 | S=(0,0);(6,1) | I=(2,0) | sp=882,98 | ip=1
0,1,0,1,0,1,0 | 8,33,8,33,8,33,8 | S=(0,0);(6,1) | I=(2,0) | sp=97,1 | ip=1
0,1,0,1,0,1,0 | 8,45,12,55,12,42,4 | S=(0,0);(6,1) | I=(2,0) | sp=1,1 | ip=1
0,1,0,1,0,1,0 | 8,45,12,55,12,54,8 | S=(0,0);(6,1) | I=(2,0) | sp=1,1 | ip=1
0,1,0,1,0,1,0 | 8,45,12,55,12,55,12 | S=(0,0);(6,1) | I=(2,0) | sp=1,1 | ip=1
0,1,0,1,0,1,0 | 8,45,12,55,12,55,12 | S=(0,0);(6,1) | I=(2,0) | sp=1,882 | ip=1
0,1,0,1,0,1,0 | 8,45,12,55,12,55,12 | S=(0,0);(6,1) | I=(2,0) | sp=1,883 | ip=1
0,1,0,1,0,1,0 | 8,45,12,55,12,55,12 | S=(0,0);(6,1) | I=(2,0) | sp=1,884 | ip=1
0,1,0,1,0,1,0 | 8,45,12,55,12,55,12 | S=(0,0);(6,1) | I=(2,0) | sp=1,24 | ip=1
0,1,0,1,0,1,0 | 8,45,12,55,12,55,12 | S=(0,0);(6,1) | I=(2,0) | sp=1,93 | ip=1
0,1,0,1,0,1,0 | 8,45,12,55,12,55,12 | S=(0,0);(6,1) | I=(2,0) | sp=1,9912 | ip=1
0,1,0,1,0,1,0 | 8,45,12,55,12,55,12 | S=(0,0);(6,1) | I=(2,0) | sp=1,918 | ip=1
0,1,0,1,0,1,0 | 8,45,12,55,12,55,12 | S=(0,0);(6,1) | I=(2,0) | sp=1,920 | ip=1
0,1,0,1,0,1,0 | 8,45,12,55,12,55,12 | S=(0,0);(6,1) | I=(2,0) | sp=1,921 | ip=1
0,1,0,1,0,1,0 | 8,45,12,55,12,55,12 | S=(0,0);(6,1) | I=(2,0) | sp=1,922 | ip=1
0,1,0,1,0,1,0 | 12,55,12,55,12,42,4 | S=(0,0);(6,1) | I=(2,0) | sp=1,1 | ip=1
0,1,0,1,0,1,0 | 12,55,12,55,12,42,4 | S=(0,0);(6,1) | I=(2,0) | sp=882,1 | ip=1
0,1,0,1,0,1,0 | 12,55,12,55,12,42,4 | S=(0,0);(6,1) | I=(2,0) | sp=883,1 | ip=1
0,1,0,1,0,1,0 | 12,55,12,55,12,42,4 | S=(0,0);(6,1) | I=(2,0) | sp=884,1 | ip=1
0,1,0,1,0,1,0 | 12,55,12,55,12,42,4 | S=(0,0);(6,1) | I=(2,0) | sp=24,1 | ip=1
0,1,0,1,0,1,0 | 12,55,12,55,12,42,4 | S=(0,0);(6,1) | I=(2,0) | sp=93,1 | ip=1
0,1,0,1,0,1,0 | 12,55,12,55,12,42,4 | S=(0,0);(6,1) | I=(2,0) | sp=9912,1 | ip=1
0,1,0,1,0,1,0 | 12,55,12,55,12,42,4 | S=(0,0);(6,1) | I=(2,0) | sp=918,1 | ip=1
0,1,0,1,0,1,0 | 12,55,12,55,12,42,4 | S=(0,0);(6,1) | I=(2,0) | sp=920,1 | ip=1
0,1,0,1,0,1,0 | 12,55,12,55,12,42,4 | S=(0,0);(6,1) | I=(2,0) | sp=921,1 | ip=1
0,1,0,1,0,1,0 | 12,55,12,55,12,42,4 | S=(0,0);(6,1) | I=(2,0) | sp=922,1 | ip=1
0,1,0,1,0,1,0 | 12,55,12,55,12,53,6 | S=(0,0);(6,1) | I=(2,0) | sp=1,1 | ip=1
0,1,0,1,0,1,0 | 12,55,12,55,12,53,6 | S=(0,0);(6,1) | I=(2,0) | sp=1,912 | ip=1
0,1,0,1,0,1,0 | 12,55,12,55,12,53,6 | S=(0,0);(6,1) | I=(2,0) | sp=882,1 | ip=1
0,1,0,1,0,1,0 | 12,55,12,55,12,53,6 | S=(0,0);(6,1) | I=(2,0) | sp=882,912 | ip=1
0,1,0,1,0,1,0 | 12,55,12,55,12,53,6 | S=(0,0);(6,1) | I=(2,0) | sp=883,1 | ip=1
0,1,0,1,0,1,0 | 12,55,12,55,12,53,6 | S=(0,0);(6,1) | I=(2,0) | sp=93,1 | ip=1
0,1,0,1,0,1,0 | 12,55,12,55,12,54,7 | S=(0,0);(6,1) | I=(2,0) | sp=1,1 | ip=1
0,1,0,1,0,1,0 | 12,55,12,55,12,54,7 | S=(0,0);(6,1) | I=(2,0) | sp=882,1 | ip=1
0,1,0,1,0,1,0 | 12,55,12,55,12,54,7 | S=(0,0);(6,1) | I=(2,0) | sp=883,1 | ip=1
0,1,0,1,0,1,0 | 12,55,12,55,12,54,7 | S=(0,0);(6,1) | I=(2,0) | sp=93,1 | ip=1
0,1,0,1,0,1,0 | 12,55,12,55,12,54,8 | S=(0,0);(6,1) | I=(2,0) | sp=1,1 | ip=1
0,1,0,1,0,1,0 | 12,55,12,55,12,54,8 | S=(0,0);(6,1) | I=(2,0) | sp=1,882 | ip=1
0,1,0,1,0,1,0 | 12,55,12,55,12,54,8 | S=(0,0);(6,1) | I=(2,0) | sp=1,97 | ip=1
0,1,0,1,0,1,0 | 12,55,12,55,12,54,8 | S=(0,0);(6,1) | I=(2,0) | sp=1,98 | ip=1
0,1,0,1,0,1,0 | 12,55,12,55,12,54,8 | S=(0,0);(6,1) | I=(2,0) | sp=882,1 | ip=1
0,1,0,1,0,1,0 | 12,55,12,55,12,54,8 | S=(0,0);(6,1) | I=(2,0) | sp=882,882 | ip=1
0,1,0,1,0,1,0 | 12,55,12,55,12,54,8 | S=(0,0);(6,1) | I=(2,0) | sp=882,97 | ip=1
0,1,0,1,0,1,0 | 12,55,12,55,12,54,8 | S=(0,0);(6,1) | I=(2,0) | sp=883,1 | ip=1
0,1,0,1,0,1,0 | 12,55,12,55,12,54,8 | S=(0,0);(6,1) | I=(2,0) | sp=883,882 | ip=1
0,1,0,1,0,1,0 | 12,55,12,55,12,54,8 | S=(0,0);(6,1) | I=(2,0) | sp=884,1 | ip=1
0,1,0,1,0,1,0 | 12,55,12,55,12,54,8 | S=(0,0);(6,1) | I=(2,0) | sp=24,1 | ip=1
0,1,0,1,0,1,0 | 12,55,12,55,12,54,8 | S=(0,0);(6,1) | I=(2,0) | sp=93,1 | ip=1
0,1,0,1,0,1,0 | 12,55,12,55,12,54,8 | S=(0,0);(6,1) | I=(2,0) | sp=93,882 | ip=1
0,1,0,1,0,1,0 | 12,55,12,55,12,54,8 | S=(0,0);(6,1) | I=(2,0) | sp=918,1 | ip=1
0,1,0,1,0,1,0 | 12,55,12,55,12,55,8 | S=(0,0);(6,1) | I=(2,0) | sp=1,1 | ip=1
0,1,0,1,0,1,0 | 12,55,12,55,12,55,8 | S=(0,0);(6,1) | I=(2,0) | sp=882,1 | ip=1
0,1,0,1,0,1,0 | 12,55,12,55,12,55,8 | S=(0,0);(6,1) | I=(2,0) | sp=883,1 | ip=1
0,1,0,1,0,1,0 | 12,55,12,55,12,55,8 | S=(0,0);(6,1) | I=(2,0) | sp=93,1 | ip=1
0,1,0,1,0,1,0 | 12,55,12,55,12,55,12 | S=(0,0);(6,1) | I=(2,0) | sp=1,1 | ip=1
0,1,0,1,0,1,0 | 12,55,12,55,12,55,12 | S=(0,0);(6,1) | I=(2,0) | sp=1,882 | ip=1
0,1,0,1,0,1,0 | 12,55,12,55,12,55,12 | S=(0,0);(6,1) | I=(2,0) | sp=1,883 | ip=1
0,1,0,1,0,1,0 | 12,55,12,55,12,55,12 | S=(0,0);(6,1) | I=(2,0) | sp=1,884 | ip=1
0,1,0,1,0,1,0 | 12,55,12,55,12,55,12 | S=(0,0);(6,1) | I=(2,0) | sp=1,885 | ip=1
0,1,0,1,0,1,0 | 12,55,12,55,12,55,12 | S=(0,0);(6,1) | I=(2,0) | sp=1,24 | ip=1
0,1,0,1,0,1,0 | 12,55,12,55,12,55,12 | S=(0,0);(6,1) | I=(2,0) | sp=1,93 | ip=1
0,1,0,1,0,1,0 | 12,55,12,55,12,55,12 | S=(0,0);(6,1) | I=(2,0) | sp=1,96 | ip=1
0,1,0,1,0,1,0 | 12,55,12,55,12,55,12 | S=(0,0);(6,1) | I=(2,0) | sp=1,35 | ip=1
0,1,0,1,0,1,0 | 12,55,12,55,12,55,12 | S=(0,0);(6,1) | I=(2,0) | sp=1,45 | ip=1
0,1,0,1,0,1,0 | 12,55,12,55,12,55,12 | S=(0,0);(6,1) | I=(2,0) | sp=1,55 | ip=1
0,1,0,1,0,1,0 | 12,55,12,55,12,55,12 | S=(0,0);(6,1) | I=(2,0) | sp=1,99930 | ip=1
0,1,0,1,0,1,0 | 12,55,12,55,12,55,12 | S=(0,0);(6,1) | I=(2,0) | sp=1,9912 | ip=1
0,1,0,1,0,1,0 | 12,55,12,55,12,55,12 | S=(0,0);(6,1) | I=(2,0) | sp=1,918 | ip=1
0,1,0,1,0,1,0 | 12,55,12,55,12,55,12 | S=(0,0);(6,1) | I=(2,0) | sp=1,920 | ip=1
0,1,0,1,0,1,0 | 12,55,12,55,12,55,12 | S=(0,0);(6,1) | I=(2,0) | sp=1,921 | ip=1
0,1,0,1,0,1,0 | 12,55,12,55,12,55,12 | S=(0,0);(6,1) | I=(2,0) | sp=1,922 | ip=1
0,1,0,1,0,1,0 | 12,55,12,55,12,55,12 | S=(0,0);(6,1) | I=(2,0) | sp=1,945 | ip=1
0,1,0,1,0,1,0 | 12,55,12,55,12,55,12 | S=(0,0);(6,1) | I=(2,0) | sp=1,947 | ip=1
0,1,0,1,0,1,0 | 12,55,12,55,12,55,12 | S=(0,0);(6,1) | I=(2,0) | sp=882,1 | ip=1
0,1,0,1,0,1,0 | 12,55,12,55,12,55,12 | S=(0,0);(6,1) | I=(2,0) | sp=882,882 | ip=1
0,1,0,1,0,1,0 | 12,55,12,55,12,55,12 | S=(0,0);(6,1) | I=(2,0) | sp=882,883 | ip=1
0,1,0,1,0,1,0 | 12,55,12,55,12,55,12 | S=(0,0);(6,1) | I=(2,0) | sp=882,884 | ip=1
0,1,0,1,0,1,0 | 12,55,12,55,12,55,12 | S=(0,0);(6,1) | I=(2,0) | sp=882,885 | ip=1
0,1,0,1,0,1,0 | 12,55,12,55,12,55,12 | S=(0,0);(6,1) | I=(2,0) | sp=882,24 | ip=1
0,1,0,1,0,1,0 | 12,55,12,55,12,55,12 | S=(0,0);(6,1) | I=(2,0) | sp=882,93 | ip=1
0,1,0,1,0,1,0 | 12,55,12,55,12,55,12 | S=(0,0);(6,1) | I=(2,0) | sp=882,96 | ip=1
0,1,0,1,0,1,0 | 12,55,12,55,12,55,12 | S=(0,0);(6,1) | I=(2,0) | sp=882,35 | ip=1
0,1,0,1,0,1,0 | 12,55,12,55,12,55,12 | S=(0,0);(6,1) | I=(2,0) | sp=882,45 | ip=1
0,1,0,1,0,1,0 | 12,55,12,55,12,55,12 | S=(0,0);(6,1) | I=(2,0) | sp=882,55 | ip=1
0,1,0,1,0,1,0 | 12,55,12,55,12,55,12 | S=(0,0);(6,1) | I=(2,0) | sp=882,99930 | ip=1
0,1,0,1,0,1,0 | 12,55,12,55,12,55,12 | S=(0,0);(6,1) | I=(2,0) | sp=882,9912 | ip=1
0,1,0,1,0,1,0 | 12,55,12,55,12,55,12 | S=(0,0);(6,1) | I=(2,0) | sp=882,918 | ip=1
0,1,0,1,0,1,0 | 12,55,12,55,12,55,12 | S=(0,0);(6,1) | I=(2,0) | sp=882,920 | ip=1
0,1,0,1,0,1,0 | 12,55,12,55,12,55,12 | S=(0,0);(6,1) | I=(2,0) | sp=882,921 | ip=1
0,1,0,1,0,1,0 | 12,55,12,55,12,55,12 | S=(0,0);(6,1) | I=(2,0) | sp=882,922 | ip=1
0,1,0,1,0,1,0 | 12,55,12,55,12,55,12 | S=(0,0);(6,1) | I=(2,0) | sp=882,945 | ip=1
0,1,0,1,0,1,0 | 12,55,12,55,12,55,12 | S=(0,0);(6,1) | I=(2,0) | sp=882,947 | ip=1
0,1,0,1,0,1,0 | 12,55,12,55,12,55,12 | S=(0,0);(6,1) | I=(2,0) | sp=883,1 | ip=1
0,1,0,1,0,1,0 | 12,55,12,55,12,55,12 | S=(0,0);(6,1) | I=(2,0) | sp=883,882 | ip=1
0,1,0,1,0,1,0 | 12,55,12,55,12,55,12 | S=(0,0);(6,1) | I=(2,0) | sp=883,883 | ip=1
0,1,0,1,0,1,0 | 12,55,12,55,12,55,12 | S=(0,0);(6,1) | I=(2,0) | sp=883,884 | ip=1
0,1,0,1,0,1,0 | 12,55,12,55,12,55,12 | S=(0,0);(6,1) | I=(2,0) | sp=883,885 | ip=1
0,1,0,1,0,1,0 | 12,55,12,55,12,55,12 | S=(0,0);(6,1) | I=(2,0) | sp=883,24 | ip=1
0,1,0,1,0,1,0 | 12,55,12,55,12,55,12 | S=(0,0);(6,1) | I=(2,0) | sp=883,93 | ip=1
0,1,0,1,0,1,0 | 12,55,12,55,12,55,12 | S=(0,0);(6,1) | I=(2,0) | sp=883,96 | ip=1
0,1,0,1,0,1,0 | 12,55,12,55,12,55,12 | S=(0,0);(6,1) | I=(2,0) | sp=883,35 | ip=1
0,1,0,1,0,1,0 | 12,55,12,55,12,55,12 | S=(0,0);(6,1) | I=(2,0) | sp=883,45 | ip=1
0,1,0,1,0,1,0 | 12,55,12,55,12,55,12 | S=(0,0);(6,1) | I=(2,0) | sp=883,55 | ip=1
0,1,0,1,0,1,0 | 12,55,12,55,12,55,12 | S=(0,0);(6,1) | I=(2,0) | sp=883,99930 | ip=1
0,1,0,1,0,1,0 | 12,55,12,55,12,55,12 | S=(0,0);(6,1) | I=(2,0) | sp=883,9912 | ip=1
0,1,0,1,0,1,0 | 12,55,12,55,12,55,12 | S=(0,0);(6,1) | I=(2,0) | sp=883,918 | ip=1
0,1,0,1,0,1,0 | 12,55,12,55,12,55,12 | S=(0,0);(6,1) | I=(2,0) | sp=883,920 | ip=1
0,1,0,1,0,1,0 | 12,55,12,55,12,55,12 | S=(0,0);(6,1) | I=(2,0) | sp=883,921 | ip=1
0,1,0,1,0,1,0 | 12,55,12,55,12,55,12 | S=(0,0);(6,1) | I=(2,0) | sp=883,922 | ip=1
0,1,0,1,0,1,0 | 12,55,12,55,12,55,12 | S=(0,0);(6,1) | I=(2,0) | sp=883,945 | ip=1
0,1,0,1,0,1,0 | 12,55,12,55,12,55,12 | S=(0,0);(6,1) | I=(2,0) | sp=884,1 | ip=1
0,1,0,1,0,1,0 | 12,55,12,55,12,55,12 | S=(0,0);(6,1) | I=(2,0) | sp=884,882 | ip=1
0,1,0,1,0,1,0 | 12,55,12,55,12,55,12 | S=(0,0);(6,1) | I=(2,0) | sp=884,883 | ip=1
0,1,0,1,0,1,0 | 12,55,12,55,12,55,12 | S=(0,0);(6,1) | I=(2,0) | sp=884,884 | ip=1
0,1,0,1,0,1,0 | 12,55,12,55,12,55,12 | S=(0,0);(6,1) | I=(2,0) | sp=884,24 | ip=1
0,1,0,1,0,1,0 | 12,55,12,55,12,55,12 | S=(0,0);(6,1) | I=(2,0) | sp=884,93 | ip=1
0,1,0,1,0,1,0 | 12,55,12,55,12,55,12 | S=(0,0);(6,1) | I=(2,0) | sp=884,9912 | ip=1
0,1,0,1,0,1,0 | 12,55,12,55,12,55,12 | S=(0,0);(6,1) | I=(2,0) | sp=884,918 | ip=1
0,1,0,1,0,1,0 | 12,55,12,55,12,55,12 | S=(0,0);(6,1) | I=(2,0) | sp=884,920 | ip=1
0,1,0,1,0,1,0 | 12,55,12,55,12,55,12 | S=(0,0);(6,1) | I=(2,0) | sp=884,921 | ip=1
0,1,0,1,0,1,0 | 12,55,12,55,12,55,12 | S=(0,0);(6,1) | I=(2,0) | sp=884,922 | ip=1
0,1,0,1,0,1,0 | 12,55,12,55,12,55,12 | S=(0,0);(6,1) | I=(2,0) | sp=24,1 | ip=1
0,1,0,1,0,1,0 | 12,55,12,55,12,55,12 | S=(0,0);(6,1) | I=(2,0) | sp=24,882 | ip=1
0,1,0,1,0,1,0 | 12,55,12,55,12,55,12 | S=(0,0);(6,1) | I=(2,0) | sp=24,883 | ip=1
0,1,0,1,0,1,0 | 12,55,12,55,12,55,12 | S=(0,0);(6,1) | I=(2,0) | sp=24,884 | ip=1
0,1,0,1,0,1,0 | 12,55,12,55,12,55,12 | S=(0,0);(6,1) | I=(2,0) | sp=24,24 | ip=1
0,1,0,1,0,1,0 | 12,55,12,55,12,55,12 | S=(0,0);(6,1) | I=(2,0) | sp=24,93 | ip=1
0,1,0,1,0,1,0 | 12,55,12,55,12,55,12 | S=(0,0);(6,1) | I=(2,0) | sp=24,9912 | ip=1
0,1,0,1,0,1,0 | 12,55,12,55,12,55,12 | S=(0,0);(6,1) | I=(2,0) | sp=24,918 | ip=1
0,1,0,1,0,1,0 | 12,55,12,55,12,55,12 | S=(0,0);(6,1) | I=(2,0) | sp=24,920 | ip=1
0,1,0,1,0,1,0 | 12,55,12,55,12,55,12 | S=(0,0);(6,1) | I=(2,0) | sp=24,921 | ip=1
0,1,0,1,0,1,0 | 12,55,12,55,12,55,12 | S=(0,0);(6,1) | I=(2,0) | sp=24,922 | ip=1
0,1,0,1,0,1,0 | 12,55,12,55,12,55,12 | S=(0,0);(6,1) | I=(2,0) | sp=93,1 | ip=1
0,1,0,1,0,1,0 | 12,55,12,55,12,55,12 | S=(0,0);(6,1) | I=(2,0) | sp=93,882 | ip=1
0,1,0,1,0,1,0 | 12,55,12,55,12,55,12 | S=(0,0);(6,1) | I=(2,0) | sp=93,883 | ip=1
0,1,0,1,0,1,0 | 12,55,12,55,12,55,12 | S=(0,0);(6,1) | I=(2,0) | sp=93,884 | ip=1
0,1,0,1,0,1,0 | 12,55,12,55,12,55,12 | S=(0,0);(6,1) | I=(2,0) | sp=93,885 | ip=1
0,1,0,1,0,1,0 | 12,55,12,55,12,55,12 | S=(0,0);(6,1) | I=(2,0) | sp=93,24 | ip=1
0,1,0,1,0,1,0 | 12,55,12,55,12,55,12 | S=(0,0);(6,1) | I=(2,0) | sp=93,93 | ip=1
0,1,0,1,0,1,0 | 12,55,12,55,12,55,12 | S=(0,0);(6,1) | I=(2,0) | sp=93,96 | ip=1
0,1,0,1,0,1,0 | 12,55,12,55,12,55,12 | S=(0,0);(6,1) | I=(2,0) | sp=93,35 | ip=1
0,1,0,1,0,1,0 | 12,55,12,55,12,55,12 | S=(0,0);(6,1) | I=(2,0) | sp=93,45 | ip=1
0,1,0,1,0,1,0 | 12,55,12,55,12,55,12 | S=(0,0);(6,1) | I=(2,0) | sp=93,55 | ip=1
0,1,0,1,0,1,0 | 12,55,12,55,12,55,12 | S=(0,0);(6,1) | I=(2,0) | sp=93,99930 | ip=1
0,1,0,1,0,1,0 | 12,55,12,55,12,55,12 | S=(0,0);(6,1) | I=(2,0) | sp=93,9912 | ip=1
0,1,0,1,0,1,0 | 12,55,12,55,12,55,12 | S=(0,0);(6,1) | I=(2,0) | sp=93,918 | ip=1
0,1,0,1,0,1,0 | 12,55,12,55,12,55,12 | S=(0,0);(6,1) | I=(2,0) | sp=93,920 | ip=1
0,1,0,1,0,1,0 | 12,55,12,55,12,55,12 | S=(0,0);(6,1) | I=(2,0) | sp=93,921 | ip=1
0,1,0,1,0,1,0 | 12,55,12,55,12,55,12 | S=(0,0);(6,1) | I=(2,0) | sp=93,922 | ip=1
0,1,0,1,0,1,0 | 12,55,12,55,12,55,12 | S=(0,0);(6,1) | I=(2,0) | sp=93,945 | ip=1
0,1,0,1,0,1,0 | 12,55,12,55,12,55,12 | S=(0,0);(6,1) | I=(2,0) | sp=9912,1 | ip=1
0,1,0,1,0,1,0 | 12,55,12,55,12,55,12 | S=(0,0);(6,1) | I=(2,0) | sp=9912,882 | ip=1
0,1,0,1,0,1,0 | 12,55,12,55,12,55,12 | S=(0,0);(6,1) | I=(2,0) | sp=9912,883 | ip=1
0,1,0,1,0,1,0 | 12,55,12,55,12,55,12 | S=(0,0);(6,1) | I=(2,0) | sp=9912,93 | ip=1
0,1,0,1,0,1,0 | 12,55,12,55,12,55,12 | S=(0,0);(6,1) | I=(2,0) | sp=918,1 | ip=1
0,1,0,1,0,1,0 | 12,55,12,55,12,55,12 | S=(0,0);(6,1) | I=(2,0) | sp=918,882 | ip=1
0,1,0,1,0,1,0 | 12,55,12,55,12,55,12 | S=(0,0);(6,1) | I=(2,0) | sp=918,883 | ip=1
0,1,0,1,0,1,0 | 12,55,12,55,12,55,12 | S=(0,0);(6,1) | I=(2,0) | sp=918,884 | ip=1
0,1,0,1,0,1,0 | 12,55,12,55,12,55,12 | S=(0,0);(6,1) | I=(2,0) | sp=918,24 | ip=1
0,1,0,1,0,1,0 | 12,55,12,55,12,55,12 | S=(0,0);(6,1) | I=(2,0) | sp=918,93 | ip=1
0,1,0,1,0,1,0 | 12,55,12,55,12,55,12 | S=(0,0);(6,1) | I=(2,0) | sp=918,918 | ip=1
0,1,0,1,0,1,0 | 12,55,12,55,12,55,12 | S=(0,0);(6,1) | I=(2,0) | sp=920,1 | ip=1
0,1,0,1,0,1,0 | 12,55,12,55,12,55,12 | S=(0,0);(6,1) | I=(2,0) | sp=922,1 | ip=1
0,1,0,1,0,1,0 | 12,55,12,55,12,55,12 | S=(0,0);(6,1) | I=(2,0) | sp=922,882 | ip=1
