0,1,0,1,0,1,0,1,0 | 12,55,12,55,12,55,12,54,8 | S=(0,0);(0,1);(8,2) | I=(2,0);(8,1) | sp=1,1,1 | ip=1,1
0,1,0,1,0,1,0,1,0 | 12,55,12,55,12,55,12,55,12 | S=(0,0);(0,1);(8,2) | I=(2,0);(8,1) | sp=1,1,1 | ip=1,1
0,1,0,1,0,1,0,1,0 | 12,55,12,55,12,55,12,55,12 | S=(0,0);(0,1);(8,2) | I=(2,0);(8,1) | sp=1,1,1 | ip=1,882
0,1,0,1,0,1,0,1,0 | 12,55,12,55,12,55,12,55,12 | S=(0,0);(0,1);(8,2) | I=(2,0);(8,1) | sp=1,1,1 | ip=1,883
0,1,0,1,0,1,0,1,0 | 12,55,12,55,12,55,12,55,12 | S=(0,0);(0,1);(8,2) | I=(2,0);(8,1) | sp=1,1,882 | ip=1,1
0,1,0,1,0,1,0,1,0 | 12,55,12,55,12,55,12,55,12 | S=(0,0);(0,1);(8,2) | I=(2,0);(8,1) | sp=1,1,882 | ip=1,882
0,1,0,1,0,1,0,1,0 | 12,55,12,55,12,55,12,55,12 | S=(0,0);(0,1);(8,2) | I=(2,0);(8,1) | sp=1,1,882 | ip=1,883
0,1,0,1,0,1,0,1,0 | 12,55,12,55,12,55,12,55,12 | S=(0,0);(0,1);(8,2) | I=(2,0);(8,1) | sp=1,1,883 | ip=1,1
0,1,0,1,0,1,0,1,0 | 12,55,12,55,12,55,12,55,12 | S=(0,0);(0,1);(8,2) | I=(2,0);(8,1) | sp=1,1,883 | ip=1,882
0,1,0,1,0,1,0,1,0 | 12,55,12,55,12,55,12,55,12 | S=(0,0);(0,1);(8,2) | I=(2,0);(8,1) | sp=1,1,884 | ip=1,1
0,1,0,1,0,1,0,1,0 | 12,55,12,55,12,55,12,55,12 | S=(0,0);(0,1);(8,2) | I=(2,0);(8,1) | sp=1,1,24 | ip=1,1
0,1,0,1,0,1,0,1,0 | 12,55,12,55,12,55,12,55,12 | S=(0,0);(0,1);(8,2) | I=(2,0);(8,1) | sp=1,1,93 | ip=1,1
0,1,0,1,0,1,0,1,0 | 12,55,12,55,12,55,12,55,12 | S=(0,0);(0,1);(8,2) | I=(2,0);(8,1) | sp=1,1,918 | ip=1,1
0,1,0,1,0,1,0,1,0 | 12,55,12,55,12,55,12,55,12 | S=(0,0);(0,1);(8,2) | I=(2,0);(8,1) | sp=1,882,1 | ip=1,1
0,1,0,1,0,1,0,1,0 | 12,55,12,55,12,55,12,55,12 | S=(0,0);(0,1);(8,2) | I=(2,0);(8,1) | sp=1,882,1 | ip=1,882
0,1,0,1,0,1,0,1,0 | 12,55,12,55,12,55,12,55,12 | S=(0,0);(0,1);(8,2) | I=(2,0);(8,1) | sp=1,882,1 | ip=1,883
0,1,0,1,0,1,0,1,0 | 12,55,12,55,12,55,12,55,12 | S=(0,0);(0,1);(8,2) | I=(2,0);(8,1) | sp=1,882,882 | ip=1,1
0,1,0,1,0,1,0,1,0 | 12,55,12,55,12,55,12,55,12 | S=(0,0);(0,1);(8,2) | I=(2,0);(8,1) | sp=1,882,882 | ip=1,882
0,1,0,1,0,1,0,1,0 | 12,55,12,55,12,55,12,55,12 | S=(0,0);(0,1);(8,2) | I=(2,0);(8,1) | sp=1,882,883 | ip=1,1
0,1,0,1,0,1,0,1,0 | 12,55,12,55,12,55,12,55,12 | S=(0,0);(0,1);(8,2) | I=(2,0);(8,1) | sp=1,882,93 | ip=1,1
0,1,0,1,0,1,0,1,0 | 12,55,12,55,12,55,12,55,12 | S=(0,0);(0,1);(8,2) | I=(2,0);(8,1) | sp=882,1,1 | ip=1,1
0,1,0,1,0,1,0,1,0 | 12,55,12,55,12,55,12,55,12 | S=(0,0);(0,1);(8,2) | I=(2,0);(8,1) | sp=882,1,1 | ip=1,882
0,1,0,1,0,1,0,1,0 | 12,55,12,55,12,55,12,55,12 | S=(0,0);(0,1);(8,2) | I=(2,0);(8,1) | sp=882,1,1 | ip=1,883
0,1,0,1,0,1,0,1,0 | 12,55,12,55,12,55,12,55,12 | S=(0,0);(0,1);(8,2) | I=(2,0);(8,1) | sp=882,1,882 | ip=1,1
0,1,0,1,0,1,0,1,0 | 12,55,12,55,12,55,12,55,12 | S=(0,0);(0,1);(8,2) | I=(2,0);(8,1) | sp=882,1,882 | ip=1,882
0,1,0,1,0,1,0,1,0 | 12,55,12,55,12,55,12,55,12 | S=(0,0);(0,1);(8,2) | I=(2,0);(8,1) | sp=882,1,883 | ip=1,1
0,1,0,1,0,1,0,1,0 | 12,55,12,55,12,55,12,55,12 | S=(0,0);(0,1);(8,2) | I=(2,0);(8,1) | sp=882,1,93 | ip=1,1
