0 | 4 | S=(0,0);(0,1);(0,2) | I=(0,0) | sp=1,1,1 | ip=1
0 | 6 | S=(0,0);(0,1);(0,2) | I=(0,0) | sp=1,1,1 | ip=883
0 | 6 | S=(0,0);(0,1);(0,2) | I=(0,0) | sp=1,1,882 | ip=882
0 | 6 | S=(0,0);(0,1);(0,2) | I=(0,0) | sp=1,1,883 | ip=1
0 | 6 | S=(0,0);(0,1);(0,2) | I=(0,0) | sp=1,1,22 | ip=882
0 | 6 | S=(0,0);(0,1);(0,2) | I=(0,0) | sp=1,1,23 | ip=1
0 | 6 | S=(0,0);(0,1);(0,2) | I=(0,0) | sp=1,1,33 | ip=1
0 | 6 | S=(0,0);(0,1);(0,2) | I=(0,0) | sp=1,1,915 | ip=1
0 | 6 | S=(0,0);(0,1);(0,2) | I=(0,0) | sp=1,1,331 | ip=1
0 | 6 | S=(0,0);(0,1);(0,2) | I=(0,0) | sp=1,1,43 | ip=1
0 | 6 | S=(0,0);(0,1);(0,2) | I=(0,0) | sp=1,1,53 | ip=1
0 | 6 | S=(0,0);(0,1);(0,2) | I=(0,0) | sp=1,1,99910 | ip=1
0 | 6 | S=(0,0);(0,1);(0,2) | I=(0,0) | sp=1,1,943 | ip=1
0 | 6 | S=(0,0);(0,1);(0,2) | I=(0,0) | sp=1,882,1 | ip=882
0 | 6 | S=(0,0);(0,1);(0,2) | I=(0,0) | sp=1,882,882 | ip=1
0 | 6 | S=(0,0);(0,1);(0,2) | I=(0,0) | sp=1,882,22 | ip=1
0 | 6 | S=(0,0);(0,1);(0,2) | I=(0,0) | sp=1,883,1 | ip=1
0 | 6 | S=(0,0);(0,1);(0,2) | I=(0,0) | sp=1,22,1 | ip=882
0 | 6 | S=(0,0);(0,1);(0,2) | I=(0,0) | sp=1,22,882 | ip=1
0 | 6 | S=(0,0);(0,1);(0,2) | I=(0,0) | sp=1,22,22 | ip=1
0 | 6 | S=(0,0);(0,1);(0,2) | I=(0,0) | sp=1,23,1 | ip=1
0 | 6 | S=(0,0);(0,1);(0,2) | I=(0,0) | sp=1,33,1 | ip=1
0 | 6 | S=(0,0);(0,1);(0,2) | I=(0,0) | sp=1,97,912 | ip=1
0 | 6 | S=(0,0);(0,1);(0,2) | I=(0,0) | sp=1,912,97 | ip=1
0 | 6 | S=(0,0);(0,1);(0,2) | I=(0,0) | sp=1,912,912 | ip=882
0 | 6 | S=(0,0);(0,1);(0,2) | I=(0,0) | sp=1,915,1 | ip=1
0 | 6 | S=(0,0);(0,1);(0,2) | I=(0,0) | sp=1,331,1 | ip=1
0 | 6 | S=(0,0);(0,1);(0,2) | I=(0,0) | sp=1,43,1 | ip=1
0 | 6 | S=(0,0);(0,1);(0,2) | I=(0,0) | sp=1,53,1 | ip=1
0 | 6 | S=(0,0);(0,1);(0,2) | I=(0,0) | sp=1,99910,1 | ip=1
0 | 6 | S=(0,0);(0,1);(0,2) | I=(0,0) | sp=1,943,1 | ip=1
0 | 6 | S=(0,0);(0,1);(0,2) | I=(0,0) | sp=882,1,1 | ip=882
0 | 6 | S=(0,0);(0,1);(0,2) | I=(0,0) | sp=882,1,882 | ip=1
0 | 6 | S=(0,0);(0,1);(0,2) | I=(0,0) | sp=882,1,22 | ip=1
0 | 6 | S=(0,0);(0,1);(0,2) | I=(0,0) | sp=882,882,1 | ip=1
0 | 6 | S=(0,0);(0,1);(0,2) | I=(0,0) | sp=882,22,1 | ip=1
0 | 6 | S=(0,0);(0,1);(0,2) | I=(0,0) | sp=882,912,912 | ip=1
0 | 6 | S=(0,0);(0,1);(0,2) | I=(0,0) | sp=883,1,1 | ip=1
0 | 6 | S=(0,0);(0,1);(0,2) | I=(0,0) | sp=22,1,1 | ip=882
0 | 6 | S=(0,0);(0,1);(0,2) | I=(0,0) | sp=22,1,882 | ip=1
0 | 6 | S=(0,0);(0,1);(0,2) | I=(0,0) | sp=22,1,22 | ip=1
0 | 6 | S=(0,0);(0,1);(0,2) | I=(0,0) | sp=22,882,1 | ip=1
0 | 6 | S=(0,0);(0,1);(0,2) | I=(0,0) | sp=22,22,1 | ip=1
0 | 6 | S=(0,0);(0,1);(0,2) | I=(0,0) | sp=22,912,912 | ip=1
0 | 6 | S=(0,0);(0,1);(0,2) | I=(0,0) | sp=23,1,1 | ip=1
0 | 6 | S=(0,0);(0,1);(0,2) | I=(0,0) | sp=33,1,1 | ip=1
0 | 6 | S=(0,0);(0,1);(0,2) | I=(0,0) | sp=97,1,912 | ip=1
0 | 6 | S=(0,0);(0,1);(0,2) | I=(0,0) | sp=97,912,1 | ip=1
0 | 6 | S=(0,0);(0,1);(0,2) | I=(0,0) | sp=912,1,97 | ip=1
0 | 6 | S=(0,0);(0,1);(0,2) | I=(0,0) | sp=912,1,912 | ip=882
0 | 6 | S=(0,0);(0,1);(0,2) | I=(0,0) | sp=912,882,912 | ip=1
0 | 6 | S=(0,0);(0,1);(0,2) | I=(0,0) | sp=912,22,912 | ip=1
0 | 6 | S=(0,0);(0,1);(0,2) | I=(0,0) | sp=912,97,1 | ip=1
0 | 6 | S=(0,0);(0,1);(0,2) | I=(0,0) | sp=912,912,1 | ip=882
0 | 6 | S=(0,0);(0,1);(0,2) | I=(0,0) | sp=912,912,882 | ip=1
0 | 6 | S=(0,0);(0,1);(0,2) | I=(0,0) | sp=912,912,22 | ip=1
0 | 6 | S=(0,0);(0,1);(0,2) | I=(0,0) | sp=915,1,1 | ip=1
0 | 6 | S=(0,0);(0,1);(0,2) | I=(0,0) | sp=331,1,1 | ip=1
0 | 6 | S=(0,0);(0,1);(0,2) | I=(0,0) | sp=43,1,1 | ip=1
0 | 6 | S=(0,0);(0,1);(0,2) | I=(0,0) | sp=53,1,1 | ip=1
0 | 6 | S=(0,0);(0,1);(0,2) | I=(0,0) | sp=99910,1,1 | ip=1
0 | 6 | S=(0,0);(0,1);(0,2) | I=(0,0) | sp=943,1,1 | ip=1
0 | 7 | S=(0,0);(0,1);(0,2) | I=(0,0) | sp=1,1,882 | ip=883
0 | 7 | S=(0,0);(0,1);(0,2) | I=(0,0) | sp=1,1,883 | ip=882
0 | 7 | S=(0,0);(0,1);(0,2) | I=(0,0) | sp=1,1,884 | ip=1
0 | 7 | S=(0,0);(0,1);(0,2) | I=(0,0) | sp=1,1,23 | ip=882
0 | 7 | S=(0,0);(0,1);(0,2) | I=(0,0) | sp=1,1,33 | ip=882
0 | 7 | S=(0,0);(0,1);(0,2) | I=(0,0) | sp=1,1,24 | ip=1
0 | 7 | S=(0,0);(0,1);(0,2) | I=(0,0) | sp=1,1,993 | ip=1
0 | 7 | S=(0,0);(0,1);(0,2) | I=(0,0) | sp=1,1,911 | ip=1
0 | 7 | S=(0,0);(0,1);(0,2) | I=(0,0) | sp=1,1,34 | ip=1
0 | 7 | S=(0,0);(0,1);(0,2) | I=(0,0) | sp=1,1,44 | ip=1
0 | 7 | S=(0,0);(0,1);(0,2) | I=(0,0) | sp=1,1,54 | ip=1
0 | 7 | S=(0,0);(0,1);(0,2) | I=(0,0) | sp=1,1,99920 | ip=1
0 | 7 | S=(0,0);(0,1);(0,2) | I=(0,0) | sp=1,1,9914 | ip=1
0 | 7 | S=(0,0);(0,1);(0,2) | I=(0,0) | sp=1,1,944 | ip=1
0 | 7 | S=(0,0);(0,1);(0,2) | I=(0,0) | sp=1,882,1 | ip=883
0 | 7 | S=(0,0);(0,1);(0,2) | I=(0,0) | sp=1,882,882 | ip=882
0 | 7 | S=(0,0);(0,1);(0,2) | I=(0,0) | sp=1,882,883 | ip=1
0 | 7 | S=(0,0);(0,1);(0,2) | I=(0,0) | sp=1,882,23 | ip=1
0 | 7 | S=(0,0);(0,1);(0,2) | I=(0,0) | sp=1,882,33 | ip=1
0 | 7 | S=(0,0);(0,1);(0,2) | I=(0,0) | sp=1,883,1 | ip=882
0 | 7 | S=(0,0);(0,1);(0,2) | I=(0,0) | sp=1,883,882 | ip=1
0 | 7 | S=(0,0);(0,1);(0,2) | I=(0,0) | sp=1,884,1 | ip=1
0 | 7 | S=(0,0);(0,1);(0,2) | I=(0,0) | sp=1,23,1 | ip=882
0 | 7 | S=(0,0);(0,1);(0,2) | I=(0,0) | sp=1,23,882 | ip=1
0 | 7 | S=(0,0);(0,1);(0,2) | I=(0,0) | sp=1,33,1 | ip=882
0 | 7 | S=(0,0);(0,1);(0,2) | I=(0,0) | sp=1,33,882 | ip=1
0 | 7 | S=(0,0);(0,1);(0,2) | I=(0,0) | sp=1,24,1 | ip=1
0 | 7 | S=(0,0);(0,1);(0,2) | I=(0,0) | sp=1,993,1 | ip=1
0 | 7 | S=(0,0);(0,1);(0,2) | I=(0,0) | sp=1,97,97 | ip=1
0 | 7 | S=(0,0);(0,1);(0,2) | I=(0,0) | sp=1,911,1 | ip=1
0 | 7 | S=(0,0);(0,1);(0,2) | I=(0,0) | sp=1,34,1 | ip=1
0 | 7 | S=(0,0);(0,1);(0,2) | I=(0,0) | sp=1,44,1 | ip=1
0 | 7 | S=(0,0);(0,1);(0,2) | I=(0,0) | sp=1,54,1 | ip=1
0 | 7 | S=(0,0);(0,1);(0,2) | I=(0,0) | sp=1,99920,1 | ip=1
0 | 7 | S=(0,0);(0,1);(0,2) | I=(0,0) | sp=1,9914,1 | ip=1
0 | 7 | S=(0,0);(0,1);(0,2) | I=(0,0) | sp=1,944,1 | ip=1
0 | 7 | S=(0,0);(0,1);(0,2) | I=(0,0) | sp=882,1,1 | ip=883
0 | 7 | S=(0,0);(0,1);(0,2) | I=(0,0) | sp=882,1,882 | ip=882
0 | 7 | S=(0,0);(0,1);(0,2) | I=(0,0) | sp=882,1,883 | ip=1
0 | 7 | S=(0,0);(0,1);(0,2) | I=(0,0) | sp=882,1,23 | ip=1
0 | 7 | S=(0,0);(0,1);(0,2) | I=(0,0) | sp=882,1,33 | ip=1
0 | 7 | S=(0,0);(0,1);(0,2) | I=(0,0) | sp=882,882,1 | ip=882
0 | 7 | S=(0,0);(0,1);(0,2) | I=(0,0) | sp=882,882,882 | ip=1
0 | 7 | S=(0,0);(0,1);(0,2) | I=(0,0) | sp=882,883,1 | ip=1
0 | 7 | S=(0,0);(0,1);(0,2) | I=(0,0) | sp=882,23,1 | ip=1
0 | 7 | S=(0,0);(0,1);(0,2) | I=(0,0) | sp=882,33,1 | ip=1
0 | 7 | S=(0,0);(0,1);(0,2) | I=(0,0) | sp=883,1,1 | ip=882
0 | 7 | S=(0,0);(0,1);(0,2) | I=(0,0) | sp=883,1,882 | ip=1
0 | 7 | S=(0,0);(0,1);(0,2) | I=(0,0) | sp=883,882,1 | ip=1
0 | 7 | S=(0,0);(0,1);(0,2) | I=(0,0) | sp=884,1,1 | ip=1
0 | 7 | S=(0,0);(0,1);(0,2) | I=(0,0) | sp=23,1,1 | ip=882
0 | 7 | S=(0,0);(0,1);(0,2) | I=(0,0) | sp=23,1,882 | ip=1
0 | 7 | S=(0,0);(0,1);(0,2) | I=(0,0) | sp=23,882,1 | ip=1
0 | 7 | S=(0,0);(0,1);(0,2) | I=(0,0) | sp=33,1,1 | ip=882
0 | 7 | S=(0,0);(0,1);(0,2) | I=(0,0) | sp=33,1,882 | ip=1
0 | 7 | S=(0,0);(0,1);(0,2) | I=(0,0) | sp=33,882,1 | ip=1
0 | 7 | S=(0,0);(0,1);(0,2) | I=(0,0) | sp=24,1,1 | ip=1
0 | 7 | S=(0,0);(0,1);(0,2) | I=(0,0) | sp=993,1,1 | ip=1
0 | 7 | S=(0,0);(0,1);(0,2) | I=(0,0) | sp=97,1,97 | ip=1
0 | 7 | S=(0,0);(0,1);(0,2) | I=(0,0) | sp=97,97,1 | ip=1
0 | 7 | S=(0,0);(0,1);(0,2) | I=(0,0) | sp=911,1,1 | ip=1
0 | 7 | S=(0,0);(0,1);(0,2) | I=(0,0) | sp=34,1,1 | ip=1
0 | 7 | S=(0,0);(0,1);(0,2) | I=(0,0) | sp=44,1,1 | ip=1
0 | 7 | S=(0,0);(0,1);(0,2) | I=(0,0) | sp=54,1,1 | ip=1
0 | 7 | S=(0,0);(0,1);(0,2) | I=(0,0) | sp=99920,1,1 | ip=1
0 | 7 | S=(0,0);(0,1);(0,2) | I=(0,0) | sp=9914,1,1 | ip=1
0 | 7 | S=(0,0);(0,1);(0,2) | I=(0,0) | sp=944,1,1 | ip=1
0 | 8 | S=(0,0);(0,1);(0,2) | I=(0,0) | sp=1,1,883 | ip=883
0 | 8 | S=(0,0);(0,1);(0,2) | I=(0,0) | sp=1,1,884 | ip=882
0 | 8 | S=(0,0);(0,1);(0,2) | I=(0,0) | sp=1,1,885 | ip=1
0 | 8 | S=(0,0);(0,1);(0,2) | I=(0,0) | sp=1,1,23 | ip=883
0 | 8 | S=(0,0);(0,1);(0,2) | I=(0,0) | sp=1,1,33 | ip=883
0 | 8 | S=(0,0);(0,1);(0,2) | I=(0,0) | sp=1,1,24 | ip=882
0 | 8 | S=(0,0);(0,1);(0,2) | I=(0,0) | sp=1,1,993 | ip=882
0 | 8 | S=(0,0);(0,1);(0,2) | I=(0,0) | sp=1,1,96 | ip=1
0 | 8 | S=(0,0);(0,1);(0,2) | I=(0,0) | sp=1,1,99 | ip=1
0 | 8 | S=(0,0);(0,1);(0,2) | I=(0,0) | sp=1,1,911 | ip=882
0 | 8 | S=(0,0);(0,1);(0,2) | I=(0,0) | sp=1,1,34 | ip=882
0 | 8 | S=(0,0);(0,1);(0,2) | I=(0,0) | sp=1,1,44 | ip=882
0 | 8 | S=(0,0);(0,1);(0,2) | I=(0,0) | sp=1,1,35 | ip=1
0 | 8 | S=(0,0);(0,1);(0,2) | I=(0,0) | sp=1,1,45 | ip=1
0 | 8 | S=(0,0);(0,1);(0,2) | I=(0,0) | sp=1,1,54 | ip=882
0 | 8 | S=(0,0);(0,1);(0,2) | I=(0,0) | sp=1,1,55 | ip=1
0 | 8 | S=(0,0);(0,1);(0,2) | I=(0,0) | sp=1,1,99920 | ip=882
0 | 8 | S=(0,0);(0,1);(0,2) | I=(0,0) | sp=1,1,99930 | ip=1
0 | 8 | S=(0,0);(0,1);(0,2) | I=(0,0) | sp=1,1,995 | ip=1
0 | 8 | S=(0,0);(0,1);(0,2) | I=(0,0) | sp=1,1,9914 | ip=882
0 | 8 | S=(0,0);(0,1);(0,2) | I=(0,0) | sp=1,1,926 | ip=1
0 | 8 | S=(0,0);(0,1);(0,2) | I=(0,0) | sp=1,1,933 | ip=1
0 | 8 | S=(0,0);(0,1);(0,2) | I=(0,0) | sp=1,1,944 | ip=882
0 | 8 | S=(0,0);(0,1);(0,2) | I=(0,0) | sp=1,1,945 | ip=1
0 | 8 | S=(0,0);(0,1);(0,2) | I=(0,0) | sp=1,1,9916 | ip=1
0 | 8 | S=(0,0);(0,1);(0,2) | I=(0,0) | sp=1,1,951 | ip=1
0 | 8 | S=(0,0);(0,1);(0,2) | I=(0,0) | sp=1,882,882 | ip=883
0 | 8 | S=(0,0);(0,1);(0,2) | I=(0,0) | sp=1,882,883 | ip=882
0 | 8 | S=(0,0);(0,1);(0,2) | I=(0,0) | sp=1,882,884 | ip=1
0 | 8 | S=(0,0);(0,1);(0,2) | I=(0,0) | sp=1,882,23 | ip=882
0 | 8 | S=(0,0);(0,1);(0,2) | I=(0,0) | sp=1,882,33 | ip=882
0 | 8 | S=(0,0);(0,1);(0,2) | I=(0,0) | sp=1,882,24 | ip=1
0 | 8 | S=(0,0);(0,1);(0,2) | I=(0,0) | sp=1,882,993 | ip=1
0 | 8 | S=(0,0);(0,1);(0,2) | I=(0,0) | sp=1,882,911 | ip=1
0 | 8 | S=(0,0);(0,1);(0,2) | I=(0,0) | sp=1,882,34 | ip=1
0 | 8 | S=(0,0);(0,1);(0,2) | I=(0,0) | sp=1,882,44 | ip=1
0 | 8 | S=(0,0);(0,1);(0,2) | I=(0,0) | sp=1,882,54 | ip=1
0 | 8 | S=(0,0);(0,1);(0,2) | I=(0,0) | sp=1,882,99920 | ip=1
0 | 8 | S=(0,0);(0,1);(0,2) | I=(0,0) | sp=1,882,9914 | ip=1
0 | 8 | S=(0,0);(0,1);(0,2) | I=(0,0) | sp=1,882,944 | ip=1
0 | 8 | S=(0,0);(0,1);(0,2) | I=(0,0) | sp=1,883,1 | ip=883
0 | 8 | S=(0,0);(0,1);(0,2) | I=(0,0) | sp=1,883,882 | ip=882
0 | 8 | S=(0,0);(0,1);(0,2) | I=(0,0) | sp=1,883,883 | ip=1
0 | 8 | S=(0,0);(0,1);(0,2) | I=(0,0) | sp=1,883,23 | ip=1
0 | 8 | S=(0,0);(0,1);(0,2) | I=(0,0) | sp=1,883,33 | ip=1
0 | 8 | S=(0,0);(0,1);(0,2) | I=(0,0) | sp=1,884,1 | ip=882
0 | 8 | S=(0,0);(0,1);(0,2) | I=(0,0) | sp=1,884,882 | ip=1
0 | 8 | S=(0,0);(0,1);(0,2) | I=(0,0) | sp=1,885,1 | ip=1
0 | 8 | S=(0,0);(0,1);(0,2) | I=(0,0) | sp=1,23,1 | ip=883
0 | 8 | S=(0,0);(0,1);(0,2) | I=(0,0) | sp=1,23,882 | ip=882
0 | 8 | S=(0,0);(0,1);(0,2) | I=(0,0) | sp=1,23,883 | ip=1
0 | 8 | S=(0,0);(0,1);(0,2) | I=(0,0) | sp=1,23,23 | ip=1
0 | 8 | S=(0,0);(0,1);(0,2) | I=(0,0) | sp=1,23,33 | ip=1
0 | 8 | S=(0,0);(0,1);(0,2) | I=(0,0) | sp=1,33,1 | ip=883
0 | 8 | S=(0,0);(0,1);(0,2) | I=(0,0) | sp=1,33,882 | ip=882
0 | 8 | S=(0,0);(0,1);(0,2) | I=(0,0) | sp=1,33,883 | ip=1
0 | 8 | S=(0,0);(0,1);(0,2) | I=(0,0) | sp=1,33,23 | ip=1
0 | 8 | S=(0,0);(0,1);(0,2) | I=(0,0) | sp=1,33,33 | ip=1
0 | 8 | S=(0,0);(0,1);(0,2) | I=(0,0) | sp=1,24,1 | ip=882
0 | 8 | S=(0,0);(0,1);(0,2) | I=(0,0) | sp=1,24,882 | ip=1
0 | 8 | S=(0,0);(0,1);(0,2) | I=(0,0) | sp=1,993,1 | ip=882
0 | 8 | S=(0,0);(0,1);(0,2) | I=(0,0) | sp=1,993,882 | ip=1
0 | 8 | S=(0,0);(0,1);(0,2) | I=(0,0) | sp=1,93,97 | ip=1
0 | 8 | S=(0,0);(0,1);(0,2) | I=(0,0) | sp=1,96,1 | ip=1
0 | 8 | S=(0,0);(0,1);(0,2) | I=(0,0) | sp=1,97,93 | ip=1
0 | 8 | S=(0,0);(0,1);(0,2) | I=(0,0) | sp=1,97,97 | ip=882
0 | 8 | S=(0,0);(0,1);(0,2) | I=(0,0) | sp=1,97,9913 | ip=1
0 | 8 | S=(0,0);(0,1);(0,2) | I=(0,0) | sp=1,97,925 | ip=1
0 | 8 | S=(0,0);(0,1);(0,2) | I=(0,0) | sp=1,98,924 | ip=1
0 | 8 | S=(0,0);(0,1);(0,2) | I=(0,0) | sp=1,99,1 | ip=1
0 | 8 | S=(0,0);(0,1);(0,2) | I=(0,0) | sp=1,911,1 | ip=882
0 | 8 | S=(0,0);(0,1);(0,2) | I=(0,0) | sp=1,911,882 | ip=1
0 | 8 | S=(0,0);(0,1);(0,2) | I=(0,0) | sp=1,34,1 | ip=882
0 | 8 | S=(0,0);(0,1);(0,2) | I=(0,0) | sp=1,34,882 | ip=1
0 | 8 | S=(0,0);(0,1);(0,2) | I=(0,0) | sp=1,44,1 | ip=882
0 | 8 | S=(0,0);(0,1);(0,2) | I=(0,0) | sp=1,44,882 | ip=1
0 | 8 | S=(0,0);(0,1);(0,2) | I=(0,0) | sp=1,35,1 | ip=1
0 | 8 | S=(0,0);(0,1);(0,2) | I=(0,0) | sp=1,45,1 | ip=1
0 | 8 | S=(0,0);(0,1);(0,2) | I=(0,0) | sp=1,54,1 | ip=882
0 | 8 | S=(0,0);(0,1);(0,2) | I=(0,0) | sp=1,54,882 | ip=1
0 | 8 | S=(0,0);(0,1);(0,2) | I=(0,0) | sp=1,55,1 | ip=1
0 | 8 | S=(0,0);(0,1);(0,2) | I=(0,0) | sp=1,99920,1 | ip=882
0 | 8 | S=(0,0);(0,1);(0,2) | I=(0,0) | sp=1,99920,882 | ip=1
0 | 8 | S=(0,0);(0,1);(0,2) | I=(0,0) | sp=1,99930,1 | ip=1
0 | 8 | S=(0,0);(0,1);(0,2) | I=(0,0) | sp=1,995,1 | ip=1
0 | 8 | S=(0,0);(0,1);(0,2) | I=(0,0) | sp=1,9913,97 | ip=1
0 | 8 | S=(0,0);(0,1);(0,2) | I=(0,0) | sp=1,9914,1 | ip=882
0 | 8 | S=(0,0);(0,1);(0,2) | I=(0,0) | sp=1,9914,882 | ip=1
0 | 8 | S=(0,0);(0,1);(0,2) | I=(0,0) | sp=1,924,98 | ip=1
0 | 8 | S=(0,0);(0,1);(0,2) | I=(0,0) | sp=1,925,97 | ip=1
0 | 8 | S=(0,0);(0,1);(0,2) | I=(0,0) | sp=1,926,1 | ip=1
0 | 8 | S=(0,0);(0,1);(0,2) | I=(0,0) | sp=1,933,1 | ip=1
0 | 8 | S=(0,0);(0,1);(0,2) | I=(0,0) | sp=1,944,1 | ip=882
0 | 8 | S=(0,0);(0,1);(0,2) | I=(0,0) | sp=1,944,882 | ip=1
0 | 8 | S=(0,0);(0,1);(0,2) | I=(0,0) | sp=1,945,1 | ip=1
0 | 8 | S=(0,0);(0,1);(0,2) | I=(0,0) | sp=1,9916,1 | ip=1
0 | 8 | S=(0,0);(0,1);(0,2) | I=(0,0) | sp=1,951,1 | ip=1
0 | 8 | S=(0,0);(0,1);(0,2) | I=(0,0) | sp=882,1,882 | ip=883
0 | 8 | S=(0,0);(0,1);(0,2) | I=(0,0) | sp=882,1,883 | ip=882
0 | 8 | S=(0,0);(0,1);(0,2) | I=(0,0) | sp=882,1,884 | ip=1
0 | 8 | S=(0,0);(0,1);(0,2) | I=(0,0) | sp=882,1,23 | ip=882
0 | 8 | S=(0,0);(0,1);(0,2) | I=(0,0) | sp=882,1,33 | ip=882
0 | 8 | S=(0,0);(0,1);(0,2) | I=(0,0) | sp=882,1,24 | ip=1
0 | 8 | S=(0,0);(0,1);(0,2) | I=(0,0) | sp=882,1,993 | ip=1
0 | 8 | S=(0,0);(0,1);(0,2) | I=(0,0) | sp=882,1,911 | ip=1
0 | 8 | S=(0,0);(0,1);(0,2) | I=(0,0) | sp=882,1,34 | ip=1
0 | 8 | S=(0,0);(0,1);(0,2) | I=(0,0) | sp=882,1,44 | ip=1
0 | 8 | S=(0,0);(0,1);(0,2) | I=(0,0) | sp=882,1,54 | ip=1
0 | 8 | S=(0,0);(0,1);(0,2) | I=(0,0) | sp=882,1,99920 | ip=1
0 | 8 | S=(0,0);(0,1);(0,2) | I=(0,0) | sp=882,1,9914 | ip=1
0 | 8 | S=(0,0);(0,1);(0,2) | I=(0,0) | sp=882,1,944 | ip=1
0 | 8 | S=(0,0);(0,1);(0,2) | I=(0,0) | sp=882,882,1 | ip=883
0 | 8 | S=(0,0);(0,1);(0,2) | I=(0,0) | sp=882,882,882 | ip=882
0 | 8 | S=(0,0);(0,1);(0,2) | I=(0,0) | sp=882,882,883 | ip=1
0 | 8 | S=(0,0);(0,1);(0,2) | I=(0,0) | sp=882,882,23 | ip=1
0 | 8 | S=(0,0);(0,1);(0,2) | I=(0,0) | sp=882,882,33 | ip=1
0 | 8 | S=(0,0);(0,1);(0,2) | I=(0,0) | sp=882,883,1 | ip=882
0 | 8 | S=(0,0);(0,1);(0,2) | I=(0,0) | sp=882,883,882 | ip=1
0 | 8 | S=(0,0);(0,1);(0,2) | I=(0,0) | sp=882,884,1 | ip=1
0 | 8 | S=(0,0);(0,1);(0,2) | I=(0,0) | sp=882,23,1 | ip=882
0 | 8 | S=(0,0);(0,1);(0,2) | I=(0,0) | sp=882,23,882 | ip=1
0 | 8 | S=(0,0);(0,1);(0,2) | I=(0,0) | sp=882,33,1 | ip=882
0 | 8 | S=(0,0);(0,1);(0,2) | I=(0,0) | sp=882,33,882 | ip=1
0 | 8 | S=(0,0);(0,1);(0,2) | I=(0,0) | sp=882,24,1 | ip=1
0 | 8 | S=(0,0);(0,1);(0,2) | I=(0,0) | sp=882,993,1 | ip=1
0 | 8 | S=(0,0);(0,1);(0,2) | I=(0,0) | sp=882,97,97 | ip=1
0 | 8 | S=(0,0);(0,1);(0,2) | I=(0,0) | sp=882,911,1 | ip=1
0 | 8 | S=(0,0);(0,1);(0,2) | I=(0,0) | sp=882,34,1 | ip=1
0 | 8 | S=(0,0);(0,1);(0,2) | I=(0,0) | sp=882,44,1 | ip=1
0 | 8 | S=(0,0);(0,1);(0,2) | I=(0,0) | sp=882,54,1 | ip=1
0 | 8 | S=(0,0);(0,1);(0,2) | I=(0,0) | sp=882,99920,1 | ip=1
0 | 8 | S=(0,0);(0,1);(0,2) | I=(0,0) | sp=882,9914,1 | ip=1
0 | 8 | S=(0,0);(0,1);(0,2) | I=(0,0) | sp=882,944,1 | ip=1
0 | 8 | S=(0,0);(0,1);(0,2) | I=(0,0) | sp=883,1,1 | ip=883
0 | 8 | S=(0,0);(0,1);(0,2) | I=(0,0) | sp=883,1,882 | ip=882
0 | 8 | S=(0,0);(0,1);(0,2) | I=(0,0) | sp=883,1,883 | ip=1
0 | 8 | S=(0,0);(0,1);(0,2) | I=(0,0) | sp=883,1,23 | ip=1
0 | 8 | S=(0,0);(0,1);(0,2) | I=(0,0) | sp=883,1,33 | ip=1
0 | 8 | S=(0,0);(0,1);(0,2) | I=(0,0) | sp=883,882,1 | ip=882
0 | 8 | S=(0,0);(0,1);(0,2) | I=(0,0) | sp=883,882,882 | ip=1
0 | 8 | S=(0,0);(0,1);(0,2) | I=(0,0) | sp=883,883,1 | ip=1
0 | 8 | S=(0,0);(0,1);(0,2) | I=(0,0) | sp=883,23,1 | ip=1
0 | 8 | S=(0,0);(0,1);(0,2) | I=(0,0) | sp=883,33,1 | ip=1
0 | 8 | S=(0,0);(0,1);(0,2) | I=(0,0) | sp=884,1,1 | ip=882
0 | 8 | S=(0,0);(0,1);(0,2) | I=(0,0) | sp=884,1,882 | ip=1
0 | 8 | S=(0,0);(0,1);(0,2) | I=(0,0) | sp=884,882,1 | ip=1
0 | 8 | S=(0,0);(0,1);(0,2) | I=(0,0) | sp=885,1,1 | ip=1
0 | 8 | S=(0,0);(0,1);(0,2) | I=(0,0) | sp=23,1,1 | ip=883
0 | 8 | S=(0,0);(0,1);(0,2) | I=(0,0) | sp=23,1,882 | ip=882
0 | 8 | S=(0,0);(0,1);(0,2) | I=(0,0) | sp=23,1,883 | ip=1
0 | 8 | S=(0,0);(0,1);(0,2) | I=(0,0) | sp=23,1,23 | ip=1
0 | 8 | S=(0,0);(0,1);(0,2) | I=(0,0) | sp=23,1,33 | ip=1
0 | 8 | S=(0,0);(0,1);(0,2) | I=(0,0) | sp=23,882,1 | ip=882
0 | 8 | S=(0,0);(0,1);(0,2) | I=(0,0) | sp=23,882,882 | ip=1
0 | 8 | S=(0,0);(0,1);(0,2) | I=(0,0) | sp=23,883,1 | ip=1
0 | 8 | S=(0,0);(0,1);(0,2) | I=(0,0) | sp=23,23,1 | ip=1
0 | 8 | S=(0,0);(0,1);(0,2) | I=(0,0) | sp=23,33,1 | ip=1
0 | 8 | S=(0,0);(0,1);(0,2) | I=(0,0) | sp=33,1,1 | ip=883
0 | 8 | S=(0,0);(0,1);(0,2) | I=(0,0) | sp=33,1,882 | ip=882
0 | 8 | S=(0,0);(0,1);(0,2) | I=(0,0) | sp=33,1,883 | ip=1
0 | 8 | S=(0,0);(0,1);(0,2) | I=(0,0) | sp=33,1,23 | ip=1
0 | 8 | S=(0,0);(0,1);(0,2) | I=(0,0) | sp=33,1,33 | ip=1
0 | 8 | S=(0,0);(0,1);(0,2) | I=(0,0) | sp=33,882,1 | ip=882
0 | 8 | S=(0,0);(0,1);(0,2) | I=(0,0) | sp=33,882,882 | ip=1
0 | 8 | S=(0,0);(0,1);(0,2) | I=(0,0) | sp=33,883,1 | ip=1
0 | 8 | S=(0,0);(0,1);(0,2) | I=(0,0) | sp=33,23,1 | ip=1
0 | 8 | S=(0,0);(0,1);(0,2) | I=(0,0) | sp=33,33,1 | ip=1
0 | 8 | S=(0,0);(0,1);(0,2) | I=(0,0) | sp=24,1,1 | ip=882
0 | 8 | S=(0,0);(0,1);(0,2) | I=(0,0) | sp=24,1,882 | ip=1
0 | 8 | S=(0,0);(0,1);(0,2) | I=(0,0) | sp=24,882,1 | ip=1
0 | 8 | S=(0,0);(0,1);(0,2) | I=(0,0) | sp=993,1,1 | ip=882
0 | 8 | S=(0,0);(0,1);(0,2) | I=(0,0) | sp=993,1,882 | ip=1
0 | 8 | S=(0,0);(0,1);(0,2) | I=(0,0) | sp=993,882,1 | ip=1
0 | 8 | S=(0,0);(0,1);(0,2) | I=(0,0) | sp=93,1,97 | ip=1
0 | 8 | S=(0,0);(0,1);(0,2) | I=(0,0) | sp=93,97,1 | ip=1
0 | 8 | S=(0,0);(0,1);(0,2) | I=(0,0) | sp=96,1,1 | ip=1
0 | 8 | S=(0,0);(0,1);(0,2) | I=(0,0) | sp=97,1,93 | ip=1
0 | 8 | S=(0,0);(0,1);(0,2) | I=(0,0) | sp=97,1,97 | ip=882
0 | 8 | S=(0,0);(0,1);(0,2) | I=(0,0) | sp=97,1,9913 | ip=1
0 | 8 | S=(0,0);(0,1);(0,2) | I=(0,0) | sp=97,1,925 | ip=1
0 | 8 | S=(0,0);(0,1);(0,2) | I=(0,0) | sp=97,882,97 | ip=1
0 | 8 | S=(0,0);(0,1);(0,2) | I=(0,0) | sp=97,93,1 | ip=1
0 | 8 | S=(0,0);(0,1);(0,2) | I=(0,0) | sp=97,97,1 | ip=882
0 | 8 | S=(0,0);(0,1);(0,2) | I=(0,0) | sp=97,97,882 | ip=1
0 | 8 | S=(0,0);(0,1);(0,2) | I=(0,0) | sp=97,9913,1 | ip=1
0 | 8 | S=(0,0);(0,1);(0,2) | I=(0,0) | sp=97,925,1 | ip=1
0 | 8 | S=(0,0);(0,1);(0,2) | I=(0,0) | sp=98,1,924 | ip=1
0 | 8 | S=(0,0);(0,1);(0,2) | I=(0,0) | sp=98,924,1 | ip=1
0 | 8 | S=(0,0);(0,1);(0,2) | I=(0,0) | sp=99,1,1 | ip=1
0 | 8 | S=(0,0);(0,1);(0,2) | I=(0,0) | sp=911,1,1 | ip=882
0 | 8 | S=(0,0);(0,1);(0,2) | I=(0,0) | sp=911,1,882 | ip=1
0 | 8 | S=(0,0);(0,1);(0,2) | I=(0,0) | sp=911,882,1 | ip=1
0 | 8 | S=(0,0);(0,1);(0,2) | I=(0,0) | sp=34,1,1 | ip=882
0 | 8 | S=(0,0);(0,1);(0,2) | I=(0,0) | sp=34,1,882 | ip=1
0 | 8 | S=(0,0);(0,1);(0,2) | I=(0,0) | sp=34,882,1 | ip=1
0 | 8 | S=(0,0);(0,1);(0,2) | I=(0,0) | sp=44,1,1 | ip=882
0 | 8 | S=(0,0);(0,1);(0,2) | I=(0,0) | sp=44,1,882 | ip=1
0 | 8 | S=(0,0);(0,1);(0,2) | I=(0,0) | sp=44,882,1 | ip=1
0 | 8 | S=(0,0);(0,1);(0,2) | I=(0,0) | sp=35,1,1 | ip=1
0 | 8 | S=(0,0);(0,1);(0,2) | I=(0,0) | sp=45,1,1 | ip=1
0 | 8 | S=(0,0);(0,1);(0,2) | I=(0,0) | sp=54,1,1 | ip=882
0 | 8 | S=(0,0);(0,1);(0,2) | I=(0,0) | sp=54,1,882 | ip=1
0 | 8 | S=(0,0);(0,1);(0,2) | I=(0,0) | sp=54,882,1 | ip=1
0 | 8 | S=(0,0);(0,1);(0,2) | I=(0,0) | sp=55,1,1 | ip=1
0 | 8 | S=(0,0);(0,1);(0,2) | I=(0,0) | sp=99920,1,1 | ip=882
0 | 8 | S=(0,0);(0,1);(0,2) | I=(0,0) | sp=99920,1,882 | ip=1
0 | 8 | S=(0,0);(0,1);(0,2) | I=(0,0) | sp=99920,882,1 | ip=1
0 | 8 | S=(0,0);(0,1);(0,2) | I=(0,0) | sp=99930,1,1 | ip=1
0 | 8 | S=(0,0);(0,1);(0,2) | I=(0,0) | sp=995,1,1 | ip=1
0 | 8 | S=(0,0);(0,1);(0,2) | I=(0,0) | sp=9913,1,97 | ip=1
0 | 8 | S=(0,0);(0,1);(0,2) | I=(0,0) | sp=9913,97,1 | ip=1
0 | 8 | S=(0,0);(0,1);(0,2) | I=(0,0) | sp=9914,1,1 | ip=882
0 | 8 | S=(0,0);(0,1);(0,2) | I=(0,0) | sp=9914,1,882 | ip=1
0 | 8 | S=(0,0);(0,1);(0,2) | I=(0,0) | sp=9914,882,1 | ip=1
0 | 8 | S=(0,0);(0,1);(0,2) | I=(0,0) | sp=924,1,98 | ip=1
0 | 8 | S=(0,0);(0,1);(0,2) | I=(0,0) | sp=924,98,1 | ip=1
0 | 8 | S=(0,0);(0,1);(0,2) | I=(0,0) | sp=925,1,97 | ip=1
0 | 8 | S=(0,0);(0,1);(0,2) | I=(0,0) | sp=925,97,1 | ip=1
0 | 8 | S=(0,0);(0,1);(0,2) | I=(0,0) | sp=926,1,1 | ip=1
0 | 8 | S=(0,0);(0,1);(0,2) | I=(0,0) | sp=933,1,1 | ip=1
0 | 8 | S=(0,0);(0,1);(0,2) | I=(0,0) | sp=944,1,1 | ip=882
0 | 8 | S=(0,0);(0,1);(0,2) | I=(0,0) | sp=944,1,882 | ip=1
0 | 8 | S=(0,0);(0,1);(0,2) | I=(0,0) | sp=944,882,1 | ip=1
0 | 8 | S=(0,0);(0,1);(0,2) | I=(0,0) | sp=945,1,1 | ip=1
0 | 8 | S=(0,0);(0,1);(0,2) | I=(0,0) | sp=9916,1,1 | ip=1
0 | 8 | S=(0,0);(0,1);(0,2) | I=(0,0) | sp=951,1,1 | ip=1
0 | 12 | S=(0,0);(0,1);(0,2) | I=(0,0) | sp=1,1,887 | ip=883
0 | 12 | S=(0,0);(0,1);(0,2) | I=(0,0) | sp=1,1,8881 | ip=882
0 | 12 | S=(0,0);(0,1);(0,2) | I=(0,0) | sp=1,1,889 | ip=1
0 | 12 | S=(0,0);(0,1);(0,2) | I=(0,0) | sp=1,1,95 | ip=883
0 | 12 | S=(0,0);(0,1);(0,2) | I=(0,0) | sp=1,1,998 | ip=883
0 | 12 | S=(0,0);(0,1);(0,2) | I=(0,0) | sp=1,1,999 | ip=882
0 | 12 | S=(0,0);(0,1);(0,2) | I=(0,0) | sp=1,1,923 | ip=883
0 | 12 | S=(0,0);(0,1);(0,2) | I=(0,0) | sp=1,1,948 | ip=882
0 | 12 | S=(0,0);(0,1);(0,2) | I=(0,0) | sp=1,1,949 | ip=1
0 | 12 | S=(0,0);(0,1);(0,2) | I=(0,0) | sp=1,1,950 | ip=883
0 | 12 | S=(0,0);(0,1);(0,2) | I=(0,0) | sp=1,882,886 | ip=883
0 | 12 | S=(0,0);(0,1);(0,2) | I=(0,0) | sp=1,882,887 | ip=882
0 | 12 | S=(0,0);(0,1);(0,2) | I=(0,0) | sp=1,882,8881 | ip=1
0 | 12 | S=(0,0);(0,1);(0,2) | I=(0,0) | sp=1,882,94 | ip=883
0 | 12 | S=(0,0);(0,1);(0,2) | I=(0,0) | sp=1,882,95 | ip=882
0 | 12 | S=(0,0);(0,1);(0,2) | I=(0,0) | sp=1,882,996 | ip=883
0 | 12 | S=(0,0);(0,1);(0,2) | I=(0,0) | sp=1,882,998 | ip=882
0 | 12 | S=(0,0);(0,1);(0,2) | I=(0,0) | sp=1,882,999 | ip=1
0 | 12 | S=(0,0);(0,1);(0,2) | I=(0,0) | sp=1,882,919 | ip=883
0 | 12 | S=(0,0);(0,1);(0,2) | I=(0,0) | sp=1,882,923 | ip=882
0 | 12 | S=(0,0);(0,1);(0,2) | I=(0,0) | sp=1,882,9915 | ip=883
0 | 12 | S=(0,0);(0,1);(0,2) | I=(0,0) | sp=1,882,946 | ip=883
0 | 12 | S=(0,0);(0,1);(0,2) | I=(0,0) | sp=1,882,948 | ip=1
0 | 12 | S=(0,0);(0,1);(0,2) | I=(0,0) | sp=1,882,950 | ip=882
0 | 12 | S=(0,0);(0,1);(0,2) | I=(0,0) | sp=1,883,885 | ip=883
0 | 12 | S=(0,0);(0,1);(0,2) | I=(0,0) | sp=1,883,886 | ip=882
0 | 12 | S=(0,0);(0,1);(0,2) | I=(0,0) | sp=1,883,887 | ip=1
0 | 12 | S=(0,0);(0,1);(0,2) | I=(0,0) | sp=1,883,94 | ip=882
0 | 12 | S=(0,0);(0,1);(0,2) | I=(0,0) | sp=1,883,95 | ip=1
0 | 12 | S=(0,0);(0,1);(0,2) | I=(0,0) | sp=1,883,96 | ip=883
0 | 12 | S=(0,0);(0,1);(0,2) | I=(0,0) | sp=1,883,35 | ip=883
0 | 12 | S=(0,0);(0,1);(0,2) | I=(0,0) | sp=1,883,45 | ip=883
0 | 12 | S=(0,0);(0,1);(0,2) | I=(0,0) | sp=1,883,55 | ip=883
0 | 12 | S=(0,0);(0,1);(0,2) | I=(0,0) | sp=1,883,99930 | ip=883
0 | 12 | S=(0,0);(0,1);(0,2) | I=(0,0) | sp=1,883,996 | ip=882
0 | 12 | S=(0,0);(0,1);(0,2) | I=(0,0) | sp=1,883,998 | ip=1
0 | 12 | S=(0,0);(0,1);(0,2) | I=(0,0) | sp=1,883,919 | ip=882
0 | 12 | S=(0,0);(0,1);(0,2) | I=(0,0) | sp=1,883,923 | ip=1
0 | 12 | S=(0,0);(0,1);(0,2) | I=(0,0) | sp=1,883,945 | ip=883
0 | 12 | S=(0,0);(0,1);(0,2) | I=(0,0) | sp=1,883,9915 | ip=882
0 | 12 | S=(0,0);(0,1);(0,2) | I=(0,0) | sp=1,883,946 | ip=882
0 | 12 | S=(0,0);(0,1);(0,2) | I=(0,0) | sp=1,883,950 | ip=1
0 | 12 | S=(0,0);(0,1);(0,2) | I=(0,0) | sp=1,884,884 | ip=883
0 | 12 | S=(0,0);(0,1);(0,2) | I=(0,0) | sp=1,884,885 | ip=882
0 | 12 | S=(0,0);(0,1);(0,2) | I=(0,0) | sp=1,884,886 | ip=1
0 | 12 | S=(0,0);(0,1);(0,2) | I=(0,0) | sp=1,884,24 | ip=883
0 | 12 | S=(0,0);(0,1);(0,2) | I=(0,0) | sp=1,884,94 | ip=1
0 | 12 | S=(0,0);(0,1);(0,2) | I=(0,0) | sp=1,884,96 | ip=882
0 | 12 | S=(0,0);(0,1);(0,2) | I=(0,0) | sp=1,884,35 | ip=882
0 | 12 | S=(0,0);(0,1);(0,2) | I=(0,0) | sp=1,884,45 | ip=882
0 | 12 | S=(0,0);(0,1);(0,2) | I=(0,0) | sp=1,884,55 | ip=882
0 | 12 | S=(0,0);(0,1);(0,2) | I=(0,0) | sp=1,884,99930 | ip=882
0 | 12 | S=(0,0);(0,1);(0,2) | I=(0,0) | sp=1,884,996 | ip=1
0 | 12 | S=(0,0);(0,1);(0,2) | I=(0,0) | sp=1,884,919 | ip=1
0 | 12 | S=(0,0);(0,1);(0,2) | I=(0,0) | sp=1,884,945 | ip=882
0 | 12 | S=(0,0);(0,1);(0,2) | I=(0,0) | sp=1,884,9915 | ip=1
0 | 12 | S=(0,0);(0,1);(0,2) | I=(0,0) | sp=1,884,946 | ip=1
0 | 12 | S=(0,0);(0,1);(0,2) | I=(0,0) | sp=1,885,883 | ip=883
0 | 12 | S=(0,0);(0,1);(0,2) | I=(0,0) | sp=1,885,884 | ip=882
0 | 12 | S=(0,0);(0,1);(0,2) | I=(0,0) | sp=1,885,885 | ip=1
0 | 12 | S=(0,0);(0,1);(0,2) | I=(0,0) | sp=1,885,24 | ip=882
0 | 12 | S=(0,0);(0,1);(0,2) | I=(0,0) | sp=1,885,96 | ip=1
0 | 12 | S=(0,0);(0,1);(0,2) | I=(0,0) | sp=1,885,35 | ip=1
0 | 12 | S=(0,0);(0,1);(0,2) | I=(0,0) | sp=1,885,45 | ip=1
0 | 12 | S=(0,0);(0,1);(0,2) | I=(0,0) | sp=1,885,55 | ip=1
0 | 12 | S=(0,0);(0,1);(0,2) | I=(0,0) | sp=1,885,99930 | ip=1
0 | 12 | S=(0,0);(0,1);(0,2) | I=(0,0) | sp=1,885,945 | ip=1
0 | 12 | S=(0,0);(0,1);(0,2) | I=(0,0) | sp=1,886,882 | ip=883
0 | 12 | S=(0,0);(0,1);(0,2) | I=(0,0) | sp=1,886,883 | ip=882
0 | 12 | S=(0,0);(0,1);(0,2) | I=(0,0) | sp=1,886,884 | ip=1
0 | 12 | S=(0,0);(0,1);(0,2) | I=(0,0) | sp=1,886,24 | ip=1
0 | 12 | S=(0,0);(0,1);(0,2) | I=(0,0) | sp=1,887,1 | ip=883
0 | 12 | S=(0,0);(0,1);(0,2) | I=(0,0) | sp=1,887,882 | ip=882
0 | 12 | S=(0,0);(0,1);(0,2) | I=(0,0) | sp=1,887,883 | ip=1
0 | 12 | S=(0,0);(0,1);(0,2) | I=(0,0) | sp=1,8881,1 | ip=882
0 | 12 | S=(0,0);(0,1);(0,2) | I=(0,0) | sp=1,8881,882 | ip=1
0 | 12 | S=(0,0);(0,1);(0,2) | I=(0,0) | sp=1,889,1 | ip=1
0 | 12 | S=(0,0);(0,1);(0,2) | I=(0,0) | sp=1,24,884 | ip=883
0 | 12 | S=(0,0);(0,1);(0,2) | I=(0,0) | sp=1,24,885 | ip=882
0 | 12 | S=(0,0);(0,1);(0,2) | I=(0,0) | sp=1,24,886 | ip=1
0 | 12 | S=(0,0);(0,1);(0,2) | I=(0,0) | sp=1,24,24 | ip=883
0 | 12 | S=(0,0);(0,1);(0,2) | I=(0,0) | sp=1,24,94 | ip=1
0 | 12 | S=(0,0);(0,1);(0,2) | I=(0,0) | sp=1,24,96 | ip=882
0 | 12 | S=(0,0);(0,1);(0,2) | I=(0,0) | sp=1,24,35 | ip=882
0 | 12 | S=(0,0);(0,1);(0,2) | I=(0,0) | sp=1,24,45 | ip=882
0 | 12 | S=(0,0);(0,1);(0,2) | I=(0,0) | sp=1,24,55 | ip=882
0 | 12 | S=(0,0);(0,1);(0,2) | I=(0,0) | sp=1,24,99930 | ip=882
0 | 12 | S=(0,0);(0,1);(0,2) | I=(0,0) | sp=1,24,996 | ip=1
0 | 12 | S=(0,0);(0,1);(0,2) | I=(0,0) | sp=1,24,919 | ip=1
0 | 12 | S=(0,0);(0,1);(0,2) | I=(0,0) | sp=1,24,945 | ip=882
0 | 12 | S=(0,0);(0,1);(0,2) | I=(0,0) | sp=1,24,9915 | ip=1
0 | 12 | S=(0,0);(0,1);(0,2) | I=(0,0) | sp=1,24,946 | ip=1
0 | 12 | S=(0,0);(0,1);(0,2) | I=(0,0) | sp=1,93,9912 | ip=883
0 | 12 | S=(0,0);(0,1);(0,2) | I=(0,0) | sp=1,93,947 | ip=882
0 | 12 | S=(0,0);(0,1);(0,2) | I=(0,0) | sp=1,94,882 | ip=883
0 | 12 | S=(0,0);(0,1);(0,2) | I=(0,0) | sp=1,94,883 | ip=882
0 | 12 | S=(0,0);(0,1);(0,2) | I=(0,0) | sp=1,94,884 | ip=1
0 | 12 | S=(0,0);(0,1);(0,2) | I=(0,0) | sp=1,94,24 | ip=1
0 | 12 | S=(0,0);(0,1);(0,2) | I=(0,0) | sp=1,95,1 | ip=883
0 | 12 | S=(0,0);(0,1);(0,2) | I=(0,0) | sp=1,95,882 | ip=882
0 | 12 | S=(0,0);(0,1);(0,2) | I=(0,0) | sp=1,95,883 | ip=1
0 | 12 | S=(0,0);(0,1);(0,2) | I=(0,0) | sp=1,96,883 | ip=883
0 | 12 | S=(0,0);(0,1);(0,2) | I=(0,0) | sp=1,96,884 | ip=882
0 | 12 | S=(0,0);(0,1);(0,2) | I=(0,0) | sp=1,96,885 | ip=1
0 | 12 | S=(0,0);(0,1);(0,2) | I=(0,0) | sp=1,96,24 | ip=882
0 | 12 | S=(0,0);(0,1);(0,2) | I=(0,0) | sp=1,96,96 | ip=1
0 | 12 | S=(0,0);(0,1);(0,2) | I=(0,0) | sp=1,96,35 | ip=1
0 | 12 | S=(0,0);(0,1);(0,2) | I=(0,0) | sp=1,96,45 | ip=1
0 | 12 | S=(0,0);(0,1);(0,2) | I=(0,0) | sp=1,96,55 | ip=1
0 | 12 | S=(0,0);(0,1);(0,2) | I=(0,0) | sp=1,96,99930 | ip=1
0 | 12 | S=(0,0);(0,1);(0,2) | I=(0,0) | sp=1,96,945 | ip=1
0 | 12 | S=(0,0);(0,1);(0,2) | I=(0,0) | sp=1,35,883 | ip=883
0 | 12 | S=(0,0);(0,1);(0,2) | I=(0,0) | sp=1,35,884 | ip=882
0 | 12 | S=(0,0);(0,1);(0,2) | I=(0,0) | sp=1,35,885 | ip=1
0 | 12 | S=(0,0);(0,1);(0,2) | I=(0,0) | sp=1,35,24 | ip=882
0 | 12 | S=(0,0);(0,1);(0,2) | I=(0,0) | sp=1,35,96 | ip=1
0 | 12 | S=(0,0);(0,1);(0,2) | I=(0,0) | sp=1,35,35 | ip=1
0 | 12 | S=(0,0);(0,1);(0,2) | I=(0,0) | sp=1,35,45 | ip=1
0 | 12 | S=(0,0);(0,1);(0,2) | I=(0,0) | sp=1,35,55 | ip=1
0 | 12 | S=(0,0);(0,1);(0,2) | I=(0,0) | sp=1,35,99930 | ip=1
0 | 12 | S=(0,0);(0,1);(0,2) | I=(0,0) | sp=1,35,945 | ip=1
0 | 12 | S=(0,0);(0,1);(0,2) | I=(0,0) | sp=1,45,883 | ip=883
0 | 12 | S=(0,0);(0,1);(0,2) | I=(0,0) | sp=1,45,884 | ip=882
0 | 12 | S=(0,0);(0,1);(0,2) | I=(0,0) | sp=1,45,885 | ip=1
0 | 12 | S=(0,0);(0,1);(0,2) | I=(0,0) | sp=1,45,24 | ip=882
0 | 12 | S=(0,0);(0,1);(0,2) | I=(0,0) | sp=1,45,96 | ip=1
0 | 12 | S=(0,0);(0,1);(0,2) | I=(0,0) | sp=1,45,35 | ip=1
0 | 12 | S=(0,0);(0,1);(0,2) | I=(0,0) | sp=1,45,45 | ip=1
0 | 12 | S=(0,0);(0,1);(0,2) | I=(0,0) | sp=1,45,55 | ip=1
0 | 12 | S=(0,0);(0,1);(0,2) | I=(0,0) | sp=1,45,99930 | ip=1
0 | 12 | S=(0,0);(0,1);(0,2) | I=(0,0) | sp=1,45,945 | ip=1
0 | 12 | S=(0,0);(0,1);(0,2) | I=(0,0) | sp=1,55,883 | ip=883
0 | 12 | S=(0,0);(0,1);(0,2) | I=(0,0) | sp=1,55,884 | ip=882
0 | 12 | S=(0,0);(0,1);(0,2) | I=(0,0) | sp=1,55,885 | ip=1
0 | 12 | S=(0,0);(0,1);(0,2) | I=(0,0) | sp=1,55,24 | ip=882
0 | 12 | S=(0,0);(0,1);(0,2) | I=(0,0) | sp=1,55,96 | ip=1
0 | 12 | S=(0,0);(0,1);(0,2) | I=(0,0) | sp=1,55,35 | ip=1
0 | 12 | S=(0,0);(0,1);(0,2) | I=(0,0) | sp=1,55,45 | ip=1
0 | 12 | S=(0,0);(0,1);(0,2) | I=(0,0) | sp=1,55,55 | ip=1
0 | 12 | S=(0,0);(0,1);(0,2) | I=(0,0) | sp=1,55,99930 | ip=1
0 | 12 | S=(0,0);(0,1);(0,2) | I=(0,0) | sp=1,55,945 | ip=1
0 | 12 | S=(0,0);(0,1);(0,2) | I=(0,0) | sp=1,99930,883 | ip=883
0 | 12 | S=(0,0);(0,1);(0,2) | I=(0,0) | sp=1,99930,884 | ip=882
0 | 12 | S=(0,0);(0,1);(0,2) | I=(0,0) | sp=1,99930,885 | ip=1
0 | 12 | S=(0,0);(0,1);(0,2) | I=(0,0) | sp=1,99930,24 | ip=882
0 | 12 | S=(0,0);(0,1);(0,2) | I=(0,0) | sp=1,99930,96 | ip=1
0 | 12 | S=(0,0);(0,1);(0,2) | I=(0,0) | sp=1,99930,35 | ip=1
0 | 12 | S=(0,0);(0,1);(0,2) | I=(0,0) | sp=1,99930,45 | ip=1
0 | 12 | S=(0,0);(0,1);(0,2) | I=(0,0) | sp=1,99930,55 | ip=1
0 | 12 | S=(0,0);(0,1);(0,2) | I=(0,0) | sp=1,99930,99930 | ip=1
0 | 12 | S=(0,0);(0,1);(0,2) | I=(0,0) | sp=1,99930,945 | ip=1
0 | 12 | S=(0,0);(0,1);(0,2) | I=(0,0) | sp=1,996,882 | ip=883
0 | 12 | S=(0,0);(0,1);(0,2) | I=(0,0) | sp=1,996,883 | ip=882
0 | 12 | S=(0,0);(0,1);(0,2) | I=(0,0) | sp=1,996,884 | ip=1
0 | 12 | S=(0,0);(0,1);(0,2) | I=(0,0) | sp=1,996,24 | ip=1
0 | 12 | S=(0,0);(0,1);(0,2) | I=(0,0) | sp=1,998,1 | ip=883
0 | 12 | S=(0,0);(0,1);(0,2) | I=(0,0) | sp=1,998,882 | ip=882
0 | 12 | S=(0,0);(0,1);(0,2) | I=(0,0) | sp=1,998,883 | ip=1
0 | 12 | S=(0,0);(0,1);(0,2) | I=(0,0) | sp=1,999,1 | ip=882
0 | 12 | S=(0,0);(0,1);(0,2) | I=(0,0) | sp=1,999,882 | ip=1
0 | 12 | S=(0,0);(0,1);(0,2) | I=(0,0) | sp=1,9912,93 | ip=883
0 | 12 | S=(0,0);(0,1);(0,2) | I=(0,0) | sp=1,9912,9912 | ip=882
0 | 12 | S=(0,0);(0,1);(0,2) | I=(0,0) | sp=1,9912,947 | ip=1
0 | 12 | S=(0,0);(0,1);(0,2) | I=(0,0) | sp=1,918,922 | ip=882
0 | 12 | S=(0,0);(0,1);(0,2) | I=(0,0) | sp=1,919,882 | ip=883
0 | 12 | S=(0,0);(0,1);(0,2) | I=(0,0) | sp=1,919,883 | ip=882
0 | 12 | S=(0,0);(0,1);(0,2) | I=(0,0) | sp=1,919,884 | ip=1
0 | 12 | S=(0,0);(0,1);(0,2) | I=(0,0) | sp=1,919,24 | ip=1
0 | 12 | S=(0,0);(0,1);(0,2) | I=(0,0) | sp=1,922,918 | ip=882
0 | 12 | S=(0,0);(0,1);(0,2) | I=(0,0) | sp=1,923,1 | ip=883
0 | 12 | S=(0,0);(0,1);(0,2) | I=(0,0) | sp=1,923,882 | ip=882
0 | 12 | S=(0,0);(0,1);(0,2) | I=(0,0) | sp=1,923,883 | ip=1
0 | 12 | S=(0,0);(0,1);(0,2) | I=(0,0) | sp=1,945,883 | ip=883
0 | 12 | S=(0,0);(0,1);(0,2) | I=(0,0) | sp=1,945,884 | ip=882
0 | 12 | S=(0,0);(0,1);(0,2) | I=(0,0) | sp=1,945,885 | ip=1
0 | 12 | S=(0,0);(0,1);(0,2) | I=(0,0) | sp=1,945,24 | ip=882
0 | 12 | S=(0,0);(0,1);(0,2) | I=(0,0) | sp=1,945,96 | ip=1
0 | 12 | S=(0,0);(0,1);(0,2) | I=(0,0) | sp=1,945,35 | ip=1
0 | 12 | S=(0,0);(0,1);(0,2) | I=(0,0) | sp=1,945,45 | ip=1
0 | 12 | S=(0,0);(0,1);(0,2) | I=(0,0) | sp=1,945,55 | ip=1
0 | 12 | S=(0,0);(0,1);(0,2) | I=(0,0) | sp=1,945,99930 | ip=1
0 | 12 | S=(0,0);(0,1);(0,2) | I=(0,0) | sp=1,945,945 | ip=1
0 | 12 | S=(0,0);(0,1);(0,2) | I=(0,0) | sp=1,9915,882 | ip=883
0 | 12 | S=(0,0);(0,1);(0,2) | I=(0,0) | sp=1,9915,883 | ip=882
0 | 12 | S=(0,0);(0,1);(0,2) | I=(0,0) | sp=1,9915,884 | ip=1
0 | 12 | S=(0,0);(0,1);(0,2) | I=(0,0) | sp=1,9915,24 | ip=1
0 | 12 | S=(0,0);(0,1);(0,2) | I=(0,0) | sp=1,946,882 | ip=883
0 | 12 | S=(0,0);(0,1);(0,2) | I=(0,0) | sp=1,946,883 | ip=882
0 | 12 | S=(0,0);(0,1);(0,2) | I=(0,0) | sp=1,946,884 | ip=1
0 | 12 | S=(0,0);(0,1);(0,2) | I=(0,0) | sp=1,946,24 | ip=1
0 | 12 | S=(0,0);(0,1);(0,2) | I=(0,0) | sp=1,947,93 | ip=882
0 | 12 | S=(0,0);(0,1);(0,2) | I=(0,0) | sp=1,947,9912 | ip=1
0 | 12 | S=(0,0);(0,1);(0,2) | I=(0,0) | sp=1,948,1 | ip=882
0 | 12 | S=(0,0);(0,1);(0,2) | I=(0,0) | sp=1,948,882 | ip=1
0 | 12 | S=(0,0);(0,1);(0,2) | I=(0,0) | sp=1,949,1 | ip=1
0 | 12 | S=(0,0);(0,1);(0,2) | I=(0,0) | sp=1,950,1 | ip=883
0 | 12 | S=(0,0);(0,1);(0,2) | I=(0,0) | sp=1,950,882 | ip=882
0 | 12 | S=(0,0);(0,1);(0,2) | I=(0,0) | sp=1,950,883 | ip=1
0 | 12 | S=(0,0);(0,1);(0,2) | I=(0,0) | sp=882,1,886 | ip=883
0 | 12 | S=(0,0);(0,1);(0,2) | I=(0,0) | sp=882,1,887 | ip=882
0 | 12 | S=(0,0);(0,1);(0,2) | I=(0,0) | sp=882,1,8881 | ip=1
0 | 12 | S=(0,0);(0,1);(0,2) | I=(0,0) | sp=882,1,94 | ip=883
0 | 12 | S=(0,0);(0,1);(0,2) | I=(0,0) | sp=882,1,95 | ip=882
0 | 12 | S=(0,0);(0,1);(0,2) | I=(0,0) | sp=882,1,996 | ip=883
0 | 12 | S=(0,0);(0,1);(0,2) | I=(0,0) | sp=882,1,998 | ip=882
0 | 12 | S=(0,0);(0,1);(0,2) | I=(0,0) | sp=882,1,999 | ip=1
0 | 12 | S=(0,0);(0,1);(0,2) | I=(0,0) | sp=882,1,919 | ip=883
0 | 12 | S=(0,0);(0,1);(0,2) | I=(0,0) | sp=882,1,923 | ip=882
0 | 12 | S=(0,0);(0,1);(0,2) | I=(0,0) | sp=882,1,9915 | ip=883
0 | 12 | S=(0,0);(0,1);(0,2) | I=(0,0) | sp=882,1,946 | ip=883
0 | 12 | S=(0,0);(0,1);(0,2) | I=(0,0) | sp=882,1,948 | ip=1
0 | 12 | S=(0,0);(0,1);(0,2) | I=(0,0) | sp=882,1,950 | ip=882
0 | 12 | S=(0,0);(0,1);(0,2) | I=(0,0) | sp=882,882,885 | ip=883
0 | 12 | S=(0,0);(0,1);(0,2) | I=(0,0) | sp=882,882,886 | ip=882
0 | 12 | S=(0,0);(0,1);(0,2) | I=(0,0) | sp=882,882,887 | ip=1
0 | 12 | S=(0,0);(0,1);(0,2) | I=(0,0) | sp=882,882,94 | ip=882
0 | 12 | S=(0,0);(0,1);(0,2) | I=(0,0) | sp=882,882,95 | ip=1
0 | 12 | S=(0,0);(0,1);(0,2) | I=(0,0) | sp=882,882,96 | ip=883
0 | 12 | S=(0,0);(0,1);(0,2) | I=(0,0) | sp=882,882,35 | ip=883
0 | 12 | S=(0,0);(0,1);(0,2) | I=(0,0) | sp=882,882,45 | ip=883
0 | 12 | S=(0,0);(0,1);(0,2) | I=(0,0) | sp=882,882,55 | ip=883
0 | 12 | S=(0,0);(0,1);(0,2) | I=(0,0) | sp=882,882,99930 | ip=883
0 | 12 | S=(0,0);(0,1);(0,2) | I=(0,0) | sp=882,882,996 | ip=882
0 | 12 | S=(0,0);(0,1);(0,2) | I=(0,0) | sp=882,882,998 | ip=1
0 | 12 | S=(0,0);(0,1);(0,2) | I=(0,0) | sp=882,882,919 | ip=882
0 | 12 | S=(0,0);(0,1);(0,2) | I=(0,0) | sp=882,882,923 | ip=1
0 | 12 | S=(0,0);(0,1);(0,2) | I=(0,0) | sp=882,882,945 | ip=883
0 | 12 | S=(0,0);(0,1);(0,2) | I=(0,0) | sp=882,882,9915 | ip=882
0 | 12 | S=(0,0);(0,1);(0,2) | I=(0,0) | sp=882,882,946 | ip=882
0 | 12 | S=(0,0);(0,1);(0,2) | I=(0,0) | sp=882,882,950 | ip=1
0 | 12 | S=(0,0);(0,1);(0,2) | I=(0,0) | sp=882,883,884 | ip=883
0 | 12 | S=(0,0);(0,1);(0,2) | I=(0,0) | sp=882,883,885 | ip=882
0 | 12 | S=(0,0);(0,1);(0,2) | I=(0,0) | sp=882,883,886 | ip=1
0 | 12 | S=(0,0);(0,1);(0,2) | I=(0,0) | sp=882,883,24 | ip=883
0 | 12 | S=(0,0);(0,1);(0,2) | I=(0,0) | sp=882,883,94 | ip=1
0 | 12 | S=(0,0);(0,1);(0,2) | I=(0,0) | sp=882,883,96 | ip=882
0 | 12 | S=(0,0);(0,1);(0,2) | I=(0,0) | sp=882,883,35 | ip=882
0 | 12 | S=(0,0);(0,1);(0,2) | I=(0,0) | sp=882,883,45 | ip=882
0 | 12 | S=(0,0);(0,1);(0,2) | I=(0,0) | sp=882,883,55 | ip=882
0 | 12 | S=(0,0);(0,1);(0,2) | I=(0,0) | sp=882,883,99930 | ip=882
0 | 12 | S=(0,0);(0,1);(0,2) | I=(0,0) | sp=882,883,996 | ip=1
0 | 12 | S=(0,0);(0,1);(0,2) | I=(0,0) | sp=882,883,919 | ip=1
0 | 12 | S=(0,0);(0,1);(0,2) | I=(0,0) | sp=882,883,945 | ip=882
0 | 12 | S=(0,0);(0,1);(0,2) | I=(0,0) | sp=882,883,9915 | ip=1
0 | 12 | S=(0,0);(0,1);(0,2) | I=(0,0) | sp=882,883,946 | ip=1
0 | 12 | S=(0,0);(0,1);(0,2) | I=(0,0) | sp=882,884,883 | ip=883
0 | 12 | S=(0,0);(0,1);(0,2) | I=(0,0) | sp=882,884,884 | ip=882
0 | 12 | S=(0,0);(0,1);(0,2) | I=(0,0) | sp=882,884,885 | ip=1
0 | 12 | S=(0,0);(0,1);(0,2) | I=(0,0) | sp=882,884,24 | ip=882
0 | 12 | S=(0,0);(0,1);(0,2) | I=(0,0) | sp=882,884,96 | ip=1
0 | 12 | S=(0,0);(0,1);(0,2) | I=(0,0) | sp=882,884,35 | ip=1
0 | 12 | S=(0,0);(0,1);(0,2) | I=(0,0) | sp=882,884,45 | ip=1
0 | 12 | S=(0,0);(0,1);(0,2) | I=(0,0) | sp=882,884,55 | ip=1
0 | 12 | S=(0,0);(0,1);(0,2) | I=(0,0) | sp=882,884,99930 | ip=1
0 | 12 | S=(0,0);(0,1);(0,2) | I=(0,0) | sp=882,884,945 | ip=1
0 | 12 | S=(0,0);(0,1);(0,2) | I=(0,0) | sp=882,885,882 | ip=883
0 | 12 | S=(0,0);(0,1);(0,2) | I=(0,0) | sp=882,885,883 | ip=882
0 | 12 | S=(0,0);(0,1);(0,2) | I=(0,0) | sp=882,885,884 | ip=1
0 | 12 | S=(0,0);(0,1);(0,2) | I=(0,0) | sp=882,885,24 | ip=1
0 | 12 | S=(0,0);(0,1);(0,2) | I=(0,0) | sp=882,886,1 | ip=883
0 | 12 | S=(0,0);(0,1);(0,2) | I=(0,0) | sp=882,886,882 | ip=882
0 | 12 | S=(0,0);(0,1);(0,2) | I=(0,0) | sp=882,886,883 | ip=1
0 | 12 | S=(0,0);(0,1);(0,2) | I=(0,0) | sp=882,887,1 | ip=882
0 | 12 | S=(0,0);(0,1);(0,2) | I=(0,0) | sp=882,887,882 | ip=1
0 | 12 | S=(0,0);(0,1);(0,2) | I=(0,0) | sp=882,8881,1 | ip=1
0 | 12 | S=(0,0);(0,1);(0,2) | I=(0,0) | sp=882,24,883 | ip=883
0 | 12 | S=(0,0);(0,1);(0,2) | I=(0,0) | sp=882,24,884 | ip=882
0 | 12 | S=(0,0);(0,1);(0,2) | I=(0,0) | sp=882,24,885 | ip=1
0 | 12 | S=(0,0);(0,1);(0,2) | I=(0,0) | sp=882,24,24 | ip=882
0 | 12 | S=(0,0);(0,1);(0,2) | I=(0,0) | sp=882,24,96 | ip=1
0 | 12 | S=(0,0);(0,1);(0,2) | I=(0,0) | sp=882,24,35 | ip=1
0 | 12 | S=(0,0);(0,1);(0,2) | I=(0,0) | sp=882,24,45 | ip=1
0 | 12 | S=(0,0);(0,1);(0,2) | I=(0,0) | sp=882,24,55 | ip=1
0 | 12 | S=(0,0);(0,1);(0,2) | I=(0,0) | sp=882,24,99930 | ip=1
0 | 12 | S=(0,0);(0,1);(0,2) | I=(0,0) | sp=882,24,945 | ip=1
0 | 12 | S=(0,0);(0,1);(0,2) | I=(0,0) | sp=882,93,93 | ip=883
0 | 12 | S=(0,0);(0,1);(0,2) | I=(0,0) | sp=882,93,9912 | ip=882
0 | 12 | S=(0,0);(0,1);(0,2) | I=(0,0) | sp=882,93,947 | ip=1
0 | 12 | S=(0,0);(0,1);(0,2) | I=(0,0) | sp=882,94,1 | ip=883
0 | 12 | S=(0,0);(0,1);(0,2) | I=(0,0) | sp=882,94,882 | ip=882
0 | 12 | S=(0,0);(0,1);(0,2) | I=(0,0) | sp=882,94,883 | ip=1
0 | 12 | S=(0,0);(0,1);(0,2) | I=(0,0) | sp=882,95,1 | ip=882
0 | 12 | S=(0,0);(0,1);(0,2) | I=(0,0) | sp=882,95,882 | ip=1
0 | 12 | S=(0,0);(0,1);(0,2) | I=(0,0) | sp=882,96,882 | ip=883
0 | 12 | S=(0,0);(0,1);(0,2) | I=(0,0) | sp=882,96,883 | ip=882
0 | 12 | S=(0,0);(0,1);(0,2) | I=(0,0) | sp=882,96,884 | ip=1
0 | 12 | S=(0,0);(0,1);(0,2) | I=(0,0) | sp=882,96,24 | ip=1
0 | 12 | S=(0,0);(0,1);(0,2) | I=(0,0) | sp=882,35,882 | ip=883
0 | 12 | S=(0,0);(0,1);(0,2) | I=(0,0) | sp=882,35,883 | ip=882
0 | 12 | S=(0,0);(0,1);(0,2) | I=(0,0) | sp=882,35,884 | ip=1
0 | 12 | S=(0,0);(0,1);(0,2) | I=(0,0) | sp=882,35,24 | ip=1
0 | 12 | S=(0,0);(0,1);(0,2) | I=(0,0) | sp=882,45,882 | ip=883
0 | 12 | S=(0,0);(0,1);(0,2) | I=(0,0) | sp=882,45,883 | ip=882
0 | 12 | S=(0,0);(0,1);(0,2) | I=(0,0) | sp=882,45,884 | ip=1
0 | 12 | S=(0,0);(0,1);(0,2) | I=(0,0) | sp=882,45,24 | ip=1
0 | 12 | S=(0,0);(0,1);(0,2) | I=(0,0) | sp=882,55,882 | ip=883
0 | 12 | S=(0,0);(0,1);(0,2) | I=(0,0) | sp=882,55,883 | ip=882
0 | 12 | S=(0,0);(0,1);(0,2) | I=(0,0) | sp=882,55,884 | ip=1
0 | 12 | S=(0,0);(0,1);(0,2) | I=(0,0) | sp=882,55,24 | ip=1
0 | 12 | S=(0,0);(0,1);(0,2) | I=(0,0) | sp=882,99930,882 | ip=883
0 | 12 | S=(0,0);(0,1);(0,2) | I=(0,0) | sp=882,99930,883 | ip=882
0 | 12 | S=(0,0);(0,1);(0,2) | I=(0,0) | sp=882,99930,884 | ip=1
0 | 12 | S=(0,0);(0,1);(0,2) | I=(0,0) | sp=882,99930,24 | ip=1
0 | 12 | S=(0,0);(0,1);(0,2) | I=(0,0) | sp=882,996,1 | ip=883
0 | 12 | S=(0,0);(0,1);(0,2) | I=(0,0) | sp=882,996,882 | ip=882
0 | 12 | S=(0,0);(0,1);(0,2) | I=(0,0) | sp=882,996,883 | ip=1
0 | 12 | S=(0,0);(0,1);(0,2) | I=(0,0) | sp=882,998,1 | ip=882
0 | 12 | S=(0,0);(0,1);(0,2) | I=(0,0) | sp=882,998,882 | ip=1
0 | 12 | S=(0,0);(0,1);(0,2) | I=(0,0) | sp=882,999,1 | ip=1
0 | 12 | S=(0,0);(0,1);(0,2) | I=(0,0) | sp=882,9912,93 | ip=882
0 | 12 | S=(0,0);(0,1);(0,2) | I=(0,0) | sp=882,9912,9912 | ip=1
0 | 12 | S=(0,0);(0,1);(0,2) | I=(0,0) | sp=882,918,922 | ip=1
0 | 12 | S=(0,0);(0,1);(0,2) | I=(0,0) | sp=882,919,1 | ip=883
0 | 12 | S=(0,0);(0,1);(0,2) | I=(0,0) | sp=882,919,882 | ip=882
0 | 12 | S=(0,0);(0,1);(0,2) | I=(0,0) | sp=882,919,883 | ip=1
0 | 12 | S=(0,0);(0,1);(0,2) | I=(0,0) | sp=882,922,918 | ip=1
0 | 12 | S=(0,0);(0,1);(0,2) | I=(0,0) | sp=882,923,1 | ip=882
0 | 12 | S=(0,0);(0,1);(0,2) | I=(0,0) | sp=882,923,882 | ip=1
0 | 12 | S=(0,0);(0,1);(0,2) | I=(0,0) | sp=882,945,882 | ip=883
0 | 12 | S=(0,0);(0,1);(0,2) | I=(0,0) | sp=882,945,883 | ip=882
0 | 12 | S=(0,0);(0,1);(0,2) | I=(0,0) | sp=882,945,884 | ip=1
0 | 12 | S=(0,0);(0,1);(0,2) | I=(0,0) | sp=882,945,24 | ip=1
0 | 12 | S=(0,0);(0,1);(0,2) | I=(0,0) | sp=882,9915,1 | ip=883
0 | 12 | S=(0,0);(0,1);(0,2) | I=(0,0) | sp=882,9915,882 | ip=882
0 | 12 | S=(0,0);(0,1);(0,2) | I=(0,0) | sp=882,9915,883 | ip=1
0 | 12 | S=(0,0);(0,1);(0,2) | I=(0,0) | sp=882,946,1 | ip=883
0 | 12 | S=(0,0);(0,1);(0,2) | I=(0,0) | sp=882,946,882 | ip=882
0 | 12 | S=(0,0);(0,1);(0,2) | I=(0,0) | sp=882,946,883 | ip=1
0 | 12 | S=(0,0);(0,1);(0,2) | I=(0,0) | sp=882,947,93 | ip=1
0 | 12 | S=(0,0);(0,1);(0,2) | I=(0,0) | sp=882,948,1 | ip=1
0 | 12 | S=(0,0);(0,1);(0,2) | I=(0,0) | sp=882,950,1 | ip=882
0 | 12 | S=(0,0);(0,1);(0,2) | I=(0,0) | sp=882,950,882 | ip=1
0 | 12 | S=(0,0);(0,1);(0,2) | I=(0,0) | sp=883,1,885 | ip=883
0 | 12 | S=(0,0);(0,1);(0,2) | I=(0,0) | sp=883,1,886 | ip=882
0 | 12 | S=(0,0);(0,1);(0,2) | I=(0,0) | sp=883,1,887 | ip=1
0 | 12 | S=(0,0);(0,1);(0,2) | I=(0,0) | sp=883,1,94 | ip=882
0 | 12 | S=(0,0);(0,1);(0,2) | I=(0,0) | sp=883,1,95 | ip=1
0 | 12 | S=(0,0);(0,1);(0,2) | I=(0,0) | sp=883,1,96 | ip=883
0 | 12 | S=(0,0);(0,1);(0,2) | I=(0,0) | sp=883,1,35 | ip=883
0 | 12 | S=(0,0);(0,1);(0,2) | I=(0,0) | sp=883,1,45 | ip=883
0 | 12 | S=(0,0);(0,1);(0,2) | I=(0,0) | sp=883,1,55 | ip=883
0 | 12 | S=(0,0);(0,1);(0,2) | I=(0,0) | sp=883,1,99930 | ip=883
0 | 12 | S=(0,0);(0,1);(0,2) | I=(0,0) | sp=883,1,996 | ip=882
0 | 12 | S=(0,0);(0,1);(0,2) | I=(0,0) | sp=883,1,998 | ip=1
0 | 12 | S=(0,0);(0,1);(0,2) | I=(0,0) | sp=883,1,919 | ip=882
0 | 12 | S=(0,0);(0,1);(0,2) | I=(0,0) | sp=883,1,923 | ip=1
0 | 12 | S=(0,0);(0,1);(0,2) | I=(0,0) | sp=883,1,945 | ip=883
0 | 12 | S=(0,0);(0,1);(0,2) | I=(0,0) | sp=883,1,9915 | ip=882
0 | 12 | S=(0,0);(0,1);(0,2) | I=(0,0) | sp=883,1,946 | ip=882
0 | 12 | S=(0,0);(0,1);(0,2) | I=(0,0) | sp=883,1,950 | ip=1
0 | 12 | S=(0,0);(0,1);(0,2) | I=(0,0) | sp=883,882,884 | ip=883
0 | 12 | S=(0,0);(0,1);(0,2) | I=(0,0) | sp=883,882,885 | ip=882
0 | 12 | S=(0,0);(0,1);(0,2) | I=(0,0) | sp=883,882,886 | ip=1
0 | 12 | S=(0,0);(0,1);(0,2) | I=(0,0) | sp=883,882,24 | ip=883
0 | 12 | S=(0,0);(0,1);(0,2) | I=(0,0) | sp=883,882,94 | ip=1
0 | 12 | S=(0,0);(0,1);(0,2) | I=(0,0) | sp=883,882,96 | ip=882
0 | 12 | S=(0,0);(0,1);(0,2) | I=(0,0) | sp=883,882,35 | ip=882
0 | 12 | S=(0,0);(0,1);(0,2) | I=(0,0) | sp=883,882,45 | ip=882
0 | 12 | S=(0,0);(0,1);(0,2) | I=(0,0) | sp=883,882,55 | ip=882
0 | 12 | S=(0,0);(0,1);(0,2) | I=(0,0) | sp=883,882,99930 | ip=882
0 | 12 | S=(0,0);(0,1);(0,2) | I=(0,0) | sp=883,882,996 | ip=1
0 | 12 | S=(0,0);(0,1);(0,2) | I=(0,0) | sp=883,882,919 | ip=1
0 | 12 | S=(0,0);(0,1);(0,2) | I=(0,0) | sp=883,882,945 | ip=882
0 | 12 | S=(0,0);(0,1);(0,2) | I=(0,0) | sp=883,882,9915 | ip=1
0 | 12 | S=(0,0);(0,1);(0,2) | I=(0,0) | sp=883,882,946 | ip=1
0 | 12 | S=(0,0);(0,1);(0,2) | I=(0,0) | sp=883,883,883 | ip=883
0 | 12 | S=(0,0);(0,1);(0,2) | I=(0,0) | sp=883,883,884 | ip=882
0 | 12 | S=(0,0);(0,1);(0,2) | I=(0,0) | sp=883,883,885 | ip=1
0 | 12 | S=(0,0);(0,1);(0,2) | I=(0,0) | sp=883,883,24 | ip=882
0 | 12 | S=(0,0);(0,1);(0,2) | I=(0,0) | sp=883,883,96 | ip=1
0 | 12 | S=(0,0);(0,1);(0,2) | I=(0,0) | sp=883,883,35 | ip=1
0 | 12 | S=(0,0);(0,1);(0,2) | I=(0,0) | sp=883,883,45 | ip=1
0 | 12 | S=(0,0);(0,1);(0,2) | I=(0,0) | sp=883,883,55 | ip=1
0 | 12 | S=(0,0);(0,1);(0,2) | I=(0,0) | sp=883,883,99930 | ip=1
0 | 12 | S=(0,0);(0,1);(0,2) | I=(0,0) | sp=883,883,945 | ip=1
0 | 12 | S=(0,0);(0,1);(0,2) | I=(0,0) | sp=883,884,882 | ip=883
0 | 12 | S=(0,0);(0,1);(0,2) | I=(0,0) | sp=883,884,883 | ip=882
0 | 12 | S=(0,0);(0,1);(0,2) | I=(0,0) | sp=883,884,884 | ip=1
0 | 12 | S=(0,0);(0,1);(0,2) | I=(0,0) | sp=883,884,24 | ip=1
0 | 12 | S=(0,0);(0,1);(0,2) | I=(0,0) | sp=883,885,1 | ip=883
0 | 12 | S=(0,0);(0,1);(0,2) | I=(0,0) | sp=883,885,882 | ip=882
0 | 12 | S=(0,0);(0,1);(0,2) | I=(0,0) | sp=883,885,883 | ip=1
0 | 12 | S=(0,0);(0,1);(0,2) | I=(0,0) | sp=883,886,1 | ip=882
0 | 12 | S=(0,0);(0,1);(0,2) | I=(0,0) | sp=883,886,882 | ip=1
0 | 12 | S=(0,0);(0,1);(0,2) | I=(0,0) | sp=883,887,1 | ip=1
0 | 12 | S=(0,0);(0,1);(0,2) | I=(0,0) | sp=883,24,882 | ip=883
0 | 12 | S=(0,0);(0,1);(0,2) | I=(0,0) | sp=883,24,883 | ip=882
0 | 12 | S=(0,0);(0,1);(0,2) | I=(0,0) | sp=883,24,884 | ip=1
0 | 12 | S=(0,0);(0,1);(0,2) | I=(0,0) | sp=883,24,24 | ip=1
0 | 12 | S=(0,0);(0,1);(0,2) | I=(0,0) | sp=883,93,93 | ip=882
0 | 12 | S=(0,0);(0,1);(0,2) | I=(0,0) | sp=883,93,9912 | ip=1
0 | 12 | S=(0,0);(0,1);(0,2) | I=(0,0) | sp=883,94,1 | ip=882
0 | 12 | S=(0,0);(0,1);(0,2) | I=(0,0) | sp=883,94,882 | ip=1
0 | 12 | S=(0,0);(0,1);(0,2) | I=(0,0) | sp=883,95,1 | ip=1
0 | 12 | S=(0,0);(0,1);(0,2) | I=(0,0) | sp=883,96,1 | ip=883
0 | 12 | S=(0,0);(0,1);(0,2) | I=(0,0) | sp=883,96,882 | ip=882
0 | 12 | S=(0,0);(0,1);(0,2) | I=(0,0) | sp=883,96,883 | ip=1
0 | 12 | S=(0,0);(0,1);(0,2) | I=(0,0) | sp=883,35,1 | ip=883
0 | 12 | S=(0,0);(0,1);(0,2) | I=(0,0) | sp=883,35,882 | ip=882
0 | 12 | S=(0,0);(0,1);(0,2) | I=(0,0) | sp=883,35,883 | ip=1
0 | 12 | S=(0,0);(0,1);(0,2) | I=(0,0) | sp=883,45,1 | ip=883
0 | 12 | S=(0,0);(0,1);(0,2) | I=(0,0) | sp=883,45,882 | ip=882
0 | 12 | S=(0,0);(0,1);(0,2) | I=(0,0) | sp=883,45,883 | ip=1
0 | 12 | S=(0,0);(0,1);(0,2) | I=(0,0) | sp=883,55,1 | ip=883
0 | 12 | S=(0,0);(0,1);(0,2) | I=(0,0) | sp=883,55,882 | ip=882
0 | 12 | S=(0,0);(0,1);(0,2) | I=(0,0) | sp=883,55,883 | ip=1
0 | 12 | S=(0,0);(0,1);(0,2) | I=(0,0) | sp=883,99930,1 | ip=883
0 | 12 | S=(0,0);(0,1);(0,2) | I=(0,0) | sp=883,99930,882 | ip=882
0 | 12 | S=(0,0);(0,1);(0,2) | I=(0,0) | sp=883,99930,883 | ip=1
0 | 12 | S=(0,0);(0,1);(0,2) | I=(0,0) | sp=883,996,1 | ip=882
0 | 12 | S=(0,0);(0,1);(0,2) | I=(0,0) | sp=883,996,882 | ip=1
0 | 12 | S=(0,0);(0,1);(0,2) | I=(0,0) | sp=883,998,1 | ip=1
0 | 12 | S=(0,0);(0,1);(0,2) | I=(0,0) | sp=883,9912,93 | ip=1
0 | 12 | S=(0,0);(0,1);(0,2) | I=(0,0) | sp=883,919,1 | ip=882
0 | 12 | S=(0,0);(0,1);(0,2) | I=(0,0) | sp=883,919,882 | ip=1
0 | 12 | S=(0,0);(0,1);(0,2) | I=(0,0) | sp=883,923,1 | ip=1
0 | 12 | S=(0,0);(0,1);(0,2) | I=(0,0) | sp=883,945,1 | ip=883
0 | 12 | S=(0,0);(0,1);(0,2) | I=(0,0) | sp=883,945,882 | ip=882
0 | 12 | S=(0,0);(0,1);(0,2) | I=(0,0) | sp=883,945,883 | ip=1
0 | 12 | S=(0,0);(0,1);(0,2) | I=(0,0) | sp=883,9915,1 | ip=882
0 | 12 | S=(0,0);(0,1);(0,2) | I=(0,0) | sp=883,9915,882 | ip=1
0 | 12 | S=(0,0);(0,1);(0,2) | I=(0,0) | sp=883,946,1 | ip=882
0 | 12 | S=(0,0);(0,1);(0,2) | I=(0,0) | sp=883,946,882 | ip=1
0 | 12 | S=(0,0);(0,1);(0,2) | I=(0,0) | sp=883,950,1 | ip=1
0 | 12 | S=(0,0);(0,1);(0,2) | I=(0,0) | sp=884,1,884 | ip=883
0 | 12 | S=(0,0);(0,1);(0,2) | I=(0,0) | sp=884,1,885 | ip=882
0 | 12 | S=(0,0);(0,1);(0,2) | I=(0,0) | sp=884,1,886 | ip=1
0 | 12 | S=(0,0);(0,1);(0,2) | I=(0,0) | sp=884,1,24 | ip=883
0 | 12 | S=(0,0);(0,1);(0,2) | I=(0,0) | sp=884,1,94 | ip=1
0 | 12 | S=(0,0);(0,1);(0,2) | I=(0,0) | sp=884,1,96 | ip=882
0 | 12 | S=(0,0);(0,1);(0,2) | I=(0,0) | sp=884,1,35 | ip=882
0 | 12 | S=(0,0);(0,1);(0,2) | I=(0,0) | sp=884,1,45 | ip=882
0 | 12 | S=(0,0);(0,1);(0,2) | I=(0,0) | sp=884,1,55 | ip=882
0 | 12 | S=(0,0);(0,1);(0,2) | I=(0,0) | sp=884,1,99930 | ip=882
0 | 12 | S=(0,0);(0,1);(0,2) | I=(0,0) | sp=884,1,996 | ip=1
0 | 12 | S=(0,0);(0,1);(0,2) | I=(0,0) | sp=884,1,919 | ip=1
0 | 12 | S=(0,0);(0,1);(0,2) | I=(0,0) | sp=884,1,945 | ip=882
0 | 12 | S=(0,0);(0,1);(0,2) | I=(0,0) | sp=884,1,9915 | ip=1
0 | 12 | S=(0,0);(0,1);(0,2) | I=(0,0) | sp=884,1,946 | ip=1
0 | 12 | S=(0,0);(0,1);(0,2) | I=(0,0) | sp=884,882,883 | ip=883
0 | 12 | S=(0,0);(0,1);(0,2) | I=(0,0) | sp=884,882,884 | ip=882
0 | 12 | S=(0,0);(0,1);(0,2) | I=(0,0) | sp=884,882,885 | ip=1
0 | 12 | S=(0,0);(0,1);(0,2) | I=(0,0) | sp=884,882,24 | ip=882
0 | 12 | S=(0,0);(0,1);(0,2) | I=(0,0) | sp=884,882,96 | ip=1
0 | 12 | S=(0,0);(0,1);(0,2) | I=(0,0) | sp=884,882,35 | ip=1
0 | 12 | S=(0,0);(0,1);(0,2) | I=(0,0) | sp=884,882,45 | ip=1
0 | 12 | S=(0,0);(0,1);(0,2) | I=(0,0) | sp=884,882,55 | ip=1
0 | 12 | S=(0,0);(0,1);(0,2) | I=(0,0) | sp=884,882,99930 | ip=1
0 | 12 | S=(0,0);(0,1);(0,2) | I=(0,0) | sp=884,882,945 | ip=1
0 | 12 | S=(0,0);(0,1);(0,2) | I=(0,0) | sp=884,883,882 | ip=883
0 | 12 | S=(0,0);(0,1);(0,2) | I=(0,0) | sp=884,883,883 | ip=882
0 | 12 | S=(0,0);(0,1);(0,2) | I=(0,0) | sp=884,883,884 | ip=1
0 | 12 | S=(0,0);(0,1);(0,2) | I=(0,0) | sp=884,883,24 | ip=1
0 | 12 | S=(0,0);(0,1);(0,2) | I=(0,0) | sp=884,884,1 | ip=883
0 | 12 | S=(0,0);(0,1);(0,2) | I=(0,0) | sp=884,884,882 | ip=882
0 | 12 | S=(0,0);(0,1);(0,2) | I=(0,0) | sp=884,884,883 | ip=1
0 | 12 | S=(0,0);(0,1);(0,2) | I=(0,0) | sp=884,885,1 | ip=882
0 | 12 | S=(0,0);(0,1);(0,2) | I=(0,0) | sp=884,885,882 | ip=1
0 | 12 | S=(0,0);(0,1);(0,2) | I=(0,0) | sp=884,886,1 | ip=1
0 | 12 | S=(0,0);(0,1);(0,2) | I=(0,0) | sp=884,24,1 | ip=883
0 | 12 | S=(0,0);(0,1);(0,2) | I=(0,0) | sp=884,24,882 | ip=882
0 | 12 | S=(0,0);(0,1);(0,2) | I=(0,0) | sp=884,24,883 | ip=1
0 | 12 | S=(0,0);(0,1);(0,2) | I=(0,0) | sp=884,93,93 | ip=1
0 | 12 | S=(0,0);(0,1);(0,2) | I=(0,0) | sp=884,94,1 | ip=1
0 | 12 | S=(0,0);(0,1);(0,2) | I=(0,0) | sp=884,96,1 | ip=882
0 | 12 | S=(0,0);(0,1);(0,2) | I=(0,0) | sp=884,96,882 | ip=1
0 | 12 | S=(0,0);(0,1);(0,2) | I=(0,0) | sp=884,35,1 | ip=882
0 | 12 | S=(0,0);(0,1);(0,2) | I=(0,0) | sp=884,35,882 | ip=1
0 | 12 | S=(0,0);(0,1);(0,2) | I=(0,0) | sp=884,45,1 | ip=882
0 | 12 | S=(0,0);(0,1);(0,2) | I=(0,0) | sp=884,45,882 | ip=1
0 | 12 | S=(0,0);(0,1);(0,2) | I=(0,0) | sp=884,55,1 | ip=882
0 | 12 | S=(0,0);(0,1);(0,2) | I=(0,0) | sp=884,55,882 | ip=1
0 | 12 | S=(0,0);(0,1);(0,2) | I=(0,0) | sp=884,99930,1 | ip=882
0 | 12 | S=(0,0);(0,1);(0,2) | I=(0,0) | sp=884,99930,882 | ip=1
0 | 12 | S=(0,0);(0,1);(0,2) | I=(0,0) | sp=884,996,1 | ip=1
0 | 12 | S=(0,0);(0,1);(0,2) | I=(0,0) | sp=884,919,1 | ip=1
0 | 12 | S=(0,0);(0,1);(0,2) | I=(0,0) | sp=884,945,1 | ip=882
0 | 12 | S=(0,0);(0,1);(0,2) | I=(0,0) | sp=884,945,882 | ip=1
0 | 12 | S=(0,0);(0,1);(0,2) | I=(0,0) | sp=884,9915,1 | ip=1
0 | 12 | S=(0,0);(0,1);(0,2) | I=(0,0) | sp=884,946,1 | ip=1
0 | 12 | S=(0,0);(0,1);(0,2) | I=(0,0) | sp=885,1,883 | ip=883
0 | 12 | S=(0,0);(0,1);(0,2) | I=(0,0) | sp=885,1,884 | ip=882
0 | 12 | S=(0,0);(0,1);(0,2) | I=(0,0) | sp=885,1,885 | ip=1
0 | 12 | S=(0,0);(0,1);(0,2) | I=(0,0) | sp=885,1,24 | ip=882
0 | 12 | S=(0,0);(0,1);(0,2) | I=(0,0) | sp=885,1,96 | ip=1
0 | 12 | S=(0,0);(0,1);(0,2) | I=(0,0) | sp=885,1,35 | ip=1
0 | 12 | S=(0,0);(0,1);(0,2) | I=(0,0) | sp=885,1,45 | ip=1
0 | 12 | S=(0,0);(0,1);(0,2) | I=(0,0) | sp=885,1,55 | ip=1
0 | 12 | S=(0,0);(0,1);(0,2) | I=(0,0) | sp=885,1,99930 | ip=1
0 | 12 | S=(0,0);(0,1);(0,2) | I=(0,0) | sp=885,1,945 | ip=1
0 | 12 | S=(0,0);(0,1);(0,2) | I=(0,0) | sp=885,882,882 | ip=883
0 | 12 | S=(0,0);(0,1);(0,2) | I=(0,0) | sp=885,882,883 | ip=882
0 | 12 | S=(0,0);(0,1);(0,2) | I=(0,0) | sp=885,882,884 | ip=1
0 | 12 | S=(0,0);(0,1);(0,2) | I=(0,0) | sp=885,882,24 | ip=1
0 | 12 | S=(0,0);(0,1);(0,2) | I=(0,0) | sp=885,883,1 | ip=883
0 | 12 | S=(0,0);(0,1);(0,2) | I=(0,0) | sp=885,883,882 | ip=882
0 | 12 | S=(0,0);(0,1);(0,2) | I=(0,0) | sp=885,883,883 | ip=1
0 | 12 | S=(0,0);(0,1);(0,2) | I=(0,0) | sp=885,884,1 | ip=882
0 | 12 | S=(0,0);(0,1);(0,2) | I=(0,0) | sp=885,884,882 | ip=1
0 | 12 | S=(0,0);(0,1);(0,2) | I=(0,0) | sp=885,885,1 | ip=1
0 | 12 | S=(0,0);(0,1);(0,2) | I=(0,0) | sp=885,24,1 | ip=882
0 | 12 | S=(0,0);(0,1);(0,2) | I=(0,0) | sp=885,24,882 | ip=1
0 | 12 | S=(0,0);(0,1);(0,2) | I=(0,0) | sp=885,96,1 | ip=1
0 | 12 | S=(0,0);(0,1);(0,2) | I=(0,0) | sp=885,35,1 | ip=1
0 | 12 | S=(0,0);(0,1);(0,2) | I=(0,0) | sp=885,45,1 | ip=1
0 | 12 | S=(0,0);(0,1);(0,2) | I=(0,0) | sp=885,55,1 | ip=1
0 | 12 | S=(0,0);(0,1);(0,2) | I=(0,0) | sp=885,99930,1 | ip=1
0 | 12 | S=(0,0);(0,1);(0,2) | I=(0,0) | sp=885,945,1 | ip=1
0 | 12 | S=(0,0);(0,1);(0,2) | I=(0,0) | sp=886,1,882 | ip=883
0 | 12 | S=(0,0);(0,1);(0,2) | I=(0,0) | sp=886,1,883 | ip=882
0 | 12 | S=(0,0);(0,1);(0,2) | I=(0,0) | sp=886,1,884 | ip=1
0 | 12 | S=(0,0);(0,1);(0,2) | I=(0,0) | sp=886,1,24 | ip=1
0 | 12 | S=(0,0);(0,1);(0,2) | I=(0,0) | sp=886,882,1 | ip=883
0 | 12 | S=(0,0);(0,1);(0,2) | I=(0,0) | sp=886,882,882 | ip=882
0 | 12 | S=(0,0);(0,1);(0,2) | I=(0,0) | sp=886,882,883 | ip=1
0 | 12 | S=(0,0);(0,1);(0,2) | I=(0,0) | sp=886,883,1 | ip=882
0 | 12 | S=(0,0);(0,1);(0,2) | I=(0,0) | sp=886,883,882 | ip=1
0 | 12 | S=(0,0);(0,1);(0,2) | I=(0,0) | sp=886,884,1 | ip=1
0 | 12 | S=(0,0);(0,1);(0,2) | I=(0,0) | sp=886,24,1 | ip=1
0 | 12 | S=(0,0);(0,1);(0,2) | I=(0,0) | sp=887,1,1 | ip=883
0 | 12 | S=(0,0);(0,1);(0,2) | I=(0,0) | sp=887,1,882 | ip=882
0 | 12 | S=(0,0);(0,1);(0,2) | I=(0,0) | sp=887,1,883 | ip=1
0 | 12 | S=(0,0);(0,1);(0,2) | I=(0,0) | sp=887,882,1 | ip=882
0 | 12 | S=(0,0);(0,1);(0,2) | I=(0,0) | sp=887,882,882 | ip=1
0 | 12 | S=(0,0);(0,1);(0,2) | I=(0,0) | sp=887,883,1 | ip=1
0 | 12 | S=(0,0);(0,1);(0,2) | I=(0,0) | sp=8881,1,1 | ip=882
0 | 12 | S=(0,0);(0,1);(0,2) | I=(0,0) | sp=8881,1,882 | ip=1
0 | 12 | S=(0,0);(0,1);(0,2) | I=(0,0) | sp=8881,882,1 | ip=1
0 | 12 | S=(0,0);(0,1);(0,2) | I=(0,0) | sp=889,1,1 | ip=1
0 | 12 | S=(0,0);(0,1);(0,2) | I=(0,0) | sp=24,1,884 | ip=883
0 | 12 | S=(0,0);(0,1);(0,2) | I=(0,0) | sp=24,1,885 | ip=882
0 | 12 | S=(0,0);(0,1);(0,2) | I=(0,0) | sp=24,1,886 | ip=1
0 | 12 | S=(0,0);(0,1);(0,2) | I=(0,0) | sp=24,1,24 | ip=883
0 | 12 | S=(0,0);(0,1);(0,2) | I=(0,0) | sp=24,1,94 | ip=1
0 | 12 | S=(0,0);(0,1);(0,2) | I=(0,0) | sp=24,1,96 | ip=882
0 | 12 | S=(0,0);(0,1);(0,2) | I=(0,0) | sp=24,1,35 | ip=882
0 | 12 | S=(0,0);(0,1);(0,2) | I=(0,0) | sp=24,1,45 | ip=882
0 | 12 | S=(0,0);(0,1);(0,2) | I=(0,0) | sp=24,1,55 | ip=882
0 | 12 | S=(0,0);(0,1);(0,2) | I=(0,0) | sp=24,1,99930 | ip=882
0 | 12 | S=(0,0);(0,1);(0,2) | I=(0,0) | sp=24,1,996 | ip=1
0 | 12 | S=(0,0);(0,1);(0,2) | I=(0,0) | sp=24,1,919 | ip=1
0 | 12 | S=(0,0);(0,1);(0,2) | I=(0,0) | sp=24,1,945 | ip=882
0 | 12 | S=(0,0);(0,1);(0,2) | I=(0,0) | sp=24,1,9915 | ip=1
0 | 12 | S=(0,0);(0,1);(0,2) | I=(0,0) | sp=24,1,946 | ip=1
0 | 12 | S=(0,0);(0,1);(0,2) | I=(0,0) | sp=24,882,883 | ip=883
0 | 12 | S=(0,0);(0,1);(0,2) | I=(0,0) | sp=24,882,884 | ip=882
0 | 12 | S=(0,0);(0,1);(0,2) | I=(0,0) | sp=24,882,885 | ip=1
0 | 12 | S=(0,0);(0,1);(0,2) | I=(0,0) | sp=24,882,24 | ip=882
0 | 12 | S=(0,0);(0,1);(0,2) | I=(0,0) | sp=24,882,96 | ip=1
0 | 12 | S=(0,0);(0,1);(0,2) | I=(0,0) | sp=24,882,35 | ip=1
0 | 12 | S=(0,0);(0,1);(0,2) | I=(0,0) | sp=24,882,45 | ip=1
0 | 12 | S=(0,0);(0,1);(0,2) | I=(0,0) | sp=24,882,55 | ip=1
0 | 12 | S=(0,0);(0,1);(0,2) | I=(0,0) | sp=24,882,99930 | ip=1
0 | 12 | S=(0,0);(0,1);(0,2) | I=(0,0) | sp=24,882,945 | ip=1
0 | 12 | S=(0,0);(0,1);(0,2) | I=(0,0) | sp=24,883,882 | ip=883
0 | 12 | S=(0,0);(0,1);(0,2) | I=(0,0) | sp=24,883,883 | ip=882
0 | 12 | S=(0,0);(0,1);(0,2) | I=(0,0) | sp=24,883,884 | ip=1
0 | 12 | S=(0,0);(0,1);(0,2) | I=(0,0) | sp=24,883,24 | ip=1
0 | 12 | S=(0,0);(0,1);(0,2) | I=(0,0) | sp=24,884,1 | ip=883
0 | 12 | S=(0,0);(0,1);(0,2) | I=(0,0) | sp=24,884,882 | ip=882
0 | 12 | S=(0,0);(0,1);(0,2) | I=(0,0) | sp=24,884,883 | ip=1
0 | 12 | S=(0,0);(0,1);(0,2) | I=(0,0) | sp=24,885,1 | ip=882
0 | 12 | S=(0,0);(0,1);(0,2) | I=(0,0) | sp=24,885,882 | ip=1
0 | 12 | S=(0,0);(0,1);(0,2) | I=(0,0) | sp=24,886,1 | ip=1
0 | 12 | S=(0,0);(0,1);(0,2) | I=(0,0) | sp=24,24,1 | ip=883
0 | 12 | S=(0,0);(0,1);(0,2) | I=(0,0) | sp=24,24,882 | ip=882
0 | 12 | S=(0,0);(0,1);(0,2) | I=(0,0) | sp=24,24,883 | ip=1
0 | 12 | S=(0,0);(0,1);(0,2) | I=(0,0) | sp=24,93,93 | ip=1
0 | 12 | S=(0,0);(0,1);(0,2) | I=(0,0) | sp=24,94,1 | ip=1
0 | 12 | S=(0,0);(0,1);(0,2) | I=(0,0) | sp=24,96,1 | ip=882
0 | 12 | S=(0,0);(0,1);(0,2) | I=(0,0) | sp=24,96,882 | ip=1
0 | 12 | S=(0,0);(0,1);(0,2) | I=(0,0) | sp=24,35,1 | ip=882
0 | 12 | S=(0,0);(0,1);(0,2) | I=(0,0) | sp=24,35,882 | ip=1
0 | 12 | S=(0,0);(0,1);(0,2) | I=(0,0) | sp=24,45,1 | ip=882
0 | 12 | S=(0,0);(0,1);(0,2) | I=(0,0) | sp=24,45,882 | ip=1
0 | 12 | S=(0,0);(0,1);(0,2) | I=(0,0) | sp=24,55,1 | ip=882
0 | 12 | S=(0,0);(0,1);(0,2) | I=(0,0) | sp=24,55,882 | ip=1
0 | 12 | S=(0,0);(0,1);(0,2) | I=(0,0) | sp=24,99930,1 | ip=882
0 | 12 | S=(0,0);(0,1);(0,2) | I=(0,0) | sp=24,99930,882 | ip=1
0 | 12 | S=(0,0);(0,1);(0,2) | I=(0,0) | sp=24,996,1 | ip=1
0 | 12 | S=(0,0);(0,1);(0,2) | I=(0,0) | sp=24,919,1 | ip=1
0 | 12 | S=(0,0);(0,1);(0,2) | I=(0,0) | sp=24,945,1 | ip=882
0 | 12 | S=(0,0);(0,1);(0,2) | I=(0,0) | sp=24,945,882 | ip=1
0 | 12 | S=(0,0);(0,1);(0,2) | I=(0,0) | sp=24,9915,1 | ip=1
0 | 12 | S=(0,0);(0,1);(0,2) | I=(0,0) | sp=24,946,1 | ip=1
0 | 12 | S=(0,0);(0,1);(0,2) | I=(0,0) | sp=93,1,9912 | ip=883
0 | 12 | S=(0,0);(0,1);(0,2) | I=(0,0) | sp=93,1,947 | ip=882
0 | 12 | S=(0,0);(0,1);(0,2) | I=(0,0) | sp=93,882,93 | ip=883
0 | 12 | S=(0,0);(0,1);(0,2) | I=(0,0) | sp=93,882,9912 | ip=882
0 | 12 | S=(0,0);(0,1);(0,2) | I=(0,0) | sp=93,882,947 | ip=1
0 | 12 | S=(0,0);(0,1);(0,2) | I=(0,0) | sp=93,883,93 | ip=882
0 | 12 | S=(0,0);(0,1);(0,2) | I=(0,0) | sp=93,883,9912 | ip=1
0 | 12 | S=(0,0);(0,1);(0,2) | I=(0,0) | sp=93,884,93 | ip=1
0 | 12 | S=(0,0);(0,1);(0,2) | I=(0,0) | sp=93,24,93 | ip=1
0 | 12 | S=(0,0);(0,1);(0,2) | I=(0,0) | sp=93,93,882 | ip=883
0 | 12 | S=(0,0);(0,1);(0,2) | I=(0,0) | sp=93,93,883 | ip=882
0 | 12 | S=(0,0);(0,1);(0,2) | I=(0,0) | sp=93,93,884 | ip=1
0 | 12 | S=(0,0);(0,1);(0,2) | I=(0,0) | sp=93,93,24 | ip=1
0 | 12 | S=(0,0);(0,1);(0,2) | I=(0,0) | sp=93,9912,1 | ip=883
0 | 12 | S=(0,0);(0,1);(0,2) | I=(0,0) | sp=93,9912,882 | ip=882
0 | 12 | S=(0,0);(0,1);(0,2) | I=(0,0) | sp=93,9912,883 | ip=1
0 | 12 | S=(0,0);(0,1);(0,2) | I=(0,0) | sp=93,947,1 | ip=882
0 | 12 | S=(0,0);(0,1);(0,2) | I=(0,0) | sp=93,947,882 | ip=1
0 | 12 | S=(0,0);(0,1);(0,2) | I=(0,0) | sp=94,1,882 | ip=883
0 | 12 | S=(0,0);(0,1);(0,2) | I=(0,0) | sp=94,1,883 | ip=882
0 | 12 | S=(0,0);(0,1);(0,2) | I=(0,0) | sp=94,1,884 | ip=1
0 | 12 | S=(0,0);(0,1);(0,2) | I=(0,0) | sp=94,1,24 | ip=1
0 | 12 | S=(0,0);(0,1);(0,2) | I=(0,0) | sp=94,882,1 | ip=883
0 | 12 | S=(0,0);(0,1);(0,2) | I=(0,0) | sp=94,882,882 | ip=882
0 | 12 | S=(0,0);(0,1);(0,2) | I=(0,0) | sp=94,882,883 | ip=1
0 | 12 | S=(0,0);(0,1);(0,2) | I=(0,0) | sp=94,883,1 | ip=882
0 | 12 | S=(0,0);(0,1);(0,2) | I=(0,0) | sp=94,883,882 | ip=1
0 | 12 | S=(0,0);(0,1);(0,2) | I=(0,0) | sp=94,884,1 | ip=1
0 | 12 | S=(0,0);(0,1);(0,2) | I=(0,0) | sp=94,24,1 | ip=1
0 | 12 | S=(0,0);(0,1);(0,2) | I=(0,0) | sp=95,1,1 | ip=883
0 | 12 | S=(0,0);(0,1);(0,2) | I=(0,0) | sp=95,1,882 | ip=882
0 | 12 | S=(0,0);(0,1);(0,2) | I=(0,0) | sp=95,1,883 | ip=1
0 | 12 | S=(0,0);(0,1);(0,2) | I=(0,0) | sp=95,882,1 | ip=882
0 | 12 | S=(0,0);(0,1);(0,2) | I=(0,0) | sp=95,882,882 | ip=1
0 | 12 | S=(0,0);(0,1);(0,2) | I=(0,0) | sp=95,883,1 | ip=1
0 | 12 | S=(0,0);(0,1);(0,2) | I=(0,0) | sp=96,1,883 | ip=883
0 | 12 | S=(0,0);(0,1);(0,2) | I=(0,0) | sp=96,1,884 | ip=882
0 | 12 | S=(0,0);(0,1);(0,2) | I=(0,0) | sp=96,1,885 | ip=1
0 | 12 | S=(0,0);(0,1);(0,2) | I=(0,0) | sp=96,1,24 | ip=882
0 | 12 | S=(0,0);(0,1);(0,2) | I=(0,0) | sp=96,1,96 | ip=1
0 | 12 | S=(0,0);(0,1);(0,2) | I=(0,0) | sp=96,1,35 | ip=1
0 | 12 | S=(0,0);(0,1);(0,2) | I=(0,0) | sp=96,1,45 | ip=1
0 | 12 | S=(0,0);(0,1);(0,2) | I=(0,0) | sp=96,1,55 | ip=1
0 | 12 | S=(0,0);(0,1);(0,2) | I=(0,0) | sp=96,1,99930 | ip=1
0 | 12 | S=(0,0);(0,1);(0,2) | I=(0,0) | sp=96,1,945 | ip=1
0 | 12 | S=(0,0);(0,1);(0,2) | I=(0,0) | sp=96,882,882 | ip=883
0 | 12 | S=(0,0);(0,1);(0,2) | I=(0,0) | sp=96,882,883 | ip=882
0 | 12 | S=(0,0);(0,1);(0,2) | I=(0,0) | sp=96,882,884 | ip=1
0 | 12 | S=(0,0);(0,1);(0,2) | I=(0,0) | sp=96,882,24 | ip=1
0 | 12 | S=(0,0);(0,1);(0,2) | I=(0,0) | sp=96,883,1 | ip=883
0 | 12 | S=(0,0);(0,1);(0,2) | I=(0,0) | sp=96,883,882 | ip=882
0 | 12 | S=(0,0);(0,1);(0,2) | I=(0,0) | sp=96,883,883 | ip=1
0 | 12 | S=(0,0);(0,1);(0,2) | I=(0,0) | sp=96,884,1 | ip=882
0 | 12 | S=(0,0);(0,1);(0,2) | I=(0,0) | sp=96,884,882 | ip=1
0 | 12 | S=(0,0);(0,1);(0,2) | I=(0,0) | sp=96,885,1 | ip=1
0 | 12 | S=(0,0);(0,1);(0,2) | I=(0,0) | sp=96,24,1 | ip=882
0 | 12 | S=(0,0);(0,1);(0,2) | I=(0,0) | sp=96,24,882 | ip=1
0 | 12 | S=(0,0);(0,1);(0,2) | I=(0,0) | sp=96,96,1 | ip=1
0 | 12 | S=(0,0);(0,1);(0,2) | I=(0,0) | sp=96,35,1 | ip=1
0 | 12 | S=(0,0);(0,1);(0,2) | I=(0,0) | sp=96,45,1 | ip=1
0 | 12 | S=(0,0);(0,1);(0,2) | I=(0,0) | sp=96,55,1 | ip=1
0 | 12 | S=(0,0);(0,1);(0,2) | I=(0,0) | sp=96,99930,1 | ip=1
0 | 12 | S=(0,0);(0,1);(0,2) | I=(0,0) | sp=96,945,1 | ip=1
0 | 12 | S=(0,0);(0,1);(0,2) | I=(0,0) | sp=35,1,883 | ip=883
0 | 12 | S=(0,0);(0,1);(0,2) | I=(0,0) | sp=35,1,884 | ip=882
0 | 12 | S=(0,0);(0,1);(0,2) | I=(0,0) | sp=35,1,885 | ip=1
0 | 12 | S=(0,0);(0,1);(0,2) | I=(0,0) | sp=35,1,24 | ip=882
0 | 12 | S=(0,0);(0,1);(0,2) | I=(0,0) | sp=35,1,96 | ip=1
0 | 12 | S=(0,0);(0,1);(0,2) | I=(0,0) | sp=35,1,35 | ip=1
0 | 12 | S=(0,0);(0,1);(0,2) | I=(0,0) | sp=35,1,45 | ip=1
0 | 12 | S=(0,0);(0,1);(0,2) | I=(0,0) | sp=35,1,55 | ip=1
0 | 12 | S=(0,0);(0,1);(0,2) | I=(0,0) | sp=35,1,99930 | ip=1
0 | 12 | S=(0,0);(0,1);(0,2) | I=(0,0) | sp=35,1,945 | ip=1
0 | 12 | S=(0,0);(0,1);(0,2) | I=(0,0) | sp=35,882,882 | ip=883
0 | 12 | S=(0,0);(0,1);(0,2) | I=(0,0) | sp=35,882,883 | ip=882
0 | 12 | S=(0,0);(0,1);(0,2) | I=(0,0) | sp=35,882,884 | ip=1
0 | 12 | S=(0,0);(0,1);(0,2) | I=(0,0) | sp=35,882,24 | ip=1
0 | 12 | S=(0,0);(0,1);(0,2) | I=(0,0) | sp=35,883,1 | ip=883
0 | 12 | S=(0,0);(0,1);(0,2) | I=(0,0) | sp=35,883,882 | ip=882
0 | 12 | S=(0,0);(0,1);(0,2) | I=(0,0) | sp=35,883,883 | ip=1
0 | 12 | S=(0,0);(0,1);(0,2) | I=(0,0) | sp=35,884,1 | ip=882
0 | 12 | S=(0,0);(0,1);(0,2) | I=(0,0) | sp=35,884,882 | ip=1
0 | 12 | S=(0,0);(0,1);(0,2) | I=(0,0) | sp=35,885,1 | ip=1
0 | 12 | S=(0,0);(0,1);(0,2) | I=(0,0) | sp=35,24,1 | ip=882
0 | 12 | S=(0,0);(0,1);(0,2) | I=(0,0) | sp=35,24,882 | ip=1
0 | 12 | S=(0,0);(0,1);(0,2) | I=(0,0) | sp=35,96,1 | ip=1
0 | 12 | S=(0,0);(0,1);(0,2) | I=(0,0) | sp=35,35,1 | ip=1
0 | 12 | S=(0,0);(0,1);(0,2) | I=(0,0) | sp=35,45,1 | ip=1
0 | 12 | S=(0,0);(0,1);(0,2) | I=(0,0) | sp=35,55,1 | ip=1
0 | 12 | S=(0,0);(0,1);(0,2) | I=(0,0) | sp=35,99930,1 | ip=1
0 | 12 | S=(0,0);(0,1);(0,2) | I=(0,0) | sp=35,945,1 | ip=1
0 | 12 | S=(0,0);(0,1);(0,2) | I=(0,0) | sp=45,1,883 | ip=883
0 | 12 | S=(0,0);(0,1);(0,2) | I=(0,0) | sp=45,1,884 | ip=882
0 | 12 | S=(0,0);(0,1);(0,2) | I=(0,0) | sp=45,1,885 | ip=1
0 | 12 | S=(0,0);(0,1);(0,2) | I=(0,0) | sp=45,1,24 | ip=882
0 | 12 | S=(0,0);(0,1);(0,2) | I=(0,0) | sp=45,1,96 | ip=1
0 | 12 | S=(0,0);(0,1);(0,2) | I=(0,0) | sp=45,1,35 | ip=1
0 | 12 | S=(0,0);(0,1);(0,2) | I=(0,0) | sp=45,1,45 | ip=1
0 | 12 | S=(0,0);(0,1);(0,2) | I=(0,0) | sp=45,1,55 | ip=1
0 | 12 | S=(0,0);(0,1);(0,2) | I=(0,0) | sp=45,1,99930 | ip=1
0 | 12 | S=(0,0);(0,1);(0,2) | I=(0,0) | sp=45,1,945 | ip=1
0 | 12 | S=(0,0);(0,1);(0,2) | I=(0,0) | sp=45,882,882 | ip=883
0 | 12 | S=(0,0);(0,1);(0,2) | I=(0,0) | sp=45,882,883 | ip=882
0 | 12 | S=(0,0);(0,1);(0,2) | I=(0,0) | sp=45,882,884 | ip=1
0 | 12 | S=(0,0);(0,1);(0,2) | I=(0,0) | sp=45,882,24 | ip=1
0 | 12 | S=(0,0);(0,1);(0,2) | I=(0,0) | sp=45,883,1 | ip=883
0 | 12 | S=(0,0);(0,1);(0,2) | I=(0,0) | sp=45,883,882 | ip=882
0 | 12 | S=(0,0);(0,1);(0,2) | I=(0,0) | sp=45,883,883 | ip=1
0 | 12 | S=(0,0);(0,1);(0,2) | I=(0,0) | sp=45,884,1 | ip=882
0 | 12 | S=(0,0);(0,1);(0,2) | I=(0,0) | sp=45,884,882 | ip=1
0 | 12 | S=(0,0);(0,1);(0,2) | I=(0,0) | sp=45,885,1 | ip=1
0 | 12 | S=(0,0);(0,1);(0,2) | I=(0,0) | sp=45,24,1 | ip=882
0 | 12 | S=(0,0);(0,1);(0,2) | I=(0,0) | sp=45,24,882 | ip=1
0 | 12 | S=(0,0);(0,1);(0,2) | I=(0,0) | sp=45,96,1 | ip=1
0 | 12 | S=(0,0);(0,1);(0,2) | I=(0,0) | sp=45,35,1 | ip=1
0 | 12 | S=(0,0);(0,1);(0,2) | I=(0,0) | sp=45,45,1 | ip=1
0 | 12 | S=(0,0);(0,1);(0,2) | I=(0,0) | sp=45,55,1 | ip=1
0 | 12 | S=(0,0);(0,1);(0,2) | I=(0,0) | sp=45,99930,1 | ip=1
0 | 12 | S=(0,0);(0,1);(0,2) | I=(0,0) | sp=45,945,1 | ip=1
0 | 12 | S=(0,0);(0,1);(0,2) | I=(0,0) | sp=55,1,883 | ip=883
0 | 12 | S=(0,0);(0,1);(0,2) | I=(0,0) | sp=55,1,884 | ip=882
0 | 12 | S=(0,0);(0,1);(0,2) | I=(0,0) | sp=55,1,885 | ip=1
0 | 12 | S=(0,0);(0,1);(0,2) | I=(0,0) | sp=55,1,24 | ip=882
0 | 12 | S=(0,0);(0,1);(0,2) | I=(0,0) | sp=55,1,96 | ip=1
0 | 12 | S=(0,0);(0,1);(0,2) | I=(0,0) | sp=55,1,35 | ip=1
0 | 12 | S=(0,0);(0,1);(0,2) | I=(0,0) | sp=55,1,45 | ip=1
0 | 12 | S=(0,0);(0,1);(0,2) | I=(0,0) | sp=55,1,55 | ip=1
0 | 12 | S=(0,0);(0,1);(0,2) | I=(0,0) | sp=55,1,99930 | ip=1
0 | 12 | S=(0,0);(0,1);(0,2) | I=(0,0) | sp=55,1,945 | ip=1
0 | 12 | S=(0,0);(0,1);(0,2) | I=(0,0) | sp=55,882,882 | ip=883
0 | 12 | S=(0,0);(0,1);(0,2) | I=(0,0) | sp=55,882,883 | ip=882
0 | 12 | S=(0,0);(0,1);(0,2) | I=(0,0) | sp=55,882,884 | ip=1
0 | 12 | S=(0,0);(0,1);(0,2) | I=(0,0) | sp=55,882,24 | ip=1
0 | 12 | S=(0,0);(0,1);(0,2) | I=(0,0) | sp=55,883,1 | ip=883
0 | 12 | S=(0,0);(0,1);(0,2) | I=(0,0) | sp=55,883,882 | ip=882
0 | 12 | S=(0,0);(0,1);(0,2) | I=(0,0) | sp=55,883,883 | ip=1
0 | 12 | S=(0,0);(0,1);(0,2) | I=(0,0) | sp=55,884,1 | ip=882
0 | 12 | S=(0,0);(0,1);(0,2) | I=(0,0) | sp=55,884,882 | ip=1
0 | 12 | S=(0,0);(0,1);(0,2) | I=(0,0) | sp=55,885,1 | ip=1
0 | 12 | S=(0,0);(0,1);(0,2) | I=(0,0) | sp=55,24,1 | ip=882
0 | 12 | S=(0,0);(0,1);(0,2) | I=(0,0) | sp=55,24,882 | ip=1
0 | 12 | S=(0,0);(0,1);(0,2) | I=(0,0) | sp=55,96,1 | ip=1
0 | 12 | S=(0,0);(0,1);(0,2) | I=(0,0) | sp=55,35,1 | ip=1
0 | 12 | S=(0,0);(0,1);(0,2) | I=(0,0) | sp=55,45,1 | ip=1
0 | 12 | S=(0,0);(0,1);(0,2) | I=(0,0) | sp=55,55,1 | ip=1
0 | 12 | S=(0,0);(0,1);(0,2) | I=(0,0) | sp=55,99930,1 | ip=1
0 | 12 | S=(0,0);(0,1);(0,2) | I=(0,0) | sp=55,945,1 | ip=1
0 | 12 | S=(0,0);(0,1);(0,2) | I=(0,0) | sp=99930,1,883 | ip=883
0 | 12 | S=(0,0);(0,1);(0,2) | I=(0,0) | sp=99930,1,884 | ip=882
0 | 12 | S=(0,0);(0,1);(0,2) | I=(0,0) | sp=99930,1,885 | ip=1
0 | 12 | S=(0,0);(0,1);(0,2) | I=(0,0) | sp=99930,1,24 | ip=882
0 | 12 | S=(0,0);(0,1);(0,2) | I=(0,0) | sp=99930,1,96 | ip=1
0 | 12 | S=(0,0);(0,1);(0,2) | I=(0,0) | sp=99930,1,35 | ip=1
0 | 12 | S=(0,0);(0,1);(0,2) | I=(0,0) | sp=99930,1,45 | ip=1
0 | 12 | S=(0,0);(0,1);(0,2) | I=(0,0) | sp=99930,1,55 | ip=1
0 | 12 | S=(0,0);(0,1);(0,2) | I=(0,0) | sp=99930,1,99930 | ip=1
0 | 12 | S=(0,0);(0,1);(0,2) | I=(0,0) | sp=99930,1,945 | ip=1
0 | 12 | S=(0,0);(0,1);(0,2) | I=(0,0) | sp=99930,882,882 | ip=883
0 | 12 | S=(0,0);(0,1);(0,2) | I=(0,0) | sp=99930,882,883 | ip=882
0 | 12 | S=(0,0);(0,1);(0,2) | I=(0,0) | sp=99930,882,884 | ip=1
0 | 12 | S=(0,0);(0,1);(0,2) | I=(0,0) | sp=99930,882,24 | ip=1
0 | 12 | S=(0,0);(0,1);(0,2) | I=(0,0) | sp=99930,883,1 | ip=883
0 | 12 | S=(0,0);(0,1);(0,2) | I=(0,0) | sp=99930,883,882 | ip=882
0 | 12 | S=(0,0);(0,1);(0,2) | I=(0,0) | sp=99930,883,883 | ip=1
0 | 12 | S=(0,0);(0,1);(0,2) | I=(0,0) | sp=99930,884,1 | ip=882
0 | 12 | S=(0,0);(0,1);(0,2) | I=(0,0) | sp=99930,884,882 | ip=1
0 | 12 | S=(0,0);(0,1);(0,2) | I=(0,0) | sp=99930,885,1 | ip=1
0 | 12 | S=(0,0);(0,1);(0,2) | I=(0,0) | sp=99930,24,1 | ip=882
0 | 12 | S=(0,0);(0,1);(0,2) | I=(0,0) | sp=99930,24,882 | ip=1
0 | 12 | S=(0,0);(0,1);(0,2) | I=(0,0) | sp=99930,96,1 | ip=1
0 | 12 | S=(0,0);(0,1);(0,2) | I=(0,0) | sp=99930,35,1 | ip=1
0 | 12 | S=(0,0);(0,1);(0,2) | I=(0,0) | sp=99930,45,1 | ip=1
0 | 12 | S=(0,0);(0,1);(0,2) | I=(0,0) | sp=99930,55,1 | ip=1
0 | 12 | S=(0,0);(0,1);(0,2) | I=(0,0) | sp=99930,99930,1 | ip=1
0 | 12 | S=(0,0);(0,1);(0,2) | I=(0,0) | sp=99930,945,1 | ip=1
0 | 12 | S=(0,0);(0,1);(0,2) | I=(0,0) | sp=996,1,882 | ip=883
0 | 12 | S=(0,0);(0,1);(0,2) | I=(0,0) | sp=996,1,883 | ip=882
0 | 12 | S=(0,0);(0,1);(0,2) | I=(0,0) | sp=996,1,884 | ip=1
0 | 12 | S=(0,0);(0,1);(0,2) | I=(0,0) | sp=996,1,24 | ip=1
0 | 12 | S=(0,0);(0,1);(0,2) | I=(0,0) | sp=996,882,1 | ip=883
0 | 12 | S=(0,0);(0,1);(0,2) | I=(0,0) | sp=996,882,882 | ip=882
0 | 12 | S=(0,0);(0,1);(0,2) | I=(0,0) | sp=996,882,883 | ip=1
0 | 12 | S=(0,0);(0,1);(0,2) | I=(0,0) | sp=996,883,1 | ip=882
0 | 12 | S=(0,0);(0,1);(0,2) | I=(0,0) | sp=996,883,882 | ip=1
0 | 12 | S=(0,0);(0,1);(0,2) | I=(0,0) | sp=996,884,1 | ip=1
0 | 12 | S=(0,0);(0,1);(0,2) | I=(0,0) | sp=996,24,1 | ip=1
0 | 12 | S=(0,0);(0,1);(0,2) | I=(0,0) | sp=998,1,1 | ip=883
0 | 12 | S=(0,0);(0,1);(0,2) | I=(0,0) | sp=998,1,882 | ip=882
0 | 12 | S=(0,0);(0,1);(0,2) | I=(0,0) | sp=998,1,883 | ip=1
0 | 12 | S=(0,0);(0,1);(0,2) | I=(0,0) | sp=998,882,1 | ip=882
0 | 12 | S=(0,0);(0,1);(0,2) | I=(0,0) | sp=998,882,882 | ip=1
0 | 12 | S=(0,0);(0,1);(0,2) | I=(0,0) | sp=998,883,1 | ip=1
0 | 12 | S=(0,0);(0,1);(0,2) | I=(0,0) | sp=999,1,1 | ip=882
0 | 12 | S=(0,0);(0,1);(0,2) | I=(0,0) | sp=999,1,882 | ip=1
0 | 12 | S=(0,0);(0,1);(0,2) | I=(0,0) | sp=999,882,1 | ip=1
0 | 12 | S=(0,0);(0,1);(0,2) | I=(0,0) | sp=9912,1,93 | ip=883
0 | 12 | S=(0,0);(0,1);(0,2) | I=(0,0) | sp=9912,1,9912 | ip=882
0 | 12 | S=(0,0);(0,1);(0,2) | I=(0,0) | sp=9912,1,947 | ip=1
0 | 12 | S=(0,0);(0,1);(0,2) | I=(0,0) | sp=9912,882,93 | ip=882
0 | 12 | S=(0,0);(0,1);(0,2) | I=(0,0) | sp=9912,882,9912 | ip=1
0 | 12 | S=(0,0);(0,1);(0,2) | I=(0,0) | sp=9912,883,93 | ip=1
0 | 12 | S=(0,0);(0,1);(0,2) | I=(0,0) | sp=9912,93,1 | ip=883
0 | 12 | S=(0,0);(0,1);(0,2) | I=(0,0) | sp=9912,93,882 | ip=882
0 | 12 | S=(0,0);(0,1);(0,2) | I=(0,0) | sp=9912,93,883 | ip=1
0 | 12 | S=(0,0);(0,1);(0,2) | I=(0,0) | sp=9912,9912,1 | ip=882
0 | 12 | S=(0,0);(0,1);(0,2) | I=(0,0) | sp=9912,9912,882 | ip=1
0 | 12 | S=(0,0);(0,1);(0,2) | I=(0,0) | sp=9912,947,1 | ip=1
0 | 12 | S=(0,0);(0,1);(0,2) | I=(0,0) | sp=918,1,922 | ip=882
0 | 12 | S=(0,0);(0,1);(0,2) | I=(0,0) | sp=918,882,922 | ip=1
0 | 12 | S=(0,0);(0,1);(0,2) | I=(0,0) | sp=918,922,1 | ip=882
0 | 12 | S=(0,0);(0,1);(0,2) | I=(0,0) | sp=918,922,882 | ip=1
0 | 12 | S=(0,0);(0,1);(0,2) | I=(0,0) | sp=919,1,882 | ip=883
0 | 12 | S=(0,0);(0,1);(0,2) | I=(0,0) | sp=919,1,883 | ip=882
0 | 12 | S=(0,0);(0,1);(0,2) | I=(0,0) | sp=919,1,884 | ip=1
0 | 12 | S=(0,0);(0,1);(0,2) | I=(0,0) | sp=919,1,24 | ip=1
0 | 12 | S=(0,0);(0,1);(0,2) | I=(0,0) | sp=919,882,1 | ip=883
0 | 12 | S=(0,0);(0,1);(0,2) | I=(0,0) | sp=919,882,882 | ip=882
0 | 12 | S=(0,0);(0,1);(0,2) | I=(0,0) | sp=919,882,883 | ip=1
0 | 12 | S=(0,0);(0,1);(0,2) | I=(0,0) | sp=919,883,1 | ip=882
0 | 12 | S=(0,0);(0,1);(0,2) | I=(0,0) | sp=919,883,882 | ip=1
0 | 12 | S=(0,0);(0,1);(0,2) | I=(0,0) | sp=919,884,1 | ip=1
0 | 12 | S=(0,0);(0,1);(0,2) | I=(0,0) | sp=919,24,1 | ip=1
0 | 12 | S=(0,0);(0,1);(0,2) | I=(0,0) | sp=922,1,918 | ip=882
0 | 12 | S=(0,0);(0,1);(0,2) | I=(0,0) | sp=922,882,918 | ip=1
0 | 12 | S=(0,0);(0,1);(0,2) | I=(0,0) | sp=922,918,1 | ip=882
0 | 12 | S=(0,0);(0,1);(0,2) | I=(0,0) | sp=922,918,882 | ip=1
0 | 12 | S=(0,0);(0,1);(0,2) | I=(0,0) | sp=923,1,1 | ip=883
0 | 12 | S=(0,0);(0,1);(0,2) | I=(0,0) | sp=923,1,882 | ip=882
0 | 12 | S=(0,0);(0,1);(0,2) | I=(0,0) | sp=923,1,883 | ip=1
0 | 12 | S=(0,0);(0,1);(0,2) | I=(0,0) | sp=923,882,1 | ip=882
0 | 12 | S=(0,0);(0,1);(0,2) | I=(0,0) | sp=923,882,882 | ip=1
0 | 12 | S=(0,0);(0,1);(0,2) | I=(0,0) | sp=923,883,1 | ip=1
0 | 12 | S=(0,0);(0,1);(0,2) | I=(0,0) | sp=945,1,883 | ip=883
0 | 12 | S=(0,0);(0,1);(0,2) | I=(0,0) | sp=945,1,884 | ip=882
0 | 12 | S=(0,0);(0,1);(0,2) | I=(0,0) | sp=945,1,885 | ip=1
0 | 12 | S=(0,0);(0,1);(0,2) | I=(0,0) | sp=945,1,24 | ip=882
0 | 12 | S=(0,0);(0,1);(0,2) | I=(0,0) | sp=945,1,96 | ip=1
0 | 12 | S=(0,0);(0,1);(0,2) | I=(0,0) | sp=945,1,35 | ip=1
0 | 12 | S=(0,0);(0,1);(0,2) | I=(0,0) | sp=945,1,45 | ip=1
0 | 12 | S=(0,0);(0,1);(0,2) | I=(0,0) | sp=945,1,55 | ip=1
0 | 12 | S=(0,0);(0,1);(0,2) | I=(0,0) | sp=945,1,99930 | ip=1
0 | 12 | S=(0,0);(0,1);(0,2) | I=(0,0) | sp=945,1,945 | ip=1
0 | 12 | S=(0,0);(0,1);(0,2) | I=(0,0) | sp=945,882,882 | ip=883
0 | 12 | S=(0,0);(0,1);(0,2) | I=(0,0) | sp=945,882,883 | ip=882
0 | 12 | S=(0,0);(0,1);(0,2) | I=(0,0) | sp=945,882,884 | ip=1
0 | 12 | S=(0,0);(0,1);(0,2) | I=(0,0) | sp=945,882,24 | ip=1
0 | 12 | S=(0,0);(0,1);(0,2) | I=(0,0) | sp=945,883,1 | ip=883
0 | 12 | S=(0,0);(0,1);(0,2) | I=(0,0) | sp=945,883,882 | ip=882
0 | 12 | S=(0,0);(0,1);(0,2) | I=(0,0) | sp=945,883,883 | ip=1
0 | 12 | S=(0,0);(0,1);(0,2) | I=(0,0) | sp=945,884,1 | ip=882
0 | 12 | S=(0,0);(0,1);(0,2) | I=(0,0) | sp=945,884,882 | ip=1
0 | 12 | S=(0,0);(0,1);(0,2) | I=(0,0) | sp=945,885,1 | ip=1
0 | 12 | S=(0,0);(0,1);(0,2) | I=(0,0) | sp=945,24,1 | ip=882
0 | 12 | S=(0,0);(0,1);(0,2) | I=(0,0) | sp=945,24,882 | ip=1
0 | 12 | S=(0,0);(0,1);(0,2) | I=(0,0) | sp=945,96,1 | ip=1
0 | 12 | S=(0,0);(0,1);(0,2) | I=(0,0) | sp=945,35,1 | ip=1
0 | 12 | S=(0,0);(0,1);(0,2) | I=(0,0) | sp=945,45,1 | ip=1
0 | 12 | S=(0,0);(0,1);(0,2) | I=(0,0) | sp=945,55,1 | ip=1
0 | 12 | S=(0,0);(0,1);(0,2) | I=(0,0) | sp=945,99930,1 | ip=1
0 | 12 | S=(0,0);(0,1);(0,2) | I=(0,0) | sp=945,945,1 | ip=1
0 | 12 | S=(0,0);(0,1);(0,2) | I=(0,0) | sp=9915,1,882 | ip=883
0 | 12 | S=(0,0);(0,1);(0,2) | I=(0,0) | sp=9915,1,883 | ip=882
0 | 12 | S=(0,0);(0,1);(0,2) | I=(0,0) | sp=9915,1,884 | ip=1
0 | 12 | S=(0,0);(0,1);(0,2) | I=(0,0) | sp=9915,1,24 | ip=1
0 | 12 | S=(0,0);(0,1);(0,2) | I=(0,0) | sp=9915,882,1 | ip=883
0 | 12 | S=(0,0);(0,1);(0,2) | I=(0,0) | sp=9915,882,882 | ip=882
0 | 12 | S=(0,0);(0,1);(0,2) | I=(0,0) | sp=9915,882,883 | ip=1
0 | 12 | S=(0,0);(0,1);(0,2) | I=(0,0) | sp=9915,883,1 | ip=882
0 | 12 | S=(0,0);(0,1);(0,2) | I=(0,0) | sp=9915,883,882 | ip=1
0 | 12 | S=(0,0);(0,1);(0,2) | I=(0,0) | sp=9915,884,1 | ip=1
0 | 12 | S=(0,0);(0,1);(0,2) | I=(0,0) | sp=9915,24,1 | ip=1
0 | 12 | S=(0,0);(0,1);(0,2) | I=(0,0) | sp=946,1,882 | ip=883
0 | 12 | S=(0,0);(0,1);(0,2) | I=(0,0) | sp=946,1,883 | ip=882
0 | 12 | S=(0,0);(0,1);(0,2) | I=(0,0) | sp=946,1,884 | ip=1
0 | 12 | S=(0,0);(0,1);(0,2) | I=(0,0) | sp=946,1,24 | ip=1
0 | 12 | S=(0,0);(0,1);(0,2) | I=(0,0) | sp=946,882,1 | ip=883
0 | 12 | S=(0,0);(0,1);(0,2) | I=(0,0) | sp=946,882,882 | ip=882
0 | 12 | S=(0,0);(0,1);(0,2) | I=(0,0) | sp=946,882,883 | ip=1
0 | 12 | S=(0,0);(0,1);(0,2) | I=(0,0) | sp=946,883,1 | ip=882
0 | 12 | S=(0,0);(0,1);(0,2) | I=(0,0) | sp=946,883,882 | ip=1
0 | 12 | S=(0,0);(0,1);(0,2) | I=(0,0) | sp=946,884,1 | ip=1
0 | 12 | S=(0,0);(0,1);(0,2) | I=(0,0) | sp=946,24,1 | ip=1
0 | 12 | S=(0,0);(0,1);(0,2) | I=(0,0) | sp=947,1,93 | ip=882
0 | 12 | S=(0,0);(0,1);(0,2) | I=(0,0) | sp=947,1,9912 | ip=1
0 | 12 | S=(0,0);(0,1);(0,2) | I=(0,0) | sp=947,882,93 | ip=1
0 | 12 | S=(0,0);(0,1);(0,2) | I=(0,0) | sp=947,93,1 | ip=882
0 | 12 | S=(0,0);(0,1);(0,2) | I=(0,0) | sp=947,93,882 | ip=1
0 | 12 | S=(0,0);(0,1);(0,2) | I=(0,0) | sp=947,9912,1 | ip=1
0 | 12 | S=(0,0);(0,1);(0,2) | I=(0,0) | sp=948,1,1 | ip=882
0 | 12 | S=(0,0);(0,1);(0,2) | I=(0,0) | sp=948,1,882 | ip=1
0 | 12 | S=(0,0);(0,1);(0,2) | I=(0,0) | sp=948,882,1 | ip=1
0 | 12 | S=(0,0);(0,1);(0,2) | I=(0,0) | sp=949,1,1 | ip=1
0 | 12 | S=(0,0);(0,1);(0,2) | I=(0,0) | sp=950,1,1 | ip=883
0 | 12 | S=(0,0);(0,1);(0,2) | I=(0,0) | sp=950,1,882 | ip=882
0 | 12 | S=(0,0);(0,1);(0,2) | I=(0,0) | sp=950,1,883 | ip=1
0 | 12 | S=(0,0);(0,1);(0,2) | I=(0,0) | sp=950,882,1 | ip=882
0 | 12 | S=(0,0);(0,1);(0,2) | I=(0,0) | sp=950,882,882 | ip=1
0 | 12 | S=(0,0);(0,1);(0,2) | I=(0,0) | sp=950,883,1 | ip=1
