0,1,0,1,0,1,0,1,0 | 6,22,6,22,6,22,6,22,6 | S=(0,0);(0,1) | I=(6,0) | sp=1,1 | ip=1
0,1,0,1,0,1,0,1,0 | 7,33,8,33,8,33,8,33,7 | S=(0,0);(0,1) | I=(6,0) | sp=1,1 | ip=1
0,1,0,1,0,1,0,1,0 | 8,33,8,33,8,33,8,33,7 | S=(0,0);(0,1) | I=(6,0) | sp=1,882 | ip=1
0,1,0,1,0,1,0,1,0 | 8,33,8,33,8,33,8,33,7 | S=(0,0);(0,1) | I=(6,0) | sp=882,1 | ip=1
0,1,0,1,0,1,0,1,0 | 8,33,8,33,8,33,8,33,8 | S=(0,0);(0,1) | I=(6,0) | sp=1,97 | ip=1
0,1,0,1,0,1,0,1,0 | 8,33,8,33,8,33,8,33,8 | S=(0,0);(0,1) | I=(6,0) | sp=97,1 | ip=1
0,1,0,1,0,1,0,1,0 | 8,45,12,55,12,55,12,54,8 | S=(0,0);(0,1) | I=(6,0) | sp=1,1 | ip=1
0,1,0,1,0,1,0,1,0 | 12,55,12,55,12,55,12,54,8 | S=(0,0);(0,1) | I=(6,0) | sp=1,884 | ip=1
0,1,0,1,0,1,0,1,0 | 12,55,12,55,12,55,12,54,8 | S=(0,0);(0,1) | I=(6,0) | sp=1,24 | ip=1
0,1,0,1,0,1,0,1,0 | 12,55,12,55,12,55,12,54,8 | S=(0,0);(0,1) | I=(6,0) | sp=882,883 | ip=1
0,1,0,1,0,1,0,1,0 | 12,55,12,55,12,55,12,54,8 | S=(0,0);(0,1) | I=(6,0) | sp=883,882 | ip=1
0,1,0,1,0,1,0,1,0 | 12,55,12,55,12,55,12,54,8 | S=(0,0);(0,1) | I=(6,0) | sp=884,1 | ip=1
0,1,0,1,0,1,0,1,0 | 12,55,12,55,12,55,12,54,8 | S=(0,0);(0,1) | I=(6,0) | sp=24,1 | ip=1
0,1,0,1,0,1,0,1,0 | 12,55,12,55,12,55,12,55,12 | S=(0,0);(0,1) | I=(6,0) | sp=1,920 | ip=1
0,1,0,1,0,1,0,1,0 | 12,55,12,55,12,55,12,55,12 | S=(0,0);(0,1) | I=(6,0) | sp=920,1 | ip=1
