0,1,0,1,0,1,0,1,0,1,0,1,0,1,0,1,0,1,0,1,0,1,0,1,0,1,0,1,0,1,0,1,0 | 6,35,12,55,12,55,12,55,12,55,12,55,12,55,12,55,12,55,12,55,12,55,12,55,12,55,12,55,12,55,12,42,4 | S=(0,0);(0,1) | I=(30,0) | sp=1,1 | ip=1
0,1,0,1,0,1,0,1,0,1,0,1,0,1,0,1,0,1,0,1,0,1,0,1,0,1,0,1,0,1,0,1,0 | 7,45,12,55,12,55,12,55,12,55,12,55,12,55,12,55,12,55,12,55,12,55,12,55,12,55,12,55,12,55,12,42,4 | S=(0,0);(0,1) | I=(30,0) | sp=1,1 | ip=1
0,1,0,1,0,1,0,1,0,1,0,1,0,1,0,1,0,1,0,1,0,1,0,1,0,1,0,1,0,1,0,1,0 | 8,45,12,55,12,55,12,55,12,55,12,55,12,55,12,55,12,55,12,55,12,55,12,55,12,55,12,55,12,55,12,42,4 | S=(0,0);(0,1) | I=(30,0) | sp=1,1 | ip=1
0,1,0,1,0,1,0,1,0,1,0,1,0,1,0,1,0,1,0,1,0,1,0,1,0,1,0,1,0,1,0,1,0 | 8,45,12,55,12,55,12,55,12,55,12,55,12,55,12,55,12,55,12,55,12,55,12,55,12,55,12,55,12,55,12,42,4 | S=(0,0);(0,1) | I=(30,0) | sp=1,882 | ip=1
0,1,0,1,0,1,0,1,0,1,0,1,0,1,0,1,0,1,0,1,0,1,0,1,0,1,0,1,0,1,0,1,0 | 8,45,12,55,12,55,12,55,12,55,12,55,12,55,12,55,12,55,12,55,12,55,12,55,12,55,12,55,12,55,12,42,4 | S=(0,0);(0,1) | I=(30,0) | sp=882,1 | ip=1
0,1,0,1,0,1,0,1,0,1,0,1,0,1,0,1,0,1,0,1,0,1,0,1,0,1,0,1,0,1,0,1,0 | 8,55,12,55,12,55,12,55,12,55,12,55,12,55,12,55,12,55,12,55,12,55,12,55,12,55,12,55,12,55,12,42,4 | S=(0,0);(0,1) | I=(30,0) | sp=1,1 | ip=1
0,1,0,1,0,1,0,1,0,1,0,1,0,1,0,1,0,1,0,1,0,1,0,1,0,1,0,1,0,1,0,1,0 | 12,55,12,55,12,55,12,55,12,55,12,55,12,55,12,55,12,55,12,55,12,55,12,55,12,55,12,55,12,55,12,42,4 | S=(0,0);(0,1) | I=(30,0) | sp=1,1 | ip=1
0,1,0,1,0,1,0,1,0,1,0,1,0,1,0,1,0,1,0,1,0,1,0,1,0,1,0,1,0,1,0,1,0 | 12,55,12,55,12,55,12,55,12,55,12,55,12,55,12,55,12,55,12,55,12,55,12,55,12,55,12,55,12,55,12,42,4 | S=(0,0);(0,1) | I=(30,0) | sp=1,882 | ip=1
0,1,0,1,0,1,0,1,0,1,0,1,0,1,0,1,0,1,0,1,0,1,0,1,0,1,0,1,0,1,0,1,0 | 12,55,12,55,12,55,12,55,12,55,12,55,12,55,12,55,12,55,12,55,12,55,12,55,12,55,12,55,12,55,12,42,4 | S=(0,0);(0,1) | I=(30,0) | sp=1,883 | ip=1
0,1,0,1,0,1,0,1,0,1,0,1,0,1,0,1,0,1,0,1,0,1,0,1,0,1,0,1,0,1,0,1,0 | 12,55,12,55,12,55,12,55,12,55,12,55,12,55,12,55,12,55,12,55,12,55,12,55,12,55,12,55,12,55,12,42,4 | S=(0,0);(0,1) | I=(30,0) | sp=1,884 | ip=1
0,1,0,1,0,1,0,1,0,1,0,1,0,1,0,1,0,1,0,1,0,1,0,1,0,1,0,1,0,1,0,1,0 | 12,55,12,55,12,55,12,55,12,55,12,55,12,55,12,55,12,55,12,55,12,55,12,55,12,55,12,55,12,55,12,42,4 | S=(0,0);(0,1) | I=(30,0) | sp=1,885 | ip=1
0,1,0,1,0,1,0,1,0,1,0,1,0,1,0,1,0,1,0,1,0,1,0,1,0,1,0,1,0,1,0,1,0 | 12,55,12,55,12,55,12,55,12,55,12,55,12,55,12,55,12,55,12,55,12,55,12,55,12,55,12,55,12,55,12,42,4 | S=(0,0);(0,1) | I=(30,0) | sp=1,24 | ip=1
0,1,0,1,0,1,0,1,0,1,0,1,0,1,0,1,0,1,0,1,0,1,0,1,0,1,0,1,0,1,0,1,0 | 12,55,12,55,12,55,12,55,12,55,12,55,12,55,12,55,12,55,12,55,12,55,12,55,12,55,12,55,12,55,12,42,4 | S=(0,0);(0,1) | I=(30,0) | sp=1,93 | ip=1
0,1,0,1,0,1,0,1,0,1,0,1,0,1,0,1,0,1,0,1,0,1,0,1,0,1,0,1,0,1,0,1,0 | 12,55,12,55,12,55,12,55,12,55,12,55,12,55,12,55,12,55,12,55,12,55,12,55,12,55,12,55,12,55,12,42,4 | S=(0,0);(0,1) | I=(30,0) | sp=1,96 | ip=1
0,1,0,1,0,1,0,1,0,1,0,1,0,1,0,1,0,1,0,1,0,1,0,1,0,1,0,1,0,1,0,1,0 | 12,55,12,55,12,55,12,55,12,55,12,55,12,55,12,55,12,55,12,55,12,55,12,55,12,55,12,55,12,55,12,42,4 | S=(0,0);(0,1) | I=(30,0) | sp=1,35 | ip=1
0,1,0,1,0,1,0,1,0,1,0,1,0,1,0,1,0,1,0,1,0,1,0,1,0,1,0,1,0,1,0,1,0 | 12,55,12,55,12,55,12,55,12,55,12,55,12,55,12,55,12,55,12,55,12,55,12,55,12,55,12,55,12,55,12,42,4 | S=(0,0);(0,1) | I=(30,0) | sp=1,45 | ip=1
0,1,0,1,0,1,0,1,0,1,0,1,0,1,0,1,0,1,0,1,0,1,0,1,0,1,0,1,0,1,0,1,0 | 12,55,12,55,12,55,12,55,12,55,12,55,12,55,12,55,12,55,12,55,12,55,12,55,12,55,12,55,12,55,12,42,4 | S=(0,0);(0,1) | I=(30,0) | sp=1,55 | ip=1
0,1,0,1,0,1,0,1,0,1,0,1,0,1,0,1,0,1,0,1,0,1,0,1,0,1,0,1,0,1,0,1,0 | 12,55,12,55,12,55,12,55,12,55,12,55,12,55,12,55,12,55,12,55,12,55,12,55,12,55,12,55,12,55,12,42,4 | S=(0,0);(0,1) | I=(30,0) | sp=1,99930 | ip=1
0,1,0,1,0,1,0,1,0,1,0,1,0,1,0,1,0,1,0,1,0,1,0,1,0,1,0,1,0,1,0,1,0 | 12,55,12,55,12,55,12,55,12,55,12,55,12,55,12,55,12,55,12,55,12,55,12,55,12,55,12,55,12,55,12,42,4 | S=(0,0);(0,1) | I=(30,0) | sp=1,9912 | ip=1
0,1,0,1,0,1,0,1,0,1,0,1,0,1,0,1,0,1,0,1,0,1,0,1,0,1,0,1,0,1,0,1,0 | 12,55,12,55,12,55,12,55,12,55,12,55,12,55,12,55,12,55,12,55,12,55,12,55,12,55,12,55,12,55,12,42,4 | S=(0,0);(0,1) | I=(30,0) | sp=1,918 | ip=1
0,1,0,1,0,1,0,1,0,1,0,1,0,1,0,1,0,1,0,1,0,1,0,1,0,1,0,1,0,1,0,1,0 | 12,55,12,55,12,55,12,55,12,55,12,55,12,55,12,55,12,55,12,55,12,55,12,55,12,55,12,55,12,55,12,42,4 | S=(0,0);(0,1) | I=(30,0) | sp=1,920 | ip=1
0,1,0,1,0,1,0,1,0,1,0,1,0,1,0,1,0,1,0,1,0,1,0,1,0,1,0,1,0,1,0,1,0 | 12,55,12,55,12,55,12,55,12,55,12,55,12,55,12,55,12,55,12,55,12,55,12,55,12,55,12,55,12,55,12,42,4 | S=(0,0);(0,1) | I=(30,0) | sp=1,921 | ip=1
0,1,0,1,0,1,0,1,0,1,0,1,0,1,0,1,0,1,0,1,0,1,0,1,0,1,0,1,0,1,0,1,0 | 12,55,12,55,12,55,12,55,12,55,12,55,12,55,12,55,12,55,12,55,12,55,12,55,12,55,12,55,12,55,12,42,4 | S=(0,0);(0,1) | I=(30,0) | sp=1,922 | ip=1
0,1,0,1,0,1,0,1,0,1,0,1,0,1,0,1,0,1,0,1,0,1,0,1,0,1,0,1,0,1,0,1,0 | 12,55,12,55,12,55,12,55,12,55,12,55,12,55,12,55,12,55,12,55,12,55,12,55,12,55,12,55,12,55,12,42,4 | S=(0,0);(0,1) | I=(30,0) | sp=1,945 | ip=1
0,1,0,1,0,1,0,1,0,1,0,1,0,1,0,1,0,1,0,1,0,1,0,1,0,1,0,1,0,1,0,1,0 | 12,55,12,55,12,55,12,55,12,55,12,55,12,55,12,55,12,55,12,55,12,55,12,55,12,55,12,55,12,55,12,42,4 | S=(0,0);(0,1) | I=(30,0) | sp=882,1 | ip=1
0,1,0,1,0,1,0,1,0,1,0,1,0,1,0,1,0,1,0,1,0,1,0,1,0,1,0,1,0,1,0,1,0 | 12,55,12,55,12,55,12,55,12,55,12,55,12,55,12,55,12,55,12,55,12,55,12,55,12,55,12,55,12,55,12,42,4 | S=(0,0);(0,1) | I=(30,0) | sp=882,882 | ip=1
0,1,0,1,0,1,0,1,0,1,0,1,0,1,0,1,0,1,0,1,0,1,0,1,0,1,0,1,0,1,0,1,0 | 12,55,12,55,12,55,12,55,12,55,12,55,12,55,12,55,12,55,12,55,12,55,12,55,12,55,12,55,12,55,12,42,4 | S=(0,0);(0,1) | I=(30,0) | sp=882,883 | ip=1
0,1,0,1,0,1,0,1,0,1,0,1,0,1,0,1,0,1,0,1,0,1,0,1,0,1,0,1,0,1,0,1,0 | 12,55,12,55,12,55,12,55,12,55,12,55,12,55,12,55,12,55,12,55,12,55,12,55,12,55,12,55,12,55,12,42,4 | S=(0,0);(0,1) | I=(30,0) | sp=882,884 | ip=1
0,1,0,1,0,1,0,1,0,1,0,1,0,1,0,1,0,1,0,1,0,1,0,1,0,1,0,1,0,1,0,1,0 | 12,55,12,55,12,55,12,55,12,55,12,55,12,55,12,55,12,55,12,55,12,55,12,55,12,55,12,55,12,55,12,42,4 | S=(0,0);(0,1) | I=(30,0) | sp=882,24 | ip=1
0,1,0,1,0,1,0,1,0,1,0,1,0,1,0,1,0,1,0,1,0,1,0,1,0,1,0,1,0,1,0,1,0 | 12,55,12,55,12,55,12,55,12,55,12,55,12,55,12,55,12,55,12,55,12,55,12,55,12,55,12,55,12,55,12,42,4 | S=(0,0);(0,1) | I=(30,0) | sp=882,93 | ip=1
0,1,0,1,0,1,0,1,0,1,0,1,0,1,0,1,0,1,0,1,0,1,0,1,0,1,0,1,0,1,0,1,0 | 12,55,12,55,12,55,12,55,12,55,12,55,12,55,12,55,12,55,12,55,12,55,12,55,12,55,12,55,12,55,12,42,4 | S=(0,0);(0,1) | I=(30,0) | sp=883,1 | ip=1
0,1,0,1,0,1,0,1,0,1,0,1,0,1,0,1,0,1,0,1,0,1,0,1,0,1,0,1,0,1,0,1,0 | 12,55,12,55,12,55,12,55,12,55,12,55,12,55,12,55,12,55,12,55,12,55,12,55,12,55,12,55,12,55,12,42,4 | S=(0,0);(0,1) | I=(30,0) | sp=883,882 | ip=1
0,1,0,1,0,1,0,1,0,1,0,1,0,1,0,1,0,1,0,1,0,1,0,1,0,1,0,1,0,1,0,1,0 | 12,55,12,55,12,55,12,55,12,55,12,55,12,55,12,55,12,55,12,55,12,55,12,55,12,55,12,55,12,55,12,42,4 | S=(0,0);(0,1) | I=(30,0) | sp=883,883 | ip=1
0,1,0,1,0,1,0,1,0,1,0,1,0,1,0,1,0,1,0,1,0,1,0,1,0,1,0,1,0,1,0,1,0 | 12,55,12,55,12,55,12,55,12,55,12,55,12,55,12,55,12,55,12,55,12,55,12,55,12,55,12,55,12,55,12,42,4 | S=(0,0);(0,1) | I=(30,0) | sp=884,1 | ip=1
0,1,0,1,0,1,0,1,0,1,0,1,0,1,0,1,0,1,0,1,0,1,0,1,0,1,0,1,0,1,0,1,0 | 12,55,12,55,12,55,12,55,12,55,12,55,12,55,12,55,12,55,12,55,12,55,12,55,12,55,12,55,12,55,12,42,4 | S=(0,0);(0,1) | I=(30,0) | sp=884,882 | ip=1
0,1,0,1,0,1,0,1,0,1,0,1,0,1,0,1,0,1,0,1,0,1,0,1,0,1,0,1,0,1,0,1,0 | 12,55,12,55,12,55,12,55,12,55,12,55,12,55,12,55,12,55,12,55,12,55,12,55,12,55,12,55,12,55,12,42,4 | S=(0,0);(0,1) | I=(30,0) | sp=885,1 | ip=1
0,1,0,1,0,1,0,1,0,1,0,1,0,1,0,1,0,1,0,1,0,1,0,1,0,1,0,1,0,1,0,1,0 | 12,55,12,55,12,55,12,55,12,55,12,55,12,55,12,55,12,55,12,55,12,55,12,55,12,55,12,55,12,55,12,42,4 | S=(0,0);(0,1) | I=(30,0) | sp=24,1 | ip=1
0,1,0,1,0,1,0,1,0,1,0,1,0,1,0,1,0,1,0,1,0,1,0,1,0,1,0,1,0,1,0,1,0 | 12,55,12,55,12,55,12,55,12,55,12,55,12,55,12,55,12,55,12,55,12,55,12,55,12,55,12,55,12,55,12,42,4 | S=(0,0);(0,1) | I=(30,0) | sp=24,882 | ip=1
0,1,0,1,0,1,0,1,0,1,0,1,0,1,0,1,0,1,0,1,0,1,0,1,0,1,0,1,0,1,0,1,0 | 12,55,12,55,12,55,12,55,12,55,12,55,12,55,12,55,12,55,12,55,12,55,12,55,12,55,12,55,12,55,12,42,4 | S=(0,0);(0,1) | I=(30,0) | sp=93,1 | ip=1
0,1,0,1,0,1,0,1,0,1,0,1,0,1,0,1,0,1,0,1,0,1,0,1,0,1,0,1,0,1,0,1,0 | 12,55,12,55,12,55,12,55,12,55,12,55,12,55,12,55,12,55,12,55,12,55,12,55,12,55,12,55,12,55,12,42,4 | S=(0,0);(0,1) | I=(30,0) | sp=93,882 | ip=1
0,1,0,1,0,1,0,1,0,1,0,1,0,1,0,1,0,1,0,1,0,1,0,1,0,1,0,1,0,1,0,1,0 | 12,55,12,55,12,55,12,55,12,55,12,55,12,55,12,55,12,55,12,55,12,55,12,55,12,55,12,55,12,55,12,42,4 | S=(0,0);(0,1) | I=(30,0) | sp=96,1 | ip=1
0,1,0,1,0,1,0,1,0,1,0,1,0,1,0,1,0,1,0,1,0,1,0,1,0,1,0,1,0,1,0,1,0 | 12,55,12,55,12,55,12,55,12,55,12,55,12,55,12,55,12,55,12,55,12,55,12,55,12,55,12,55,12,55,12,42,4 | S=(0,0);(0,1) | I=(30,0) | sp=35,1 | ip=1
0,1,0,1,0,1,0,1,0,1,0,1,0,1,0,1,0,1,0,1,0,1,0,1,0,1,0,1,0,1,0,1,0 | 12,55,12,55,12,55,12,55,12,55,12,55,12,55,12,55,12,55,12,55,12,55,12,55,12,55,12,55,12,55,12,42,4 | S=(0,0);(0,1) | I=(30,0) | sp=45,1 | ip=1
0,1,0,1,0,1,0,1,0,1,0,1,0,1,0,1,0,1,0,1,0,1,0,1,0,1,0,1,0,1,0,1,0 | 12,55,12,55,12,55,12,55,12,55,12,55,12,55,12,55,12,55,12,55,12,55,12,55,12,55,12,55,12,55,12,42,4 | S=(0,0);(0,1) | I=(30,0) | sp=55,1 | ip=1
0,1,0,1,0,1,0,1,0,1,0,1,0,1,0,1,0,1,0,1,0,1,0,1,0,1,0,1,0,1,0,1,0 | 12,55,12,55,12,55,12,55,12,55,12,55,12,55,12,55,12,55,12,55,12,55,12,55,12,55,12,55,12,55,12,42,4 | S=(0,0);(0,1) | I=(30,0) | sp=99930,1 | ip=1
0,1,0,1,0,1,0,1,0,1,0,1,0,1,0,1,0,1,0,1,0,1,0,1,0,1,0,1,0,1,0,1,0 | 12,55,12,55,12,55,12,55,12,55,12,55,12,55,12,55,12,55,12,55,12,55,12,55,12,55,12,55,12,55,12,42,4 | S=(0,0);(0,1) | I=(30,0) | sp=9912,1 | ip=1
0,1,0,1,0,1,0,1,0,1,0,1,0,1,0,1,0,1,0,1,0,1,0,1,0,1,0,1,0,1,0,1,0 | 12,55,12,55,12,55,12,55,12,55,12,55,12,55,12,55,12,55,12,55,12,55,12,55,12,55,12,55,12,55,12,42,4 | S=(0,0);(0,1) | I=(30,0) | sp=918,1 | ip=1
0,1,0,1,0,1,0,1,0,1,0,1,0,1,0,1,0,1,0,1,0,1,0,1,0,1,0,1,0,1,0,1,0 | 12,55,12,55,12,55,12,55,12,55,12,55,12,55,12,55,12,55,12,55,12,55,12,55,12,55,12,55,12,55,12,42,4 | S=(0,0);(0,1) | I=(30,0) | sp=920,1 | ip=1
0,1,0,1,0,1,0,1,0,1,0,1,0,1,0,1,0,1,0,1,0,1,0,1,0,1,0,1,0,1,0,1,0 | 12,55,12,55,12,55,12,55,12,55,12,55,12,55,12,55,12,55,12,55,12,55,12,55,12,55,12,55,12,55,12,42,4 | S=(0,0);(0,1) | I=(30,0) | sp=921,1 | ip=1
0,1,0,1,0,1,0,1,0,1,0,1,0,1,0,1,0,1,0,1,0,1,0,1,0,1,0,1,0,1,0,1,0 | 12,55,12,55,12,55,12,55,12,55,12,55,12,55,12,55,12,55,12,55,12,55,12,55,12,55,12,55,12,55,12,42,4 | S=(0,0);(0,1) | I=(30,0) | sp=922,1 | ip=1
0,1,0,1,0,1,0,1,0,1,0,1,0,1,0,1,0,1,0,1,0,1,0,1,0,1,0,1,0,1,0,1,0 | 12,55,12,55,12,55,12,55,12,55,12,55,12,55,12,55,12,55,12,55,12,55,12,55,12,55,12,55,12,55,12,42,4 | S=(0,0);(0,1) | I=(30,0) | sp=945,1 | ip=1
