0,1,0,1,0,1,0 | 8,33,8,33,8,33,6 | S=(0,0);(0,1);(6,2) | I=(2,0) | sp=1,1,1 | ip=1
0,1,0,1,0,1,0 | 8,33,8,33,8,33,7 | S=(0,0);(0,1);(6,2) | I=(2,0) | sp=1,1,882 | ip=1
0,1,0,1,0,1,0 | 8,33,8,33,8,33,8 | S=(0,0);(0,1);(6,2) | I=(2,0) | sp=1,1,883 | ip=1
0,1,0,1,0,1,0 | 8,33,8,33,8,33,8 | S=(0,0);(0,1);(6,2) | I=(2,0) | sp=1,1,23 | ip=1
0,1,0,1,0,1,0 | 8,33,8,33,8,33,8 | S=(0,0);(0,1);(6,2) | I=(2,0) | sp=1,1,33 | ip=1
0,1,0,1,0,1,0 | 8,45,12,55,12,42,4 | S=(0,0);(0,1);(6,2) | I=(2,0) | sp=1,1,1 | ip=1
0,1,0,1,0,1,0 | 12,55,12,55,12,42,4 | S=(0,0);(0,1);(6,2) | I=(2,0) | sp=1,884,1 | ip=1
0,1,0,1,0,1,0 | 12,55,12,55,12,42,4 | S=(0,0);(0,1);(6,2) | I=(2,0) | sp=1,24,1 | ip=1
0,1,0,1,0,1,0 | 12,55,12,55,12,42,4 | S=(0,0);(0,1);(6,2) | I=(2,0) | sp=882,883,1 | ip=1
0,1,0,1,0,1,0 | 12,55,12,55,12,42,4 | S=(0,0);(0,1);(6,2) | I=(2,0) | sp=883,882,1 | ip=1
0,1,0,1,0,1,0 | 12,55,12,55,12,42,4 | S=(0,0);(0,1);(6,2) | I=(2,0) | sp=884,1,1 | ip=1
0,1,0,1,0,1,0 | 12,55,12,55,12,42,4 | S=(0,0);(0,1);(6,2) | I=(2,0) | sp=24,1,1 | ip=1
0,1,0,1,0,1,0 | 12,55,12,55,12,53,6 | S=(0,0);(0,1);(6,2) | I=(2,0) | sp=1,882,912 | ip=1
0,1,0,1,0,1,0 | 12,55,12,55,12,53,6 | S=(0,0);(0,1);(6,2) | I=(2,0) | sp=1,883,1 | ip=1
0,1,0,1,0,1,0 | 12,55,12,55,12,53,6 | S=(0,0);(0,1);(6,2) | I=(2,0) | sp=882,1,912 | ip=1
0,1,0,1,0,1,0 | 12,55,12,55,12,53,6 | S=(0,0);(0,1);(6,2) | I=(2,0) | sp=882,882,1 | ip=1
0,1,0,1,0,1,0 | 12,55,12,55,12,53,6 | S=(0,0);(0,1);(6,2) | I=(2,0) | sp=883,1,1 | ip=1
0,1,0,1,0,1,0 | 12,55,12,55,12,54,7 | S=(0,0);(0,1);(6,2) | I=(2,0) | sp=1,883,1 | ip=1
0,1,0,1,0,1,0 | 12,55,12,55,12,54,7 | S=(0,0);(0,1);(6,2) | I=(2,0) | sp=882,882,1 | ip=1
0,1,0,1,0,1,0 | 12,55,12,55,12,54,7 | S=(0,0);(0,1);(6,2) | I=(2,0) | sp=883,1,1 | ip=1
0,1,0,1,0,1,0 | 12,55,12,55,12,54,8 | S=(0,0);(0,1);(6,2) | I=(2,0) | sp=1,1,98 | ip=1
0,1,0,1,0,1,0 | 12,55,12,55,12,54,8 | S=(0,0);(0,1);(6,2) | I=(2,0) | sp=1,882,97 | ip=1
0,1,0,1,0,1,0 | 12,55,12,55,12,54,8 | S=(0,0);(0,1);(6,2) | I=(2,0) | sp=1,883,882 | ip=1
0,1,0,1,0,1,0 | 12,55,12,55,12,54,8 | S=(0,0);(0,1);(6,2) | I=(2,0) | sp=1,93,1 | ip=1
0,1,0,1,0,1,0 | 12,55,12,55,12,54,8 | S=(0,0);(0,1);(6,2) | I=(2,0) | sp=882,1,97 | ip=1
0,1,0,1,0,1,0 | 12,55,12,55,12,54,8 | S=(0,0);(0,1);(6,2) | I=(2,0) | sp=882,882,882 | ip=1
0,1,0,1,0,1,0 | 12,55,12,55,12,54,8 | S=(0,0);(0,1);(6,2) | I=(2,0) | sp=883,1,882 | ip=1
0,1,0,1,0,1,0 | 12,55,12,55,12,54,8 | S=(0,0);(0,1);(6,2) | I=(2,0) | sp=93,1,1 | ip=1
0,1,0,1,0,1,0 | 12,55,12,55,12,55,8 | S=(0,0);(0,1);(6,2) | I=(2,0) | sp=1,883,1 | ip=1
0,1,0,1,0,1,0 | 12,55,12,55,12,55,8 | S=(0,0);(0,1);(6,2) | I=(2,0) | sp=882,882,1 | ip=1
0,1,0,1,0,1,0 | 12,55,12,55,12,55,8 | S=(0,0);(0,1);(6,2) | I=(2,0) | sp=883,1,1 | ip=1
0,1,0,1,0,1,0 | 12,55,12,55,12,55,12 | S=(0,0);(0,1);(6,2) | I=(2,0) | sp=1,882,947 | ip=1
0,1,0,1,0,1,0 | 12,55,12,55,12,55,12 | S=(0,0);(0,1);(6,2) | I=(2,0) | sp=1,883,885 | ip=1
0,1,0,1,0,1,0 | 12,55,12,55,12,55,12 | S=(0,0);(0,1);(6,2) | I=(2,0) | sp=1,883,96 | ip=1
0,1,0,1,0,1,0 | 12,55,12,55,12,55,12 | S=(0,0);(0,1);(6,2) | I=(2,0) | sp=1,883,35 | ip=1
0,1,0,1,0,1,0 | 12,55,12,55,12,55,12 | S=(0,0);(0,1);(6,2) | I=(2,0) | sp=1,883,45 | ip=1
0,1,0,1,0,1,0 | 12,55,12,55,12,55,12 | S=(0,0);(0,1);(6,2) | I=(2,0) | sp=1,883,55 | ip=1
0,1,0,1,0,1,0 | 12,55,12,55,12,55,12 | S=(0,0);(0,1);(6,2) | I=(2,0) | sp=1,883,99930 | ip=1
0,1,0,1,0,1,0 | 12,55,12,55,12,55,12 | S=(0,0);(0,1);(6,2) | I=(2,0) | sp=1,883,945 | ip=1
0,1,0,1,0,1,0 | 12,55,12,55,12,55,12 | S=(0,0);(0,1);(6,2) | I=(2,0) | sp=1,93,884 | ip=1
0,1,0,1,0,1,0 | 12,55,12,55,12,55,12 | S=(0,0);(0,1);(6,2) | I=(2,0) | sp=1,93,24 | ip=1
0,1,0,1,0,1,0 | 12,55,12,55,12,55,12 | S=(0,0);(0,1);(6,2) | I=(2,0) | sp=882,1,947 | ip=1
0,1,0,1,0,1,0 | 12,55,12,55,12,55,12 | S=(0,0);(0,1);(6,2) | I=(2,0) | sp=882,882,885 | ip=1
0,1,0,1,0,1,0 | 12,55,12,55,12,55,12 | S=(0,0);(0,1);(6,2) | I=(2,0) | sp=882,882,96 | ip=1
0,1,0,1,0,1,0 | 12,55,12,55,12,55,12 | S=(0,0);(0,1);(6,2) | I=(2,0) | sp=882,882,35 | ip=1
0,1,0,1,0,1,0 | 12,55,12,55,12,55,12 | S=(0,0);(0,1);(6,2) | I=(2,0) | sp=882,882,45 | ip=1
0,1,0,1,0,1,0 | 12,55,12,55,12,55,12 | S=(0,0);(0,1);(6,2) | I=(2,0) | sp=882,882,55 | ip=1
0,1,0,1,0,1,0 | 12,55,12,55,12,55,12 | S=(0,0);(0,1);(6,2) | I=(2,0) | sp=882,882,99930 | ip=1
0,1,0,1,0,1,0 | 12,55,12,55,12,55,12 | S=(0,0);(0,1);(6,2) | I=(2,0) | sp=882,882,945 | ip=1
0,1,0,1,0,1,0 | 12,55,12,55,12,55,12 | S=(0,0);(0,1);(6,2) | I=(2,0) | sp=883,1,885 | ip=1
0,1,0,1,0,1,0 | 12,55,12,55,12,55,12 | S=(0,0);(0,1);(6,2) | I=(2,0) | sp=883,1,96 | ip=1
0,1,0,1,0,1,0 | 12,55,12,55,12,55,12 | S=(0,0);(0,1);(6,2) | I=(2,0) | sp=883,1,35 | ip=1
0,1,0,1,0,1,0 | 12,55,12,55,12,55,12 | S=(0,0);(0,1);(6,2) | I=(2,0) | sp=883,1,45 | ip=1
0,1,0,1,0,1,0 | 12,55,12,55,12,55,12 | S=(0,0);(0,1);(6,2) | I=(2,0) | sp=883,1,55 | ip=1
0,1,0,1,0,1,0 | 12,55,12,55,12,55,12 | S=(0,0);(0,1);(6,2) | I=(2,0) | sp=883,1,99930 | ip=1
0,1,0,1,0,1,0 | 12,55,12,55,12,55,12 | S=(0,0);(0,1);(6,2) | I=(2,0) | sp=883,1,945 | ip=1
0,1,0,1,0,1,0 | 12,55,12,55,12,55,12 | S=(0,0);(0,1);(6,2) | I=(2,0) | sp=93,1,884 | ip=1
0,1,0,1,0,1,0 | 12,55,12,55,12,55,12 | S=(0,0);(0,1);(6,2) | I=(2,0) | sp=93,1,24 | ip=1
